0 0.146875 0.4234375 0.14375 0.08125
0 0.7390625 0.77890625 0.178125 0.1296875
0 0.95703125 0.38671875 0.0859375 0.0546875
0 0.95859375 0.68125 0.0828125 0.0859375
0 0.2890625 0.96875 0.1296875 0.0625
0 0.503125 0.68203125 0.1671875 0.071875
0 0.52890625 0.95234375 0.078125 0.0953125
0 0.5328125 0.88359375 0.0703125 0.06875
0 0.3359375 0.45546875 0.1828125 0.0625
0 0.190625 0.2953125 0.1234375 0.059375
0 0.14453125 0.21171875 0.1046875 0.0546875
0 0.62578125 0.52578125 0.14375 0.0484375
0 0.9484375 0.4921875 0.103125 0.05
0 0.74375 0.6015625 0.1453125 0.06875
0 0.58046875 0.4609375 0.128125 0.0390625
0 0.8953125 0.91796875 0.1078125 0.1
0 0.9 0.77109375 0.071875 0.0859375
0 0.21796875 0.8875 0.1578125 0.0625
0 0.51328125 0.43046875 0.0859375 0.0546875
0 0.24296875 0.3921875 0.0875 0.046875
0 0.43125 0.1875 0.14375 0.040625
0 0.83828125 0.51796875 0.0828125 0.059375
0 0.69296875 0.3828125 0.1140625 0.040625
0 0.8046875 0.92421875 0.0984375 0.053125
0 0.9734375 0.87109375 0.053125 0.071875
0 0.3921875 0.3515625 0.1171875 0.0640625
0 0.415625 0.7953125 0.0578125 0.0859375
0 0.965625 0.76015625 0.06875 0.0796875
0 0.10859375 0.59453125 0.1359375 0.1296875
0 0.71796875 0.42265625 0.0578125 0.0671875
0 0.79140625 0.54453125 0.06875 0.0453125
0 0.24375 0.21015625 0.134375 0.0421875
0 0.52734375 0.2484375 0.184375 0.05
0 0.1296875 0.76875 0.0953125 0.059375
0 0.95078125 0.21484375 0.09375 0.040625
0 0.50078125 0.06171875 0.0546875 0.0734375
0 0.7921875 0.4296875 0.096875 0.0609375
0 0.24375 0.25 0.134375 0.040625
0 0.61171875 0.0796875 0.065625 0.078125
0 0.32734375 0.1484375 0.1125 0.03125
0 0.52421875 0.77421875 0.075 0.1171875
0 0.546875 0.065625 0.059375 0.06875
0 0.2140625 0.0640625 0.0734375 0.0625
0 0.79140625 0.22734375 0.0609375 0.0625
0 0.13984375 0.65859375 0.0796875 0.090625
0 0.99453125 0.6203125 0.0109375 0.078125
0 0.90390625 0.4515625 0.08125 0.0359375
0 0.18828125 0.56328125 0.1046875 0.0796875
0 0.89609375 0.20703125 0.05 0.04375
0 0.72109375 0.88046875 0.0578125 0.0609375
0 0.059375 0.30078125 0.0765625 0.0515625
0 0.33828125 0.784375 0.071875 0.0671875
0 0.27578125 0.7625 0.0890625 0.075
0 0.8578125 0.32578125 0.109375 0.040625
0 0.32109375 0.30390625 0.084375 0.0421875
0 0.6375 0.29375 0.10625 0.040625
0 0.45703125 0.32109375 0.115625 0.071875
0 0.23359375 0.64609375 0.1265625 0.0671875
0 0.77109375 0.109375 0.05 0.0609375