0 0.61796875 0.83203125 0.18125 0.2859375
0 0.68984375 0.1265625 0.115625 0.253125
0 0.45078125 0.53046875 0.225 0.1
0 0.74375 0.6421875 0.2625 0.1515625
1 0.3734375 0.334375 0.071875 0.0828125
0 0.45 0.69609375 0.2671875 0.184375
0 0.6984375 0.47734375 0.25 0.1328125
0 0.8734375 0.16875 0.2328125 0.171875
1 0.2875 0.31796875 0.1109375 0.10625
0 0.6609375 0.36328125 0.0859375 0.1453125
0 0.4390625 0.375 0.1953125 0.10625
0 0.80234375 0.33359375 0.2078125 0.18125
1 0.371875 0.2078125 0.0984375 0.0875
0 0.44609375 0.1796875 0.1078125 0.16875
1 0.14296875 0.23359375 0.2625 0.2140625
1 0.5296875 0.1328125 0.0671875 0.0828125