0 0.34296875 0.834375 0.259375 0.3171875
0 0.20625 0.5640625 0.3046875 0.121875
0 0.1515625 0.7125 0.146875 0.078125
0 0.07421875 0.42421875 0.1484375 0.0984375
0 0.0671875 0.08046875 0.134375 0.096875
0 0.59921875 0.5703125 0.2171875 0.103125
0 0.11640625 0.3375 0.20625 0.0765625
0 0.0484375 0.85859375 0.096875 0.0875
0 0.91484375 0.7296875 0.103125 0.0859375
0 0.32109375 0.38515625 0.2046875 0.096875
0 0.18515625 0.25234375 0.10625 0.0484375
0 0.4765625 0.1421875 0.25625 0.0609375
0 0.0375 0.253125 0.075 0.0875
0 0.340625 0.028125 0.2421875 0.05625
0 0.69140625 0.1453125 0.1328125 0.046875
0 0.5703125 0.678125 0.0875 0.134375
0 0.8484375 0.5640625 0.125 0.0734375
0 0.740625 0.05625 0.11875 0.0671875
0 0.00703125 0.9484375 0.0140625 0.103125
0 0.628125 0.2078125 0.0984375 0.046875
0 0.825 0.8140625 0.196875 0.1921875
0 0.1765625 0.0296875 0.121875 0.059375
0 0.6453125 0.50078125 0.10625 0.065625
0 0.51875 0.50390625 0.1 0.059375
0 0.3765625 0.49375 0.18125 0.0828125
0 0.6625 0.396875 0.1765625 0.0953125
0 0.10703125 0.478125 0.1421875 0.0734375
0 0.68046875 0.01640625 0.1421875 0.0328125
0 0.93828125 0.54765625 0.0734375 0.075
0 0.69921875 0.82578125 0.1078125 0.1578125
0 0.80546875 0.6328125 0.1828125 0.0671875
0 0.55 0.94140625 0.1125 0.0859375
0 0.3578125 0.634375 0.0875 0.0625
0 0.92734375 0.46796875 0.103125 0.1
0 0.61640625 0.090625 0.0921875 0.040625
0 0.06171875 0.96875 0.1234375 0.0625
0 0.4203125 0.32578125 0.071875 0.0609375
0 0.92734375 0.665625 0.08125 0.0546875
0 0.16875 0.940625 0.1171875 0.10625
0 0.1390625 0.1796875 0.0515625 0.06875
0 0.00234375 0.73125 0.0046875 0.0734375
0 0.77734375 0.36328125 0.253125 0.2
0 0.928125 0.37734375 0.1109375 0.096875
0 0.853125 0.1734375 0.2234375 0.05
0 0.85 0.04296875 0.1546875 0.04375