0 0.440625 0.18125 0.35 0.2515625
0 0.93671875 0.7828125 0.1265625 0.0953125
0 0.76171875 0.8640625 0.2640625 0.146875
0 0.8234375 0.465625 0.3515625 0.2078125
0 0.36015625 0.7578125 0.2234375 0.19375
0 0.440625 0.5234375 0.1859375 0.125
0 0.94296875 0.209375 0.1140625 0.1359375
0 0.70234375 0.1734375 0.1828125 0.0609375
0 0.21171875 0.3984375 0.3 0.1625
0 0.20546875 0.21328125 0.09375 0.1
0 0.734375 0.66953125 0.2328125 0.2296875
0 0.45390625 0.61796875 0.071875 0.059375
0 0.034375 0.08515625 0.06875 0.1296875
0 0.65546875 0.66953125 0.3765625 0.2296875
0 0.7203125 0.0703125 0.08125 0.0546875