0 0.21640625 0.33046875 0.384375 0.146875
1 0.58046875 0.446875 0.178125 0.121875
0 0.8015625 0.55625 0.1515625 0.1359375
1 0.371875 0.1515625 0.221875 0.275
1 0.67890625 0.79609375 0.3015625 0.125
1 0.89921875 0.64375 0.1640625 0.1625
1 0.2984375 0.78359375 0.4015625 0.1375
1 0.54921875 0.28828125 0.2453125 0.153125
1 0.39375 0.48515625 0.1578125 0.1046875
1 0.7453125 0.68671875 0.134375 0.0953125
1 0.4578125 0.94296875 0.1390625 0.1140625
0 0.49453125 0.403125 0.0921875 0.0578125
1 0.35703125 0.6703125 0.0625 0.065625
1 0.63359375 0.6609375 0.1125 0.0875
1 0.61953125 0.896875 0.28125 0.1171875
1 0.296875 0.61328125 0.0921875 0.0453125
0 0.6140625 0.5890625 0.1 0.046875
0 0.44609375 0.56171875 0.0875 0.053125
1 0.3796875 0.553125 0.084375 0.0875
1 0.72265625 0.58203125 0.084375 0.084375
1 0.39609375 0.609375 0.046875 0.075
1 0.425 0.72890625 0.059375 0.0515625