0 0.16640625 0.31953125 0.2140625 0.3734375
0 0.5375 0.18359375 0.2953125 0.3625
0 0.14453125 0.83828125 0.2015625 0.3234375
0 0.775 0.69921875 0.2734375 0.2734375
0 0.903125 0.54765625 0.19375 0.2578125
0 0.49453125 0.75546875 0.3671875 0.3765625
0 0.53125 0.41875 0.1015625 0.1796875
0 0.80625 0.06015625 0.10625 0.1109375
0 0.1578125 0.09453125 0.15625 0.1890625
0 0.3 0.96328125 0.1625 0.0734375
0 0.28046875 0.54765625 0.0890625 0.1234375
0 0.61015625 0.4859375 0.08125 0.11875
0 0.32265625 0.1390625 0.1109375 0.275