0 0.1265625 0.68125 0.253125 0.3078125
0 0.203125 0.3484375 0.2203125 0.3484375
0 0.56796875 0.39921875 0.215625 0.246875
0 0.80859375 0.68671875 0.3078125 0.228125
0 0.8484375 0.8984375 0.303125 0.203125
0 0.3625 0.43203125 0.1859375 0.2140625
0 0.2921875 0.68125 0.171875 0.2375
0 0.57421875 0.87734375 0.2359375 0.2453125
0 0.46953125 0.7390625 0.24375 0.153125
0 0.6375 0.5953125 0.1671875 0.1953125
1 0.4875 0.14453125 0.1671875 0.2359375
1 0.05859375 0.4921875 0.1171875 0.1171875
0 0.44375 0.50859375 0.1265625 0.075
0 0.57109375 0.54765625 0.1265625 0.06875
1 0.47578125 0.29921875 0.11875 0.0890625