0 0.38046875 0.17578125 0.1765625 0.3
0 0.86796875 0.68984375 0.2640625 0.284375
0 0.66875 0.39921875 0.2140625 0.2875
0 0.20703125 0.221875 0.121875 0.2921875
0 0.509375 0.47578125 0.109375 0.14375
0 0.57421875 0.78671875 0.16875 0.259375
0 0.4265625 0.415625 0.0921875 0.11875
0 0.19765625 0.66875 0.11875 0.2453125
0 0.33125 0.315625 0.1125 0.1734375
0 0.62109375 0.25078125 0.1546875 0.178125
0 0.31328125 0.45625 0.090625 0.1453125
0 0.159375 0.903125 0.1578125 0.184375
0 0.20078125 0.43359375 0.0703125 0.109375
0 0.43515625 0.61328125 0.0890625 0.1171875
0 0.05703125 0.31015625 0.090625 0.2359375
0 0.38359375 0.9171875 0.1453125 0.165625
0 0.29765625 0.60078125 0.090625 0.0984375
0 0.5890625 0.11484375 0.0828125 0.1453125
0 0.14765625 0.45625 0.0609375 0.109375
0 0.4046875 0.79453125 0.08125 0.2015625
0 0.61015625 0.9671875 0.1375 0.065625
0 0.659375 0.69453125 0.0671875 0.10625
0 0.26328125 0.42734375 0.0546875 0.0953125
0 0.11328125 0.73125 0.0671875 0.10625