0 0.19375 0.25703125 0.2640625 0.2640625
0 0.76640625 0.88203125 0.31875 0.1875
0 0.47109375 0.4734375 0.171875 0.2640625
0 0.41171875 0.79375 0.196875 0.284375
0 0.58828125 0.78671875 0.2796875 0.3921875
0 0.7828125 0.04296875 0.1921875 0.0859375
0 0.45390625 0.125 0.0859375 0.1359375
0 0.88359375 0.26875 0.146875 0.225
0 0.69609375 0.40859375 0.1109375 0.1796875
0 0.91015625 0.6375 0.1796875 0.3234375
0 0.96953125 0.0921875 0.0609375 0.184375
0 0.20703125 0.0140625 0.2046875 0.028125
0 0.31640625 0.55625 0.0671875 0.0953125
0 0.50546875 0.20859375 0.121875 0.125
0 0.75625 0.571875 0.1203125 0.1671875