0 0.16171875 0.25703125 0.3125 0.265625
1 0.8625 0.70390625 0.240625 0.1703125
0 0.38359375 0.17734375 0.1796875 0.3171875
0 0.29765625 0.46875 0.265625 0.2609375
0 0.90625 0.23203125 0.1875 0.2203125
0 0.76015625 0.5765625 0.1546875 0.1390625
0 0.46796875 0.50078125 0.1375 0.2140625
0 0.51640625 0.31171875 0.1359375 0.18125
0 0.6125 0.540625 0.1109375 0.18125
0 0.74765625 0.434375 0.11875 0.1421875
0 0.86015625 0.41953125 0.1859375 0.1984375
0 0.7578125 0.18046875 0.1453125 0.2671875
0 0.66640625 0.3109375 0.15625 0.14375
1 0.65859375 0.74375 0.1546875 0.2
0 0.57265625 0.63046875 0.19375 0.1625
1 0.8140625 0.8921875 0.2125 0.215625