0 0.53671875 0.209375 0.1375 0.1
0 0.8390625 0.75546875 0.1875 0.121875
0 0.93671875 0.6546875 0.0921875 0.18125
0 0.79375 0.228125 0.15 0.090625
0 0.525 0.3890625 0.0875 0.08125
0 0.04609375 0.2875 0.0921875 0.075
0 0.48671875 0.61328125 0.15625 0.0765625
0 0.80390625 0.66015625 0.1046875 0.09375
0 0.40078125 0.35703125 0.125 0.09375
0 0.95859375 0.196875 0.078125 0.078125
0 0.1828125 0.05390625 0.15 0.090625
0 0.71796875 0.35 0.14375 0.0640625
0 0.4078125 0.14375 0.09375 0.0859375
0 0.2828125 0.9015625 0.1390625 0.1609375
0 0.33515625 0.715625 0.246875 0.1640625
0 0.53515625 0.728125 0.1125 0.09375
0 0.1 0.22109375 0.1234375 0.0609375
0 0.18046875 0.3578125 0.125 0.0546875
0 0.1921875 0.2921875 0.1609375 0.0625
0 0.975 0.3203125 0.034375 0.059375
0 0.02265625 0.07890625 0.0453125 0.0734375
0 0.22265625 0.21640625 0.1359375 0.0625
0 0.89296875 0.9734375 0.153125 0.053125
0 0.346875 0.59140625 0.146875 0.078125
0 0.38046875 0.25546875 0.146875 0.078125
0 0.79609375 0.4875 0.1140625 0.13125
0 0.17890625 0.7296875 0.1515625 0.140625
0 0.1921875 0.3171875 0.15625 0.09375
0 0.434375 0.453125 0.15 0.059375
0 0.44765625 0.375 0.240625 0.109375
0 0.31640625 0.08515625 0.0859375 0.059375
0 0.88125 0.0859375 0.0734375 0.034375
0 0.40390625 0.5078125 0.14375 0.0671875
0 0.146875 0.503125 0.24375 0.1203125