0 0.8703125 0.5703125 0.259375 0.1609375
0 0.7078125 0.37109375 0.2265625 0.159375
1 0.23046875 0.8015625 0.2734375 0.2640625
0 0.48203125 0.31875 0.2109375 0.1234375
1 0.5125 0.121875 0.175 0.24375
0 0.5796875 0.68046875 0.175 0.1390625
0 0.44765625 0.48203125 0.159375 0.271875
0 0.70390625 0.63515625 0.0875 0.18125
0 0.45234375 0.83125 0.1734375 0.290625
0 0.32109375 0.5515625 0.2 0.2953125
1 0.67578125 0.08359375 0.1828125 0.1203125
1 0.7375 0.19296875 0.259375 0.165625
0 0.69921875 0.4734375 0.084375 0.1359375
1 0.7828125 0.6671875 0.0953125 0.090625