0 0.8859375 0.64921875 0.228125 0.2265625
0 0.21015625 0.6921875 0.3203125 0.2484375
1 0.89140625 0.41015625 0.2171875 0.23125
0 0.7453125 0.67734375 0.0890625 0.2234375
0 0.43359375 0.7859375 0.1171875 0.2734375
1 0.53828125 0.46875 0.2375 0.1484375
0 0.48984375 0.34453125 0.1859375 0.1484375
1 0.5328125 0.1265625 0.1671875 0.1953125
1 0.615625 0.75703125 0.265625 0.1296875
1 0.59765625 0.9375 0.1515625 0.125
0 0.29921875 0.56015625 0.2375 0.175
1 0.72578125 0.4734375 0.134375 0.2203125
1 0.7328125 0.93046875 0.1859375 0.1390625