0 0.109375 0.44921875 0.1453125 0.0765625
0 0.2421875 0.29765625 0.1140625 0.0640625
0 0.246875 0.57734375 0.125 0.065625
0 0.4828125 0.44375 0.090625 0.125
0 0.359375 0.671875 0.1453125 0.053125
0 0.47578125 0.84765625 0.0875 0.0984375
0 0.61015625 0.09375 0.128125 0.1171875
0 0.884375 0.49921875 0.0890625 0.090625
0 0.234375 0.46484375 0.1484375 0.1171875
0 0.57109375 0.60703125 0.1171875 0.11875
0 0.6046875 0.7 0.1734375 0.065625
0 0.55 0.34296875 0.134375 0.05
0 0.6953125 0.3578125 0.065625 0.05625
0 0.39296875 0.590625 0.1328125 0.05
0 0.89921875 0.14296875 0.078125 0.0671875
0 0.4171875 0.79921875 0.0875 0.071875
0 0.21640625 0.35 0.06875 0.06875
0 0.27734375 0.22734375 0.1359375 0.0453125
0 0.809375 0.39296875 0.0703125 0.05
0 0.50234375 0.21484375 0.1609375 0.05625
0 0.6953125 0.509375 0.1546875 0.0484375
0 0.30078125 0.1046875 0.0765625 0.0828125
0 0.73671875 0.1796875 0.075 0.0703125
0 0.96171875 0.22890625 0.0765625 0.0515625
0 0.6140625 0.39765625 0.115625 0.05
0 0.4046875 0.50234375 0.1046875 0.046875
0 0.521875 0.51484375 0.1328125 0.0640625
0 0.91015625 0.378125 0.1328125 0.0515625
0 0.34921875 0.31875 0.115625 0.0390625
0 0.40234375 0.35625 0.153125 0.0359375
0 0.46171875 0.1421875 0.0703125 0.053125
0 0.85 0.23671875 0.075 0.05625
0 0.434375 0.7203125 0.0875 0.04375
0 0.171875 0.01171875 0.159375 0.021875
0 0.578125 0.23671875 0.115625 0.040625