0 0.93125 0.48359375 0.075 0.1375
0 0.87734375 0.2359375 0.071875 0.128125
0 0.51875 0.7234375 0.1625 0.221875
0 0.79765625 0.8390625 0.075 0.196875
0 0.296875 0.578125 0.2171875 0.1984375
0 0.7296875 0.7 0.0578125 0.1078125
0 0.60859375 0.1078125 0.0875 0.16875
0 0.63984375 0.7953125 0.1296875 0.2546875
0 0.834375 0.05 0.046875 0.0328125
0 0.26484375 0.92734375 0.0765625 0.134375
0 0.4140625 0.83515625 0.0828125 0.184375
0 0.146875 0.3796875 0.1234375 0.1234375
0 0.65234375 0.3765625 0.1296875 0.1734375
0 0.09453125 0.71953125 0.1890625 0.1890625
0 0.54921875 0.55703125 0.0796875 0.184375
0 0.74765625 0.38984375 0.0703125 0.096875
0 0.30703125 0.32734375 0.2765625 0.2015625
0 0.45390625 0.0734375 0.1421875 0.115625
0 0.71640625 0.15234375 0.0625 0.1859375
0 0.2171875 0.81328125 0.2328125 0.196875
0 0.4265625 0.3125 0.165625 0.228125
0 0.48359375 0.996875 0.0734375 0.00625
0 0.84375 0.37890625 0.0796875 0.1359375
0 0.81640625 0.51875 0.0609375 0.1953125
0 0.44609375 0.53203125 0.1109375 0.2171875
0 0.58203125 0.29453125 0.1265625 0.1359375
0 0.97421875 0.06328125 0.0515625 0.0484375
0 0.9609375 0.24765625 0.053125 0.1484375
0 0.78046875 0.31484375 0.0609375 0.1015625
0 0.59296875 0.934375 0.0640625 0.13125
0 0.64765625 0.57109375 0.059375 0.1203125