0 0.9109375 0.4359375 0.178125 0.19375
0 0.66015625 0.4890625 0.240625 0.2109375
0 0.625 0.72578125 0.171875 0.275
0 0.7890625 0.69765625 0.1640625 0.1828125
0 0.76328125 0.8453125 0.15625 0.140625
0 0.56953125 0.30078125 0.115625 0.140625
0 0.20078125 0.51171875 0.1171875 0.1125
0 0.4765625 0.034375 0.084375 0.06875
0 0.74375 0.94140625 0.1828125 0.084375
0 0.45625 0.203125 0.1 0.2609375
0 0.5359375 0.21875 0.1515625 0.10625
0 0.04921875 0.54140625 0.0625 0.1984375
0 0.34921875 0.18515625 0.1921875 0.2484375
0 0.12265625 0.1703125 0.065625 0.1296875
0 0.92890625 0.84453125 0.1421875 0.2125
0 0.8234375 0.1984375 0.353125 0.396875
0 0.028125 0.20859375 0.0484375 0.1453125
0 0.228125 0.92890625 0.0828125 0.0828125
0 0.55859375 0.07890625 0.08125 0.1125
0 0.41953125 0.66484375 0.1078125 0.2890625
0 0.309375 0.94375 0.0609375 0.103125
0 0.9703125 0.51015625 0.059375 0.1578125
0 0.0921875 0.74609375 0.0625 0.1359375
0 0.0265625 0.23515625 0.046875 0.2046875
0 0.16640625 0.79609375 0.0734375 0.0875