0 0.54453125 0.85859375 0.2375 0.2640625
0 0.66875 0.56875 0.2453125 0.140625
0 0.76875 0.44609375 0.228125 0.14375
0 0.67265625 0.7078125 0.2265625 0.15625
0 0.51953125 0.1984375 0.1875 0.1671875
0 0.67578125 0.11328125 0.196875 0.2265625
0 0.44296875 0.56796875 0.2 0.1140625
0 0.43359375 0.29765625 0.1265625 0.15
0 0.40703125 0.45390625 0.1359375 0.18125
0 0.73203125 0.32421875 0.190625 0.1734375
1 0.28515625 0.2671875 0.2203125 0.2109375
0 0.26015625 0.465625 0.1875 0.1984375
1 0.8734375 0.17421875 0.196875 0.1734375
0 0.39921875 0.7078125 0.275 0.1671875
1 0.54140625 0.328125 0.075 0.0828125
1 0.10859375 0.3734375 0.175 0.1734375