0 0.8359375 0.64921875 0.1484375 0.2359375
0 0.50234375 0.3625 0.1234375 0.1296875
0 0.94921875 0.72421875 0.09375 0.2234375
0 0.1625 0.38671875 0.1328125 0.1453125
0 0.30390625 0.3890625 0.11875 0.159375
0 0.53359375 0.08359375 0.1359375 0.1671875
0 0.58125 0.303125 0.0953125 0.1796875
0 0.31015625 0.07578125 0.0578125 0.1296875
0 0.38828125 0.8953125 0.125 0.171875
0 0.10078125 0.1546875 0.2015625 0.2015625
0 0.39921875 0.1578125 0.1578125 0.196875
0 0.96328125 0.20859375 0.071875 0.1953125
0 0.13203125 0.9015625 0.1640625 0.184375
0 0.92109375 0.4640625 0.153125 0.2171875
0 0.446875 0.58125 0.1296875 0.1609375
0 0.875 0.171875 0.065625 0.10625
0 0.02578125 0.88125 0.0515625 0.2375
0 0.2578125 0.0671875 0.05625 0.1328125
0 0.79765625 0.3375 0.096875 0.159375
0 0.2765625 0.21171875 0.053125 0.0921875
0 0.6671875 0.85703125 0.159375 0.1359375
0 0.66640625 0.36953125 0.1125 0.159375
0 0.81171875 0.45625 0.1046875 0.1359375
0 0.953125 0.91875 0.0828125 0.05625
0 0.26875 0.790625 0.15625 0.209375
0 0.74140625 0.2015625 0.06875 0.1265625