0 0.6828125 0.75078125 0.1203125 0.109375
0 0.4046875 0.86640625 0.1265625 0.171875
0 0.80078125 0.8625 0.134375 0.10625
0 0.19296875 0.7328125 0.1 0.0703125
0 0.17265625 0.90390625 0.1203125 0.1921875
0 0.22109375 0.196875 0.090625 0.090625
0 0.04921875 0.665625 0.0984375 0.1125
0 0.1125 0.1921875 0.0640625 0.075
0 0.815625 0.3328125 0.203125 0.0765625
0 0.72265625 0.6265625 0.0859375 0.08125
0 0.92578125 0.74375 0.1328125 0.103125
0 0.8921875 0.9125 0.15 0.0734375
0 0.03671875 0.80703125 0.0734375 0.0796875
0 0.2921875 0.7421875 0.1125 0.059375
0 0.103125 0.47421875 0.20625 0.1046875
0 0.346875 0.59296875 0.15625 0.0828125
0 0.78515625 0.99296875 0.1546875 0.0140625
0 0.20390625 0.05546875 0.065625 0.06875
0 0.2890625 0.903125 0.1359375 0.0828125
0 0.5265625 0.91640625 0.1359375 0.096875
0 0.015625 0.9546875 0.03125 0.090625
0 0.84921875 0.4890625 0.0921875 0.0890625
0 0.79296875 0.5046875 0.08125 0.0703125
0 0.121875 0.61640625 0.1546875 0.0859375
0 0.9515625 0.9046875 0.0734375 0.084375
0 0.38203125 0.70859375 0.10625 0.05625
0 0.45703125 0.1265625 0.2203125 0.1484375
0 0.503125 0.96484375 0.0765625 0.0703125
0 0.73515625 0.68515625 0.084375 0.0421875
0 0.971875 0.540625 0.0453125 0.0953125
0 0.396875 0.3765625 0.109375 0.0546875
0 0.0140625 0.32578125 0.028125 0.0859375
0 0.8453125 0.40546875 0.125 0.065625
0 0.96328125 0.32578125 0.0671875 0.0625
0 0.38359375 0.1625 0.0640625 0.084375
0 0.90078125 0.65390625 0.1 0.04375
0 0.4265625 0.0484375 0.075 0.05625
0 0.62109375 0.64609375 0.071875 0.0578125
0 0.7828125 0.20234375 0.1203125 0.128125