0 0.38203125 0.19140625 0.178125 0.3828125
1 0.15234375 0.225 0.2828125 0.328125
0 0.64765625 0.49765625 0.0859375 0.190625
1 0.67578125 0.64765625 0.1765625 0.1640625
0 0.7921875 0.50703125 0.1546875 0.3015625
1 0.55546875 0.875 0.1234375 0.203125
0 0.72734375 0.1671875 0.1328125 0.334375
1 0.25859375 0.5765625 0.246875 0.4078125
0 0.409375 0.578125 0.1453125 0.325
0 0.46484375 0.28359375 0.0859375 0.234375
1 0.8828125 0.28125 0.234375 0.2984375
1 0.5265625 0.5609375 0.0765625 0.184375
1 0.6890625 0.875 0.1484375 0.2015625
1 0.49375 0.678125 0.1125 0.1375