0 0.13828125 0.33671875 0.2765625 0.284375
0 0.87578125 0.6171875 0.221875 0.225
0 0.28671875 0.48125 0.2 0.25625
0 0.57578125 0.68203125 0.3046875 0.215625
0 0.31171875 0.2 0.1875 0.2890625
0 0.846875 0.42734375 0.2546875 0.215625
1 0.76484375 0.12109375 0.228125 0.2421875
1 0.4703125 0.26171875 0.121875 0.1609375
0 0.4578125 0.46796875 0.14375 0.246875
1 0.6 0.4328125 0.1015625 0.209375
0 0.59375 0.215625 0.15625 0.14375
0 0.771875 0.29296875 0.184375 0.1421875
1 0.634375 0.109375 0.1578125 0.190625
1 0.79765625 0.8359375 0.2484375 0.2390625