0 0.90703125 0.21640625 0.1859375 0.228125
0 0.84140625 0.478125 0.19375 0.3
0 0.22265625 0.225 0.2375 0.2015625
0 0.5875 0.80625 0.3453125 0.2265625
0 0.66484375 0.440625 0.2078125 0.25625
0 0.32109375 0.51171875 0.2765625 0.20625
1 0.33203125 0.89609375 0.259375 0.1921875
0 0.71640625 0.19609375 0.15 0.228125
0 0.5734375 0.61171875 0.24375 0.153125
1 0.2453125 0.71484375 0.3140625 0.2015625
1 0.5015625 0.0859375 0.134375 0.140625
0 0.32890625 0.35625 0.128125 0.15
0 0.39296875 0.1890625 0.1046875 0.171875
1 0.79609375 0.278125 0.065625 0.10625
1 0.553125 0.14921875 0.1078125 0.09375
1 0.3359375 0.02578125 0.140625 0.0515625
1 0.96171875 0.42109375 0.075 0.2265625
1 0.365625 0.0984375 0.078125 0.0734375