0 0.24375 0.66171875 0.1625 0.15625
0 0.18125 0.5265625 0.2015625 0.109375
0 0.39140625 0.3109375 0.175 0.1
0 0.2171875 0.29921875 0.1890625 0.1
0 0.5234375 0.540625 0.1234375 0.15625
0 0.55703125 0.20546875 0.05625 0.053125
0 0.375 0.165625 0.0671875 0.0515625
0 0.31796875 0.2375 0.059375 0.0515625
0 0.390625 0.2390625 0.0546875 0.053125
0 0.4609375 0.371875 0.09375 0.05625
0 0.471875 0.1953125 0.065625 0.0609375
0 0.6640625 0.615625 0.059375 0.05625
0 0.85234375 0.57890625 0.075 0.059375
0 0.79453125 0.50625 0.071875 0.0515625
0 0.45859375 0.1125 0.0546875 0.0578125
0 0.6328125 0.5765625 0.059375 0.05625
0 0.69453125 0.553125 0.0625 0.05
0 0.81015625 0.54921875 0.0640625 0.046875
0 0.50390625 0.25546875 0.059375 0.05625
0 0.03984375 0.340625 0.0796875 0.084375
0 0.38671875 0.5484375 0.0875 0.0671875
0 0.95625 0.62421875 0.0828125 0.0625
0 0.8 0.4453125 0.0703125 0.0578125
0 0.3671875 0.09375 0.075 0.0546875
0 0.91953125 0.67578125 0.075 0.065625
0 0.3921875 0.4625 0.1203125 0.053125
0 0.87890625 0.37890625 0.0765625 0.065625
0 0.84140625 0.121875 0.0609375 0.053125
0 0.9515625 0.21640625 0.065625 0.0609375
0 0.58125 0.3234375 0.096875 0.053125
0 0.19921875 0.02890625 0.0890625 0.05
0 0.71015625 0.509375 0.059375 0.046875
0 0.7765625 0.3625 0.0625 0.05
0 0.41171875 0.4625 0.0828125 0.053125
0 0.60703125 0.0765625 0.05 0.071875
0 0.57578125 0.415625 0.06875 0.0625
0 0.9765625 0.56484375 0.046875 0.06875
0 0.85390625 0.03671875 0.0625 0.0734375
0 0.30078125 0.01171875 0.075 0.0234375
0 0.03046875 0.22734375 0.0609375 0.0375
0 0.64140625 0.51328125 0.0453125 0.0453125
0 0.5578125 0.05859375 0.0671875 0.0578125
0 0.5765625 0.40703125 0.065625 0.046875