0 0.76328125 0.8171875 0.321875 0.2734375
0 0.5046875 0.77734375 0.24375 0.2921875
1 0.52265625 0.06953125 0.2453125 0.1390625
0 0.06171875 0.66953125 0.1234375 0.2390625
0 0.36640625 0.6421875 0.2484375 0.175
0 0.59453125 0.46484375 0.2625 0.2640625
1 0.29453125 0.23984375 0.246875 0.1453125
0 0.73359375 0.61015625 0.2953125 0.1921875
0 0.18515625 0.64140625 0.165625 0.1984375
0 0.50859375 0.3140625 0.2546875 0.1765625
0 0.57265625 0.17265625 0.246875 0.1734375
1 0.1078125 0.32578125 0.1125 0.14375
0 0.2265625 0.459375 0.078125 0.1328125
0 0.27890625 0.33671875 0.1875 0.0984375
1 0.0171875 0.51640625 0.034375 0.0765625
0 0.090625 0.46953125 0.18125 0.1953125
0 0.2828125 0.53828125 0.13125 0.096875
1 0.37421875 0.5 0.128125 0.1078125