0 0.37109375 0.82734375 0.1953125 0.1484375
0 0.2828125 0.2484375 0.153125 0.1890625
0 0.11640625 0.3046875 0.196875 0.1640625
0 0.609375 0.79765625 0.29375 0.1515625
0 0.4640625 0.25703125 0.240625 0.184375
0 0.14921875 0.56015625 0.1546875 0.1796875
1 0.85390625 0.15234375 0.2875 0.1859375
0 0.60703125 0.653125 0.2390625 0.1328125
0 0.32265625 0.67890625 0.2765625 0.1390625
0 0.53359375 0.91875 0.2171875 0.1578125
0 0.16328125 0.40625 0.1890625 0.1265625
0 0.7734375 0.33828125 0.2765625 0.1796875
0 0.3953125 0.58671875 0.1109375 0.0640625
0 0.37578125 0.334375 0.1515625 0.125
0 0.27421875 0.56015625 0.1453125 0.1578125
0 0.2890625 0.46875 0.0796875 0.121875
0 0.61484375 0.434375 0.14375 0.1890625
0 0.57578125 0.47109375 0.21875 0.0921875
0 0.43125 0.44765625 0.059375 0.0921875
1 0.03828125 0.44765625 0.0765625 0.11875
0 0.62109375 0.13125 0.1890625 0.2625