0 0.48125 0.5421875 0.1640625 0.16875
0 0.10546875 0.3453125 0.109375 0.115625
0 0.90546875 0.58046875 0.078125 0.0890625
0 0.71171875 0.4765625 0.2328125 0.2171875
0 0.32421875 0.1140625 0.134375 0.2
0 0.21015625 0.65546875 0.228125 0.2640625
0 0.75234375 0.63046875 0.08125 0.103125
0 0.0765625 0.68359375 0.0703125 0.1171875
0 0.28671875 0.79296875 0.0734375 0.096875
0 0.63203125 0.71328125 0.071875 0.121875
0 0.16171875 0.478125 0.0984375 0.0859375
0 0.03671875 0.54375 0.0734375 0.0875
0 0.2796875 0.45703125 0.0953125 0.1828125
0 0.8453125 0.96796875 0.04375 0.0640625
0 0.66953125 0.15 0.190625 0.2375
0 0.58203125 0.95625 0.053125 0.0875
0 0.21796875 0.27578125 0.1515625 0.109375
0 0.91640625 0.49375 0.0671875 0.1
0 0.965625 0.43515625 0.040625 0.19375
0 0.4125 0.73203125 0.090625 0.0921875
0 0.896875 0.9625 0.0359375 0.075
0 0.865625 0.99921875 0.0359375 0.0015625
0 0.203125 0.03828125 0.1390625 0.0625
0 0.684375 0.96640625 0.0640625 0.0671875
0 0.3796875 0.375 0.0703125 0.171875
0 0.0921875 0.05234375 0.0890625 0.0984375
0 0.90703125 0.77578125 0.0484375 0.0921875
0 0.3421875 0.83515625 0.05 0.08125
0 0.02578125 0.43359375 0.0515625 0.0953125
0 0.9015625 0.828125 0.046875 0.0671875
0 0.02734375 0.71484375 0.0546875 0.1984375
0 0.85 0.753125 0.05625 0.0765625
0 0.05 0.1390625 0.0921875 0.0828125