0 0.7109375 0.575 0.1828125 0.2515625
0 0.35703125 0.17109375 0.2421875 0.3171875
0 0.2734375 0.4 0.2796875 0.1734375
0 0.53515625 0.32578125 0.2125 0.2265625
0 0.56875 0.82421875 0.16875 0.2140625
0 0.5609375 0.484375 0.221875 0.1390625
1 0.8734375 0.66171875 0.196875 0.196875
0 0.3484375 0.53828125 0.2078125 0.1578125
1 0.8890625 0.81875 0.153125 0.1796875
0 0.72265625 0.88125 0.1671875 0.2296875
0 0.34765625 0.8765625 0.203125 0.240625
1 0.13125 0.64296875 0.2625 0.1953125
0 0.48203125 0.75234375 0.153125 0.1109375
0 0.3203125 0.74296875 0.16875 0.1921875
0 0.52890625 0.5921875 0.14375 0.0703125