0 0.83984375 0.45390625 0.2765625 0.3625
0 0.56640625 0.8296875 0.21875 0.340625
0 0.23671875 0.375 0.1953125 0.2390625
0 0.15859375 0.759375 0.153125 0.2484375
0 0.615625 0.2078125 0.1828125 0.31875
0 0.353125 0.75078125 0.240625 0.25
0 0.48671875 0.4453125 0.1359375 0.1953125
0 0.24921875 0.9421875 0.1046875 0.115625
0 0.83359375 0.953125 0.1390625 0.0921875
0 0.79296875 0.20625 0.090625 0.10625
0 0.3921875 0.45546875 0.0625 0.075
0 0.85703125 0.7125 0.078125 0.1828125
0 0.91796875 0.0421875 0.1234375 0.0546875