0 0.53828125 0.7015625 0.1046875 0.153125
0 0.11953125 0.559375 0.121875 0.13125
0 0.41875 0.68515625 0.1484375 0.1921875
0 0.325 0.45859375 0.0796875 0.146875
0 0.25234375 0.325 0.06875 0.1984375
0 0.50703125 0.40390625 0.1296875 0.2015625
0 0.7375 0.16875 0.103125 0.128125
0 0.07734375 0.44140625 0.065625 0.1140625
0 0.68125 0.6609375 0.1453125 0.15
0 0.16484375 0.2828125 0.0484375 0.1359375
0 0.25 0.68125 0.1078125 0.1484375
0 0.53046875 0.0390625 0.090625 0.078125
0 0.6078125 0.2171875 0.0953125 0.121875
0 0.22421875 0.04140625 0.13125 0.0828125
0 0.82578125 0.68046875 0.0828125 0.0921875
0 0.28828125 0.8765625 0.0796875 0.090625
0 0.678125 0.82421875 0.078125 0.1390625
0 0.165625 0.4296875 0.046875 0.0796875
0 0.75625 0.6109375 0.0875 0.1234375
0 0.753125 0.7890625 0.078125 0.10625
0 0.51640625 0.21484375 0.0703125 0.0921875
0 0.5625 0.5234375 0.0640625 0.1328125
0 0.40859375 0.0953125 0.0546875 0.0703125
0 0.05078125 0.7984375 0.0921875 0.146875
0 0.43828125 0.221875 0.05 0.115625
0 0.15859375 0.709375 0.0484375 0.0859375
0 0.12890625 0.959375 0.0546875 0.071875
0 0.34609375 0.32890625 0.0515625 0.1671875
0 0.06796875 0.09609375 0.1359375 0.1703125
0 0.7109375 0.359375 0.0578125 0.1046875
0 0.2390625 0.56328125 0.0703125 0.1
0 0.36328125 0.0078125 0.1 0.015625
0 0.603125 0.7890625 0.0546875 0.1171875
0 0.2421875 0.45546875 0.040625 0.1046875
0 0.5921875 0.31171875 0.05 0.1015625
0 0.47578125 0.54140625 0.05 0.1015625
0 0.09921875 0.21015625 0.0828125 0.0359375
0 0.18359375 0.3 0.1 0.1671875
0 0.31171875 0.0390625 0.05 0.078125
0 0.821875 0.04140625 0.103125 0.0828125
0 0.0921875 0.8328125 0.0953125 0.1046875