1 0.63515625 0.5265625 0.2140625 0.1546875
0 0.6609375 0.07578125 0.1328125 0.1515625
0 0.9578125 0.52265625 0.084375 0.15
0 0.96953125 0.37421875 0.0609375 0.140625
0 0.33984375 0.321875 0.115625 0.1390625
0 0.52734375 0.04765625 0.096875 0.0953125
0 0.5640625 0.7203125 0.10625 0.0765625
0 0.8140625 0.43046875 0.1 0.11875
0 0.7015625 0.67578125 0.0546875 0.0890625
0 0.9 0.92421875 0.1203125 0.1234375
0 0.36796875 0.11640625 0.103125 0.0953125
0 0.96640625 0.2703125 0.0640625 0.071875
0 0.75546875 0.29921875 0.05625 0.1359375
0 0.7125 0.465625 0.065625 0.06875
0 0.48671875 0.32890625 0.0515625 0.0921875
0 0.38984375 0.03671875 0.0796875 0.0734375
0 0.50859375 0.478125 0.071875 0.1015625
0 0.37890625 0.478125 0.075 0.1203125
0 0.76796875 0.8796875 0.078125 0.128125
0 0.80625 0.2921875 0.159375 0.19375
0 0.16015625 0.20625 0.0546875 0.1171875
0 0.7515625 0.8796875 0.075 0.1265625
0 0.4953125 0.328125 0.046875 0.0875
0 0.82890625 0.290625 0.1109375 0.1921875