0 0.80546875 0.66875 0.3890625 0.29375
0 0.0875 0.57265625 0.1515625 0.1703125
0 0.34140625 0.178125 0.284375 0.1890625
1 0.103125 0.80078125 0.1765625 0.321875
0 0.559375 0.77421875 0.1953125 0.371875
0 0.09375 0.38671875 0.175 0.203125
0 0.4515625 0.38125 0.1421875 0.30625
1 0.396875 0.63046875 0.1390625 0.184375
0 0.634375 0.44296875 0.2375 0.2859375
0 0.3140625 0.39453125 0.128125 0.2453125
0 0.17421875 0.48125 0.078125 0.1578125
1 0.19609375 0.04921875 0.165625 0.0953125
1 0.23125 0.7984375 0.1390625 0.05
0 0.275 0.59453125 0.1390625 0.090625
0 0.08359375 0.1734375 0.1640625 0.19375
0 0.25703125 0.71015625 0.14375 0.1515625