0 0.4375 0.09921875 0.178125 0.165625
0 0.596875 0.18671875 0.234375 0.184375
0 0.81875 0.6421875 0.184375 0.225
0 0.34921875 0.409375 0.221875 0.175
0 0.0890625 0.8875 0.178125 0.165625
0 0.11015625 0.725 0.1828125 0.175
0 0.5671875 0.38046875 0.1640625 0.128125
0 0.33671875 0.23046875 0.26875 0.1390625
0 0.665625 0.56484375 0.1265625 0.140625
0 0.26484375 0.9140625 0.1671875 0.171875
0 0.28046875 0.6109375 0.140625 0.203125
0 0.734375 0.46875 0.1765625 0.1234375
0 0.5046875 0.48203125 0.18125 0.084375
0 0.55390625 0.7765625 0.109375 0.1578125
0 0.428125 0.825 0.18125 0.125
0 0.6703125 0.3109375 0.15 0.1453125
0 0.91171875 0.8453125 0.125 0.15
0 0.75859375 0.9375 0.209375 0.125
0 0.41015625 0.6125 0.08125 0.1453125
0 0.66328125 0.82734375 0.11875 0.1453125
0 0.4546875 0.7140625 0.078125 0.059375
0 0.3046875 0.80859375 0.0796875 0.0578125
0 0.2484375 0.7421875 0.0625 0.0796875
0 0.90859375 0.9609375 0.121875 0.078125
0 0.20703125 0.759375 0.053125 0.10625