0 0.4625 0.2234375 0.278125 0.3515625
0 0.78203125 0.88125 0.3359375 0.2375
1 0.15546875 0.67578125 0.3109375 0.1890625
0 0.515625 0.7828125 0.26875 0.25
0 0.8125 0.67109375 0.315625 0.165625
0 0.6390625 0.37734375 0.2125 0.1359375
0 0.3703125 0.69453125 0.14375 0.1953125
0 0.43359375 0.45703125 0.215625 0.1265625
0 0.28125 0.4953125 0.203125 0.184375
0 0.67890625 0.56328125 0.1515625 0.134375
1 0.72421875 0.41796875 0.178125 0.121875
1 0.66875 0.17578125 0.2390625 0.3125
0 0.6 0.46953125 0.103125 0.046875