0 0.8703125 0.49140625 0.1984375 0.315625
0 0.37265625 0.1546875 0.2109375 0.2875
0 0.21796875 0.48515625 0.2390625 0.36875
0 0.74453125 0.18671875 0.203125 0.3203125
0 0.375 0.5828125 0.21875 0.3859375
0 0.9140625 0.2125 0.171875 0.35625
0 0.67578125 0.78671875 0.159375 0.409375
0 0.4765625 0.27421875 0.1125 0.1703125
1 0.13671875 0.13984375 0.2734375 0.2796875
0 0.55859375 0.78125 0.128125 0.1734375
0 0.7421875 0.484375 0.0859375 0.196875
0 0.67734375 0.275 0.1234375 0.2078125
0 0.5703125 0.53125 0.153125 0.128125
1 0.7328125 0.928125 0.125 0.14375