0 0.53125 0.8484375 0.175 0.2671875
0 0.46015625 0.259375 0.140625 0.1671875
0 0.434375 0.67890625 0.1984375 0.1421875
0 0.27265625 0.40546875 0.18125 0.190625
0 0.14765625 0.2515625 0.2703125 0.196875
0 0.6171875 0.5453125 0.15 0.0921875
0 0.45703125 0.5453125 0.165625 0.1140625
0 0.39453125 0.43046875 0.10625 0.146875
1 0.890625 0.184375 0.1921875 0.178125
1 0.71015625 0.428125 0.121875 0.178125
0 0.73046875 0.1375 0.134375 0.2390625
0 0.6265625 0.24921875 0.0921875 0.1328125
0 0.8296875 0.35 0.171875 0.1515625
1 0.3171875 0.15546875 0.10625 0.2390625
1 0.640625 0.67734375 0.1890625 0.14375
0 0.60859375 0.43359375 0.078125 0.065625
0 0.67265625 0.31328125 0.1015625 0.1109375
0 0.640625 0.68828125 0.1859375 0.128125
0 0.653125 0.32734375 0.1390625 0.1421875