1 0.89296875 0.625 0.2 0.265625
0 0.43125 0.59609375 0.125 0.1578125
1 0.1234375 0.2984375 0.190625 0.19375
1 0.62734375 0.32421875 0.1984375 0.1734375
1 0.67578125 0.56171875 0.259375 0.2125
1 0.640625 0.75703125 0.175 0.196875
1 0.8859375 0.34765625 0.171875 0.228125
1 0.7421875 0.21875 0.1328125 0.15
1 0.4828125 0.8640625 0.1703125 0.2015625
1 0.53671875 0.23515625 0.1359375 0.096875
1 0.47734375 0.3453125 0.1078125 0.1078125
1 0.27890625 0.3109375 0.0828125 0.134375
1 0.2625 0.14375 0.0734375 0.1578125
1 0.51796875 0.63828125 0.0734375 0.121875
1 0.30234375 0.10234375 0.053125 0.1546875
1 0.43125 0.22109375 0.046875 0.075