0 0.37578125 0.73359375 0.2703125 0.23125
0 0.828125 0.1328125 0.315625 0.246875
0 0.734375 0.6515625 0.3859375 0.21875
1 0.61171875 0.8625 0.2734375 0.246875
0 0.790625 0.378125 0.2828125 0.2359375
0 0.5203125 0.1984375 0.265625 0.1875
1 0.34296875 0.2015625 0.140625 0.153125
0 0.19921875 0.4234375 0.353125 0.1546875
0 0.5109375 0.30703125 0.1328125 0.071875
0 0.3921875 0.33359375 0.1015625 0.11875
0 0.42578125 0.48203125 0.09375 0.1765625
1 0.16640625 0.1921875 0.175 0.1625
0 0.6109375 0.4109375 0.0921875 0.1625
1 0.22265625 0.3109375 0.15 0.084375