0 0.834375 0.134375 0.1171875 0.26875
0 0.4484375 0.27578125 0.1671875 0.246875
0 0.51015625 0.5828125 0.134375 0.23125
0 0.5671875 0.0765625 0.0890625 0.14375
0 0.04609375 0.6453125 0.078125 0.125
0 0.69765625 0.6375 0.1328125 0.3515625
0 0.9203125 0.91171875 0.140625 0.11875
0 0.690625 0.37578125 0.184375 0.2046875
0 0.6265625 0.2046875 0.096875 0.20625
0 0.1109375 0.77265625 0.078125 0.0875
1 0.79296875 0.79609375 0.0984375 0.3328125
0 0.16640625 0.33203125 0.0703125 0.10625
0 0.31015625 0.55234375 0.0453125 0.084375
0 0.6328125 0.871875 0.065625 0.0984375
0 0.95390625 0.19296875 0.0921875 0.253125
0 0.8203125 0.41796875 0.0578125 0.1140625
0 0.13984375 0.64921875 0.0875 0.0734375
0 0.2078125 0.39140625 0.0640625 0.0859375
0 0.93203125 0.5203125 0.08125 0.1359375
0 0.96796875 0.353125 0.0640625 0.0875
0 0.53125 0.853125 0.0609375 0.096875
0 0.2296875 0.5796875 0.0453125 0.0578125
0 0.2171875 0.8 0.059375 0.0984375
0 0.33359375 0.81484375 0.0578125 0.096875
0 0.14140625 0.91796875 0.06875 0.0984375
0 0.1015625 0.103125 0.0640625 0.04375
0 0.3515625 0.5609375 0.053125 0.0765625
0 0.43125 0.8203125 0.0671875 0.0609375
0 0.246875 0.6265625 0.075 0.053125
0 0.3921875 0.03046875 0.0515625 0.0609375
0 0.42421875 0.9734375 0.0515625 0.053125
0 0.11015625 0.15546875 0.0609375 0.0390625
0 0.89921875 0.42265625 0.053125 0.1703125
0 0.35546875 0.7234375 0.034375 0.084375
0 0.253125 0.71796875 0.0796875 0.0375
0 0.97109375 0.69609375 0.0578125 0.1671875
0 0.32109375 0.903125 0.096875 0.065625