1 0.1875 0.0859375 0.328125 0.171875
0 0.1640625 0.24453125 0.3078125 0.215625
0 0.4390625 0.140625 0.2859375 0.2703125
0 0.17421875 0.72734375 0.259375 0.1796875
0 0.4625 0.79921875 0.296875 0.2078125
0 0.5390625 0.346875 0.340625 0.175
0 0.21640625 0.4109375 0.3125 0.1859375
0 0.64453125 0.6875 0.171875 0.184375
0 0.46640625 0.65625 0.196875 0.1
0 0.22265625 0.88515625 0.3171875 0.2296875
0 0.5765625 0.4828125 0.2515625 0.1609375
0 0.78671875 0.48828125 0.159375 0.178125
1 0.9359375 0.57109375 0.128125 0.1296875
0 0.825 0.68828125 0.1578125 0.184375
0 0.2640625 0.621875 0.1921875 0.109375
0 0.21640625 0.52578125 0.1015625 0.0890625
0 0.64765625 0.53046875 0.096875 0.08125
1 0.11640625 0.6 0.140625 0.084375