0 0.0546875 0.32734375 0.109375 0.2171875
0 0.190625 0.7140625 0.0828125 0.2265625
0 0.57578125 0.403125 0.1484375 0.2765625
0 0.49921875 0.7875 0.1609375 0.2671875
0 0.7484375 0.2046875 0.125 0.08125
0 0.44375 0.52578125 0.0671875 0.1234375
0 0.4203125 0.003125 0.1296875 0.00625
0 0.753125 0.1125 0.0984375 0.078125
0 0.23671875 0.52421875 0.0671875 0.1203125
0 0.3875 0.29140625 0.1015625 0.296875
0 0.2140625 0.18359375 0.06875 0.1703125
0 0.07109375 0.603125 0.1421875 0.203125
0 0.2328125 0.35 0.0671875 0.1140625
0 0.76484375 0.5078125 0.1765625 0.2296875
0 0.959375 0.02734375 0.08125 0.0546875
0 0.346875 0.75546875 0.0984375 0.2
0 0.2734375 0.046875 0.084375 0.09375
0 0.29375 0.56015625 0.059375 0.1328125
0 0.66640625 0.25546875 0.0640625 0.078125
0 0.94140625 0.5421875 0.034375 0.0734375
0 0.17265625 0.071875 0.0765625 0.14375
0 0.86328125 0.0421875 0.0765625 0.084375
0 0.26796875 0.4453125 0.071875 0.0890625