0 0.52421875 0.540625 0.1765625 0.1046875
0 0.8375 0.18203125 0.3 0.2484375
0 0.3421875 0.53828125 0.1640625 0.0984375
0 0.58671875 0.42109375 0.109375 0.1953125
0 0.58671875 0.6609375 0.25625 0.13125
0 0.6234375 0.146875 0.1296875 0.28125
0 0.50859375 0.846875 0.1796875 0.284375
0 0.40703125 0.2859375 0.0671875 0.1578125
0 0.39375 0.44921875 0.0765625 0.1546875
0 0.7359375 0.38125 0.1828125 0.1953125
0 0.5078125 0.25234375 0.1125 0.1328125
0 0.3390625 0.74609375 0.215625 0.253125
0 0.2265625 0.184375 0.1390625 0.20625
0 0.25859375 0.36015625 0.2203125 0.1703125
1 0.090625 0.26015625 0.1671875 0.125
0 0.16953125 0.42265625 0.1015625 0.16875
0 0.26953125 0.4671875 0.1046875 0.090625
0 0.3203125 0.25078125 0.0796875 0.090625