0 0.14375 0.69921875 0.271875 0.29375
0 0.815625 0.5171875 0.171875 0.221875
0 0.8828125 0.2578125 0.209375 0.328125
0 0.43828125 0.4109375 0.1265625 0.3296875
0 0.31640625 0.821875 0.1453125 0.3296875
0 0.2734375 0.4359375 0.1953125 0.3671875
0 0.7375 0.2109375 0.1234375 0.3703125
0 0.46875 0.73515625 0.134375 0.271875
1 0.62109375 0.83125 0.1109375 0.3171875
0 0.68671875 0.6 0.0984375 0.2515625
0 0.62109375 0.346875 0.1390625 0.240625
1 0.53359375 0.21875 0.0671875 0.2109375
0 0.54765625 0.65078125 0.0859375 0.0609375
0 0.63125 0.6296875 0.0890625 0.05625