0 0.6703125 0.1828125 0.0671875 0.109375
0 0.35546875 0.7546875 0.0890625 0.1203125
0 0.2484375 0.71484375 0.11875 0.1390625
0 0.075 0.3625 0.0546875 0.1453125
0 0.046875 0.60703125 0.09375 0.1125
0 0.45078125 0.284375 0.059375 0.103125
0 0.5875 0.5390625 0.065625 0.171875
0 0.7765625 0.4796875 0.103125 0.18125
0 0.76484375 0.2453125 0.0703125 0.1125
0 0.0453125 0.77421875 0.059375 0.0796875
0 0.65859375 0.31796875 0.1078125 0.0921875
0 0.39296875 0.8546875 0.0421875 0.1359375
0 0.89375 0.39609375 0.15 0.140625
0 0.69375 0.425 0.0609375 0.109375
0 0.70625 0.834375 0.0828125 0.0578125
0 0.675 0.63203125 0.0796875 0.053125
0 0.86953125 0.60703125 0.078125 0.159375
0 0.2109375 0.63359375 0.0671875 0.0640625
0 0.934375 0.509375 0.090625 0.1359375
0 0.43359375 0.0921875 0.084375 0.103125
0 0.234375 0.55703125 0.084375 0.071875
0 0.03046875 0.5171875 0.0609375 0.0796875
0 0.61484375 0.0421875 0.071875 0.084375
0 0.0140625 0.73828125 0.028125 0.0859375
0 0.52421875 0.3234375 0.0640625 0.1
0 0.96328125 0.24609375 0.065625 0.19375
0 0.16171875 0.9796875 0.0921875 0.0296875
0 0.06796875 0.8640625 0.0671875 0.0578125
0 0.55625 0.221875 0.0703125 0.075
0 0.29140625 0.55546875 0.0796875 0.128125
0 0.1453125 0.03359375 0.0671875 0.0671875
0 0.69765625 0.7734375 0.0765625 0.06875
0 0.9609375 0.871875 0.0484375 0.1078125
0 0.465625 0.9421875 0.0390625 0.078125
0 0.0265625 0.13671875 0.053125 0.1265625
0 0.8015625 0.59609375 0.0578125 0.1078125
0 0.86328125 0.13828125 0.0640625 0.090625