0 0.30234375 0.84140625 0.25625 0.3
0 0.4234375 0.6609375 0.2640625 0.1828125
0 0.67109375 0.14375 0.215625 0.2875
0 0.1421875 0.64921875 0.284375 0.1875
1 0.8484375 0.26796875 0.2890625 0.24375
0 0.40625 0.16796875 0.153125 0.28125
0 0.51484375 0.41875 0.1171875 0.1578125
0 0.2890625 0.115625 0.1453125 0.2140625
0 0.50703125 0.2296875 0.1296875 0.2234375
1 0.1078125 0.1203125 0.215625 0.240625
0 0.2265625 0.35078125 0.15 0.2109375
0 0.28984375 0.45546875 0.1421875 0.240625
0 0.68125 0.44296875 0.2 0.29375
0 0.93125 0.40703125 0.109375 0.0984375