1 0.47265625 0.09375 0.109375 0.1859375
0 0.77421875 0.08984375 0.1109375 0.1796875
1 0.34296875 0.12734375 0.1671875 0.1421875
0 0.23125 0.5 0.1015625 0.16875
0 0.9140625 0.13671875 0.1453125 0.1578125
0 0.4125 0.6828125 0.1953125 0.1390625
0 0.528125 0.834375 0.14375 0.265625
0 0.10859375 0.45234375 0.1828125 0.0859375
0 0.8640625 0.26796875 0.1734375 0.153125
0 0.75390625 0.35546875 0.125 0.1859375
1 0.4015625 0.24921875 0.14375 0.1359375
0 0.459375 0.3140625 0.10625 0.115625
0 0.6046875 0.203125 0.1890625 0.15
1 0.41484375 0.89453125 0.0546875 0.1203125
0 0.634375 0.5875 0.1359375 0.103125
0 0.628125 0.70859375 0.178125 0.128125
0 0.33515625 0.5 0.075 0.1078125
0 0.63125 0.50234375 0.103125 0.0953125
0 0.65859375 0.38671875 0.0828125 0.1421875
0 0.32265625 0.421875 0.0765625 0.075
0 0.60078125 0.4265625 0.103125 0.059375
0 0.4234375 0.47578125 0.0609375 0.1140625
1 0.34453125 0.9375 0.08125 0.1046875
0 0.52109375 0.553125 0.090625 0.0796875
0 0.48125 0.484375 0.071875 0.0796875
0 0.384375 0.4078125 0.0765625 0.0875