0 0.68046875 0.225 0.228125 0.359375
0 0.1421875 0.9328125 0.1828125 0.134375
0 0.11640625 0.8 0.1484375 0.171875
0 0.84296875 0.39921875 0.3140625 0.2484375
0 0.1375 0.46796875 0.1578125 0.1546875
1 0.0734375 0.1734375 0.1375 0.196875
0 0.17421875 0.3421875 0.2125 0.1375
0 0.5140625 0.59921875 0.165625 0.2796875
0 0.4 0.2890625 0.2078125 0.1359375
0 0.69140625 0.58125 0.1984375 0.325
0 0.23515625 0.43984375 0.11875 0.1
0 0.3859375 0.72890625 0.271875 0.1828125
0 0.31328125 0.88515625 0.2140625 0.20625
0 0.2328125 0.140625 0.21875 0.28125
0 0.3765625 0.38359375 0.128125 0.075
0 0.075 0.35390625 0.1171875 0.1640625
0 0.496875 0.30234375 0.1625 0.28125
0 0.15546875 0.6171875 0.1953125 0.1984375