0 0.38515625 0.5484375 0.2265625 0.1859375
0 0.21484375 0.2234375 0.175 0.1234375
0 0.65859375 0.78046875 0.209375 0.296875
0 0.7140625 0.4203125 0.1578125 0.084375
0 0.45859375 0.70625 0.1375 0.1359375
0 0.41484375 0.4109375 0.165625 0.103125
0 0.89765625 0.3234375 0.146875 0.078125
0 0.85390625 0.5875 0.2546875 0.1453125
0 0.234375 0.6171875 0.1640625 0.1171875
0 0.5234375 0.93046875 0.153125 0.0859375
0 0.56328125 0.52734375 0.26875 0.1328125
0 0.57578125 0.3234375 0.325 0.109375
0 0.778125 0.8796875 0.128125 0.0828125
0 0.1 0.7609375 0.1015625 0.15625
0 0.68515625 0.35 0.103125 0.0671875
0 0.7953125 0.4890625 0.121875 0.0703125
0 0.3109375 0.6609375 0.09375 0.08125
0 0.97578125 0.71796875 0.0484375 0.1515625
0 0.2875 0.07578125 0.1046875 0.1421875
0 0.08984375 0.49140625 0.1296875 0.084375
0 0.26328125 0.95078125 0.10625 0.0765625
0 0.86953125 0.09765625 0.103125 0.0796875
0 0.46953125 0.0734375 0.0703125 0.075
0 0.20546875 0.38203125 0.11875 0.0609375
0 0.8078125 0.1890625 0.08125 0.065625
0 0.2203125 0.525 0.0953125 0.0671875
0 0.15 0.4046875 0.21875 0.0984375
0 0.940625 0.45390625 0.11875 0.190625
0 0.38671875 0.2203125 0.1046875 0.0609375
0 0.93359375 0.52109375 0.1328125 0.1390625
0 0.94765625 0.43515625 0.1046875 0.146875
0 0.50546875 0.0921875 0.0640625 0.05625
0 0.071875 0.5765625 0.06875 0.078125
0 0.12578125 0.40234375 0.159375 0.0921875
0 0.3515625 0.02890625 0.0671875 0.0578125
0 0.9328125 0.48125 0.134375 0.2484375