0 0.884375 0.26875 0.23125 0.3515625
1 0.409375 0.3390625 0.1765625 0.31875
0 0.78671875 0.571875 0.1609375 0.3171875
0 0.6609375 0.2265625 0.190625 0.3515625
0 0.61953125 0.878125 0.1875 0.24375
0 0.4796875 0.7203125 0.1609375 0.1140625
0 0.64375 0.71328125 0.1765625 0.1125
0 0.59296875 0.41015625 0.140625 0.1359375
0 0.37109375 0.6796875 0.1375 0.28125
1 0.1109375 0.4296875 0.1984375 0.2484375
0 0.66875 0.58515625 0.084375 0.190625
1 0.26328125 0.36484375 0.1 0.1953125
1 0.2609375 0.58046875 0.10625 0.2046875