0 0.521875 0.665625 0.18125 0.1484375
0 0.38671875 0.5234375 0.1765625 0.1953125
0 0.87734375 0.7140625 0.2125 0.196875
0 0.70234375 0.71875 0.134375 0.1734375
0 0.3171875 0.85234375 0.1828125 0.259375
0 0.71953125 0.35390625 0.2359375 0.1484375
0 0.57734375 0.39296875 0.096875 0.184375
0 0.43828125 0.33828125 0.246875 0.16875
0 0.815625 0.54375 0.175 0.1453125
1 0.68828125 0.15546875 0.1171875 0.171875
1 0.6453125 0.06953125 0.09375 0.0890625
1 0.50546875 0.18671875 0.2609375 0.159375
0 0.63203125 0.60078125 0.121875 0.0890625
0 0.715625 0.5 0.0859375 0.096875
1 0.18828125 0.71328125 0.228125 0.1203125
1 0.509375 0.49296875 0.065625 0.1234375
1 0.33359375 0.64453125 0.0890625 0.06875
1 0.4265625 0.4703125 0.0921875 0.0828125