1 0.128125 0.203125 0.2546875 0.340625
0 0.51953125 0.15078125 0.2015625 0.3015625
0 0.81796875 0.13515625 0.184375 0.2703125
0 0.66796875 0.46953125 0.2296875 0.3921875
0 0.7296875 0.79765625 0.19375 0.315625
0 0.8390625 0.56171875 0.159375 0.16875
1 0.54296875 0.5921875 0.25 0.26875
1 0.246875 0.52265625 0.2875 0.465625
0 0.46328125 0.41328125 0.1546875 0.2265625
1 0.9546875 0.278125 0.090625 0.1625
1 0.3 0.146875 0.2390625 0.29375
1 0.93359375 0.11328125 0.0765625 0.128125
1 0.88515625 0.3484375 0.1125 0.1484375