0 0.11875 0.9078125 0.1609375 0.184375
0 0.1125 0.590625 0.178125 0.178125
0 0.76015625 0.54765625 0.1015625 0.1734375
0 0.9234375 0.53203125 0.09375 0.1234375
0 0.27734375 0.5203125 0.125 0.2375
0 0.6578125 0.54140625 0.128125 0.1296875
0 0.434375 0.5671875 0.1609375 0.2421875
0 0.1078125 0.3390625 0.1921875 0.184375
0 0.93671875 0.21640625 0.053125 0.14375
0 0.66875 0.9359375 0.1015625 0.128125
0 0.859375 0.93359375 0.2296875 0.1328125
0 0.99140625 0.615625 0.0171875 0.0984375
0 0.13671875 0.1 0.1015625 0.090625
0 0.58984375 0.7 0.0984375 0.2328125
0 0.66875 0.33359375 0.1359375 0.1390625
0 0.98125 0.10625 0.0375 0.1
0 0.1875 0.18984375 0.0859375 0.1078125
0 0.8421875 0.496875 0.071875 0.128125
0 0.24453125 0.8015625 0.0890625 0.140625
0 0.79765625 0.78046875 0.078125 0.125
0 0.509375 0.78359375 0.121875 0.1265625
0 0.08125 0.77109375 0.096875 0.1390625
0 0.85703125 0.60546875 0.0671875 0.1125
0 0.5828125 0.05703125 0.0671875 0.05
0 0.35703125 0.44765625 0.0734375 0.1125
0 0.5078125 0.10625 0.0765625 0.090625
0 0.5375 0.534375 0.059375 0.1234375
0 0.97265625 0.7203125 0.0546875 0.10625
0 0.38671875 0.10703125 0.109375 0.13125
0 0.89609375 0.2734375 0.0859375 0.0765625
0 0.74140625 0.1390625 0.0671875 0.128125
0 0.6578125 0.228125 0.0859375 0.0890625
0 0.58046875 0.234375 0.0671875 0.10625
0 0.9140625 0.08125 0.06875 0.059375
0 0.22265625 0.03359375 0.0734375 0.0453125
0 0.31015625 0.23203125 0.1609375 0.178125
0 0.80234375 0.0703125 0.0578125 0.05
0 0.63828125 0.12109375 0.1 0.1125
0 0.7953125 0.6765625 0.0625 0.15
0 0.97578125 0.95390625 0.0484375 0.0921875
0 0.321875 0.93515625 0.103125 0.1296875
0 0.2296875 0.625 0.1015625 0.146875
0 0.41953125 0.21875 0.078125 0.0796875
0 0.38515625 0.73359375 0.109375 0.1140625
0 0.23828125 0.94609375 0.0765625 0.1078125
0 0.98671875 0.5171875 0.0265625 0.0671875