0 0.20078125 0.45703125 0.11875 0.121875
0 0.09921875 0.05859375 0.1984375 0.1171875
0 0.84296875 0.44296875 0.278125 0.2484375
0 0.71796875 0.54921875 0.240625 0.265625
0 0.55234375 0.225 0.1078125 0.05625
0 0.1046875 0.28125 0.209375 0.1
0 0.3984375 0.77421875 0.134375 0.1703125
0 0.70625 0.15234375 0.0859375 0.0578125
0 0.72421875 0.221875 0.096875 0.05625
0 0.91796875 0.1 0.1 0.0640625
0 0.79140625 0.0421875 0.171875 0.0609375
0 0.24296875 0.7609375 0.15 0.16875
0 0.7734375 0.103125 0.1109375 0.0703125
0 0.58125 0.10234375 0.153125 0.046875
0 0.90859375 0.971875 0.18125 0.05625
0 0.32265625 0.36484375 0.10625 0.078125
0 0.0828125 0.5296875 0.15 0.1640625
0 0.36171875 0.1078125 0.15 0.046875
0 0.5109375 0.175 0.0859375 0.0546875
0 0.26484375 0.54375 0.0859375 0.06875
0 0.225 0.6109375 0.1015625 0.0796875
0 0.4328125 0.02890625 0.0828125 0.0546875
0 0.57109375 0.41796875 0.1515625 0.1015625
0 0.0234375 0.17265625 0.0453125 0.05625
0 0.9203125 0.03984375 0.1265625 0.0640625
0 0.16796875 0.17578125 0.0921875 0.115625
0 0.384375 0.25390625 0.1171875 0.04375
0 0.5171875 0.0359375 0.06875 0.071875