0 0.09296875 0.421875 0.134375 0.08125
0 0.28046875 0.53515625 0.23125 0.1609375
0 0.134375 0.16875 0.26875 0.1109375
0 0.58359375 0.47890625 0.2234375 0.121875
0 0.38359375 0.30703125 0.19375 0.178125
0 0.63828125 0.9234375 0.1171875 0.075
0 0.6234375 0.29140625 0.325 0.134375
0 0.21796875 0.365625 0.1859375 0.090625
0 0.896875 0.08046875 0.1359375 0.1296875
0 0.5234375 0.078125 0.121875 0.084375
0 0.9015625 0.83359375 0.0953125 0.06875
0 0.36015625 0.03359375 0.0734375 0.0671875
0 0.64140625 0.83515625 0.071875 0.075
1 0.78046875 0.2109375 0.290625 0.096875
0 0.7625 0.8609375 0.0828125 0.065625
0 0.85625 0.35703125 0.0953125 0.0640625
0 0.8390625 0.45703125 0.090625 0.0546875
0 0.33828125 0.8078125 0.1 0.0640625
0 0.02421875 0.64921875 0.046875 0.04375
0 0.121875 0.865625 0.0359375 0.0578125
0 0.7875 0.7609375 0.09375 0.0515625
0 0.575 0.74609375 0.0515625 0.040625
0 0.39453125 0.76328125 0.0828125 0.0546875
0 0.55078125 0.671875 0.0765625 0.040625
0 0.6203125 0.734375 0.0453125 0.065625
0 0.20546875 0.05 0.234375 0.1
0 0.25078125 0.06328125 0.140625 0.0796875
0 0.16875 0.86015625 0.03125 0.0484375
0 0.709375 0.7234375 0.028125 0.0703125
0 0.428125 0.10859375 0.15 0.04375
0 0.809375 0.55234375 0.0515625 0.053125
0 0.04453125 0.5890625 0.059375 0.046875
0 0.7171875 0.6265625 0.08125 0.0328125
0 0.278125 0.95078125 0.0296875 0.065625
0 0.80078125 0.65 0.0828125 0.04375
0 0.07890625 0.61875 0.0484375 0.046875
0 0.93203125 0.7375 0.09375 0.0609375
0 0.959375 0.96953125 0.08125 0.0609375
0 0.96796875 0.5609375 0.0640625 0.053125
0 0.21953125 0.06328125 0.209375 0.0796875
0 0.69921875 0.03046875 0.14375 0.0609375
0 0.5375 0.01796875 0.1765625 0.0359375