0 0.87890625 0.6171875 0.2421875 0.2359375
0 0.3125 0.14296875 0.1671875 0.2859375
0 0.7203125 0.79453125 0.1875 0.2984375
0 0.70859375 0.46953125 0.1578125 0.3
0 0.603125 0.6859375 0.15 0.16875
0 0.33125 0.4046875 0.1453125 0.2625
0 0.50390625 0.35859375 0.1640625 0.1
0 0.4984375 0.69765625 0.1109375 0.275
0 0.20703125 0.37109375 0.125 0.1640625
1 0.13515625 0.428125 0.146875 0.1328125
1 0.26875 0.55234375 0.128125 0.284375
1 0.840625 0.81953125 0.075 0.1421875
0 0.43203125 0.46015625 0.084375 0.1671875
1 0.81640625 0.38046875 0.2078125 0.215625
1 0.365625 0.84375 0.1 0.2046875
1 0.5875 0.571875 0.0609375 0.0796875