0 0.70390625 0.4140625 0.2078125 0.2609375
0 0.11328125 0.70859375 0.2203125 0.1609375
0 0.84765625 0.56015625 0.275 0.2171875
0 0.16640625 0.58125 0.2234375 0.1734375
0 0.38984375 0.7109375 0.2296875 0.16875
0 0.28125 0.42265625 0.1984375 0.11875
0 0.509375 0.609375 0.1375 0.1765625
0 0.47421875 0.34140625 0.171875 0.1359375
0 0.4578125 0.43203125 0.1203125 0.05625
0 0.54765625 0.428125 0.1078125 0.18125
0 0.3109375 0.19140625 0.2296875 0.3453125
1 0.11796875 0.9078125 0.1921875 0.184375
0 0.6671875 0.6609375 0.1546875 0.2359375
1 0.30234375 0.8546875 0.1765625 0.1984375
0 0.3640625 0.475 0.078125 0.0671875
1 0.4515625 0.20390625 0.0765625 0.128125