0 0.075 0.4328125 0.15 0.371875
0 0.60859375 0.80234375 0.1859375 0.3203125
0 0.2453125 0.5828125 0.165625 0.3578125
0 0.17421875 0.909375 0.1578125 0.1640625
0 0.64609375 0.10078125 0.134375 0.2015625
0 0.58125 0.47890625 0.1359375 0.1890625
0 0.88203125 0.06171875 0.20625 0.1234375
0 0.4640625 0.03203125 0.08125 0.0640625
0 0.325 0.2953125 0.1296875 0.234375
0 0.875 0.6015625 0.23125 0.25
0 0.0078125 0.89140625 0.015625 0.2078125
0 0.459375 0.2140625 0.071875 0.159375
0 0.53046875 0.86484375 0.321875 0.215625
0 0.73046875 0.41015625 0.1765625 0.2609375
0 0.5734375 0.2609375 0.084375 0.1484375
0 0.1625 0.68125 0.071875 0.1734375
0 0.74375 0.6953125 0.190625 0.175
0 0.021875 0.97734375 0.04375 0.0453125
0 0.02734375 0.73515625 0.0546875 0.1546875
0 0.36484375 0.00234375 0.1375 0.0046875
0 0.21171875 0.27578125 0.0796875 0.153125
0 0.3453125 0.5515625 0.1078125 0.2203125