0 0.2328125 0.109375 0.0796875 0.0953125
0 0.4234375 0.04765625 0.05625 0.0828125
0 0.625 0.4484375 0.0859375 0.121875
0 0.453125 0.27578125 0.0640625 0.071875
0 0.515625 0.11484375 0.0640625 0.1515625
0 0.71640625 0.05234375 0.0703125 0.0859375
0 0.209375 0.20234375 0.0703125 0.065625
0 0.2890625 0.03359375 0.0671875 0.0625
0 0.4125 0.1234375 0.046875 0.0875
0 0.1 0.1921875 0.0765625 0.0609375
0 0.46484375 0.403125 0.0765625 0.08125
0 0.325 0.33515625 0.0703125 0.05625
0 0.4328125 0.3578125 0.0625 0.0703125
0 0.13671875 0.3015625 0.0578125 0.0828125
0 0.5921875 0.7703125 0.0609375 0.11875
0 0.21640625 0.0296875 0.05 0.053125
0 0.21640625 0.3625 0.065625 0.06875
0 0.33046875 0.66796875 0.06875 0.05625
0 0.271875 0.43984375 0.0859375 0.0703125
0 0.29609375 0.7796875 0.0703125 0.0734375
0 0.271875 0.2765625 0.04375 0.0875
0 0.13984375 0.690625 0.0875 0.065625
0 0.33203125 0.2375 0.0484375 0.090625
0 0.36328125 0.62421875 0.0625 0.0671875
0 0.18671875 0.77109375 0.0515625 0.0859375
0 0.36875 0.865625 0.0625 0.08125
0 0.38125 0.1625 0.0390625 0.0921875
0 0.40859375 0.54453125 0.059375 0.0671875
0 0.51875 0.43515625 0.046875 0.08125
0 0.471875 0.48515625 0.0484375 0.0875
0 0.34609375 0.940625 0.06875 0.1
0 0.39375 0.7171875 0.046875 0.1078125
0 0.61015625 0.665625 0.0515625 0.08125
0 0.42578125 0.8609375 0.046875 0.0890625
0 0.2125 0.6734375 0.05 0.0703125
0 0.56640625 0.30390625 0.05 0.0921875
0 0.72734375 0.3578125 0.034375 0.103125
0 0.61875 0.91875 0.053125 0.1625
0 0.6703125 0.36640625 0.053125 0.15625
0 0.50078125 0.975 0.05 0.05
0 0.6734375 0.55234375 0.0421875 0.103125
0 0.54375 0.35390625 0.0421875 0.08125
0 0.15703125 0.5359375 0.065625 0.0515625
0 0.7296875 0.3625 0.034375 0.1359375
0 0.44609375 0.96796875 0.0625 0.059375
0 0.778125 0.615625 0.0390625 0.1015625
0 0.73046875 0.58984375 0.034375 0.0875
0 0.45546875 0.59453125 0.0421875 0.0875
0 0.47109375 0.8859375 0.0453125 0.065625
0 0.60390625 0.0640625 0.0390625 0.1125
0 0.2375 0.55703125 0.046875 0.071875
0 0.296875 0.853125 0.075 0.0515625
0 0.2203125 0.67109375 0.0484375 0.0734375
0 0.51328125 0.96953125 0.0484375 0.0609375
0 0.68046875 0.959375 0.03125 0.08125
0 0.6859375 0.7984375 0.0421875 0.1453125
0 0.68125 0.95 0.0375 0.1
0 0.18359375 0.153125 0.0515625 0.0453125