1 0.1546875 0.6921875 0.259375 0.1640625
0 0.74921875 0.35 0.14375 0.1203125
0 0.05703125 0.196875 0.109375 0.0734375
0 0.79921875 0.16015625 0.1734375 0.1421875
0 0.93515625 0.2171875 0.1265625 0.121875
0 0.759375 0.66484375 0.15625 0.1828125
0 0.1015625 0.109375 0.203125 0.0765625
0 0.30546875 0.18203125 0.1203125 0.0625
0 0.47578125 0.20078125 0.0984375 0.071875
0 0.9078125 0.6546875 0.115625 0.1375
0 0.42578125 0.65234375 0.1609375 0.1140625
0 0.58671875 0.16171875 0.1171875 0.0375
0 0.61796875 0.5328125 0.096875 0.0640625
0 0.47265625 0.578125 0.1046875 0.08125
0 0.5796875 0.3609375 0.1671875 0.1328125
0 0.28515625 0.246875 0.1046875 0.053125
0 0.58984375 0.69609375 0.1640625 0.1484375
0 0.7203125 0.79921875 0.06875 0.103125
0 0.0515625 0.553125 0.1 0.071875
0 0.46171875 0.125 0.06875 0.0609375
0 0.72265625 0.0546875 0.0578125 0.0546875
0 0.0640625 0.2625 0.1015625 0.06875
0 0.421875 0.8171875 0.0578125 0.065625
0 0.1390625 0.47109375 0.0984375 0.0828125
0 0.371875 0.471875 0.1578125 0.1609375
0 0.634375 0.25234375 0.10625 0.05625
0 0.16328125 0.33125 0.06875 0.128125
0 0.40703125 0.496875 0.0921875 0.115625
0 0.93203125 0.4 0.128125 0.103125
0 0.503125 0.46484375 0.096875 0.0703125
0 0.81953125 0.4203125 0.10625 0.09375
0 0.23671875 0.0375 0.040625 0.075
0 0.628125 0.41875 0.090625 0.0734375
0 0.28359375 0.58828125 0.0796875 0.0515625
0 0.43828125 0.0828125 0.0828125 0.04375
0 0.91171875 0.77265625 0.0703125 0.0546875
0 0.44921875 0.09921875 0.09375 0.05625