0 0.89375 0.77421875 0.190625 0.19375
0 0.528125 0.109375 0.1390625 0.2171875
0 0.6515625 0.34609375 0.1828125 0.1234375
0 0.215625 0.86484375 0.140625 0.2015625
0 0.21484375 0.26484375 0.159375 0.171875
0 0.6515625 0.20390625 0.1953125 0.1796875
0 0.45390625 0.27265625 0.1875 0.1359375
0 0.35859375 0.140625 0.1515625 0.15
0 0.28125 0.37109375 0.1390625 0.1296875
0 0.1421875 0.6875 0.2421875 0.14375
0 0.465625 0.66328125 0.18125 0.134375
0 0.35703125 0.79921875 0.1671875 0.1859375
1 0.615625 0.65234375 0.1234375 0.128125
1 0.82890625 0.6328125 0.1046875 0.0921875
0 0.26015625 0.49140625 0.1953125 0.234375
1 0.71171875 0.46640625 0.121875 0.2265625
0 0.3515625 0.425 0.09375 0.1109375
1 0.75625 0.74609375 0.0875 0.1328125
0 0.5953125 0.459375 0.075 0.115625
0 0.3203125 0.64921875 0.1015625 0.146875
1 0.4546875 0.46015625 0.0796875 0.0890625
0 0.34765625 0.23671875 0.0640625 0.0515625
1 0.26171875 0.0953125 0.11875 0.1453125
0 0.70078125 0.6640625 0.0625 0.071875
0 0.44921875 0.3890625 0.075 0.0703125
0 0.36875 0.50703125 0.0578125 0.08125
0 0.40625 0.590625 0.0640625 0.078125