0 0.6765625 0.1140625 0.1859375 0.228125
0 0.55234375 0.85390625 0.23125 0.259375
0 0.51796875 0.19296875 0.1796875 0.15625
1 0.28203125 0.26640625 0.1984375 0.2
0 0.39609375 0.71171875 0.25625 0.171875
0 0.6671875 0.7078125 0.225 0.146875
1 0.8671875 0.16953125 0.2046875 0.1796875
0 0.76484375 0.43671875 0.2203125 0.15625
0 0.26953125 0.4640625 0.1734375 0.1984375
0 0.66875 0.56953125 0.2390625 0.128125
0 0.440625 0.571875 0.1890625 0.10625
0 0.73828125 0.31875 0.184375 0.16875
0 0.4359375 0.2953125 0.1265625 0.1546875
1 0.14609375 0.3734375 0.2375 0.18125
0 0.40703125 0.4609375 0.13125 0.1890625
1 0.54765625 0.32265625 0.0578125 0.0828125