0 0.778125 0.56640625 0.0953125 0.1859375
0 0.7890625 0.90625 0.15625 0.1390625
0 0.31875 0.4734375 0.159375 0.1609375
0 0.04765625 0.56640625 0.0734375 0.2140625
0 0.17734375 0.94609375 0.09375 0.1
0 0.43046875 0.7578125 0.0765625 0.1421875
0 0.31015625 0.29296875 0.1125 0.1125
0 0.63203125 0.5078125 0.175 0.1203125
0 0.0296875 0.1640625 0.053125 0.13125
0 0.59609375 0.05625 0.109375 0.1125
0 0.18671875 0.8078125 0.1578125 0.2328125
0 0.91640625 0.59296875 0.1671875 0.3171875
0 0.525 0.71953125 0.096875 0.121875
0 0.325 0.82734375 0.071875 0.1578125
0 0.84921875 0.0484375 0.16875 0.096875
0 0.07734375 0.40078125 0.1 0.115625
0 0.48359375 0.93671875 0.0578125 0.1015625
0 0.10390625 0.94453125 0.0578125 0.1078125
0 0.64375 0.93515625 0.0578125 0.0953125
0 0.72890625 0.35703125 0.153125 0.1234375
0 0.446875 0.39609375 0.0875 0.121875
0 0.95546875 0.2828125 0.0890625 0.1765625
0 0.096875 0.04296875 0.046875 0.0859375
0 0.54453125 0.284375 0.1 0.159375
0 0.16640625 0.0515625 0.0515625 0.071875
0 0.15078125 0.271875 0.0625 0.0984375
0 0.48203125 0.621875 0.0640625 0.0890625
0 0.53203125 0.93828125 0.0515625 0.0953125
0 0.51015625 0.9359375 0.08125 0.1015625
0 0.740625 0.73984375 0.05625 0.1546875
0 0.040625 0.83046875 0.0453125 0.125
0 0.6921875 0.67734375 0.09375 0.1359375
0 0.88984375 0.83359375 0.1203125 0.103125
0 0.109375 0.165625 0.0515625 0.05625
0 0.05390625 0.98203125 0.0640625 0.0359375
0 0.025 0.0265625 0.05 0.053125
0 0.39765625 0.97421875 0.084375 0.0328125
0 0.68515625 0.02890625 0.0984375 0.0578125
0 0.96953125 0.10234375 0.0609375 0.1078125
0 0.52578125 0.13515625 0.071875 0.1546875
0 0.23125 0.2171875 0.0515625 0.0546875
0 0.5859375 0.8328125 0.1203125 0.0875
0 0.7859375 0.29609375 0.0875 0.10625
0 0.6109375 0.37578125 0.1078125 0.096875
0 0.06875 0.25546875 0.059375 0.0546875
0 0.028125 0.27578125 0.0453125 0.0703125