0 0.90078125 0.6640625 0.1015625 0.1375
0 0.66875 0.18671875 0.0921875 0.15625
0 0.45 0.90234375 0.1640625 0.16875
0 0.67109375 0.69921875 0.1078125 0.171875
0 0.55625 0.79453125 0.1125 0.1703125
0 0.86015625 0.47578125 0.0671875 0.1390625
0 0.296875 0.37421875 0.1015625 0.096875
0 0.48828125 0.1375 0.1390625 0.16875
1 0.1765625 0.43984375 0.159375 0.2171875
0 0.784375 0.28515625 0.1109375 0.1859375
0 0.1734375 0.70234375 0.1765625 0.15625
0 0.43125 0.3140625 0.0859375 0.08125
0 0.81953125 0.63046875 0.0921875 0.1109375
0 0.44140625 0.71796875 0.121875 0.184375
0 0.25859375 0.9375 0.159375 0.125
0 0.52265625 0.52890625 0.0796875 0.1109375
0 0.57578125 0.4 0.1046875 0.175
0 0.3421875 0.71328125 0.0671875 0.1
0 0.0359375 0.56640625 0.071875 0.2203125
0 0.68515625 0.521875 0.078125 0.11875
0 0.31796875 0.5359375 0.1171875 0.2109375
0 0.44453125 0.55625 0.0640625 0.134375
0 0.95546875 0.89921875 0.071875 0.2015625
0 0.27109375 0.7359375 0.0859375 0.1
0 0.2484375 0.11640625 0.1140625 0.084375
0 0.553125 0.96015625 0.2140625 0.0796875
0 0.53046875 0.28828125 0.0703125 0.1
0 0.74453125 0.453125 0.0703125 0.084375
0 0.6765625 0.2953125 0.0515625 0.08125
0 0.02578125 0.959375 0.0515625 0.08125
0 0.64921875 0.83203125 0.0765625 0.121875
0 0.32265625 0.16484375 0.0609375 0.0734375
0 0.96640625 0.6796875 0.0515625 0.11875
0 0.025 0.91171875 0.05 0.1671875
0 0.67421875 0.3984375 0.0546875 0.14375
0 0.44140625 0.228125 0.0703125 0.1
0 0.77578125 0.0578125 0.071875 0.065625