0 0.68671875 0.815625 0.16875 0.328125
0 0.30546875 0.59453125 0.215625 0.265625
0 0.18359375 0.221875 0.1453125 0.190625
0 0.778125 0.515625 0.23125 0.28125
0 0.51015625 0.6453125 0.1578125 0.1875
1 0.8703125 0.6484375 0.2234375 0.228125
0 0.63984375 0.4828125 0.128125 0.1796875
1 0.42265625 0.1546875 0.1890625 0.2515625
0 0.45078125 0.5328125 0.0765625 0.15
0 0.66015625 0.3515625 0.2953125 0.1421875
1 0.684375 0.1296875 0.2609375 0.203125
1 0.52109375 0.09296875 0.0859375 0.165625
0 0.38046875 0.396875 0.1015625 0.1140625
1 0.11953125 0.61796875 0.1859375 0.171875
1 0.3734375 0.31015625 0.1171875 0.1109375
1 0.24765625 0.44140625 0.06875 0.0609375