0 0.04921875 0.490625 0.096875 0.1046875
0 0.07734375 0.3546875 0.1546875 0.1265625
0 0.9296875 0.1453125 0.1328125 0.115625
0 0.87109375 0.30625 0.11875 0.0828125
0 0.3171875 0.67734375 0.1265625 0.109375
1 0.29921875 0.215625 0.184375 0.153125
0 0.47265625 0.5203125 0.09375 0.06875
0 0.121875 0.640625 0.06875 0.08125
0 0.53984375 0.0609375 0.128125 0.109375
0 0.91484375 0.028125 0.090625 0.0515625
0 0.03828125 0.615625 0.0765625 0.0625
1 0.528125 0.3921875 0.15 0.190625
0 0.71171875 0.47421875 0.059375 0.0828125
0 0.4859375 0.64296875 0.128125 0.075
0 0.428125 0.2328125 0.11875 0.10625
0 0.67265625 0.328125 0.0890625 0.05625
0 0.3296875 0.53125 0.09375 0.0484375
0 0.209375 0.853125 0.121875 0.0453125
0 0.38203125 0.046875 0.1359375 0.0875
0 0.2390625 0.01484375 0.1546875 0.025
0 0.296875 0.26328125 0.165625 0.0640625
0 0.7828125 0.746875 0.0640625 0.046875