0 0.42109375 0.46640625 0.1546875 0.271875
0 0.67890625 0.38671875 0.1046875 0.1328125
0 0.86875 0.39609375 0.259375 0.1734375
0 0.584375 0.3171875 0.20625 0.1203125
0 0.1953125 0.13125 0.3796875 0.2625
0 0.25234375 0.39296875 0.278125 0.2890625
1 0.76484375 0.63046875 0.20625 0.1296875
0 0.534375 0.15 0.3140625 0.3
1 0.72578125 0.771875 0.178125 0.109375
0 0.57265625 0.603125 0.153125 0.115625
1 0.6 0.88359375 0.1265625 0.1609375
0 0.74140625 0.52734375 0.0984375 0.140625
1 0.525 0.75625 0.18125 0.1421875
1 0.84921875 0.29921875 0.1703125 0.0734375
0 0.55703125 0.4875 0.1234375 0.159375