0 0.446875 0.109375 0.1203125 0.1703125
0 0.14765625 0.690625 0.140625 0.18125
0 0.58046875 0.16953125 0.096875 0.159375
0 0.025 0.4828125 0.05 0.13125
0 0.06796875 0.1640625 0.1359375 0.225
0 0.8375 0.85859375 0.06875 0.1234375
0 0.54140625 0.03828125 0.05 0.0765625
0 0.2484375 0.471875 0.0921875 0.1
0 0.58828125 0.890625 0.071875 0.08125
0 0.58984375 0.28828125 0.13125 0.134375
0 0.88671875 0.3484375 0.0703125 0.1125
0 0.83203125 0.58125 0.096875 0.2109375
0 0.94453125 0.553125 0.021875 0.0890625
0 0.15859375 0.41328125 0.0640625 0.0921875
0 0.19296875 0.95390625 0.15 0.0625
0 0.35 0.034375 0.0546875 0.06875
0 0.93671875 0.44921875 0.0578125 0.1375
0 0.06640625 0.03046875 0.1328125 0.0609375
0 0.92578125 0.76484375 0.028125 0.0875
0 0.64375 0.91640625 0.1203125 0.0671875
0 0.7515625 0.4796875 0.0671875 0.0671875
0 0.8375 0.76328125 0.0734375 0.075
0 0.8921875 0.43203125 0.0625 0.0828125
0 0.3734375 0.88125 0.0625 0.1359375
0 0.7515625 0.7828125 0.0734375 0.109375
0 0.85703125 0.08203125 0.059375 0.1640625
0 0.1984375 0.0453125 0.159375 0.090625
0 0.7953125 0.12734375 0.046875 0.121875