0 0.3015625 0.8109375 0.2453125 0.340625
0 0.37421875 0.16640625 0.14375 0.18125
0 0.71328125 0.4171875 0.1578125 0.2390625
1 0.17890625 0.18203125 0.271875 0.18125
0 0.2078125 0.59140625 0.315625 0.1609375
0 0.53125 0.1796875 0.1703125 0.190625
0 0.54140625 0.50703125 0.2578125 0.1140625
1 0.328125 0.45546875 0.1546875 0.115625
0 0.49140625 0.66171875 0.240625 0.196875
0 0.528125 0.3890625 0.209375 0.1046875
0 0.4515625 0.26875 0.134375 0.065625
1 0.884375 0.296875 0.2046875 0.140625
1 0.18203125 0.31015625 0.040625 0.1171875
0 0.35703125 0.35234375 0.075 0.1171875
0 0.7140625 0.13671875 0.1609375 0.259375
0 0.25703125 0.334375 0.1265625 0.1203125