0 0.60078125 0.1125 0.25 0.2171875
1 0.6515625 0.61015625 0.175 0.1328125
0 0.63828125 0.4078125 0.1796875 0.134375
0 0.24296875 0.45703125 0.15625 0.178125
0 0.43984375 0.22578125 0.296875 0.1734375
0 0.45234375 0.365625 0.178125 0.0984375
0 0.28046875 0.6546875 0.15 0.209375
0 0.11171875 0.5625 0.215625 0.1765625
1 0.4703125 0.7421875 0.2328125 0.165625
1 0.85234375 0.90078125 0.2671875 0.1984375
1 0.621875 0.884375 0.1859375 0.23125
1 0.73515625 0.24921875 0.2484375 0.15625
0 0.36484375 0.46875 0.11875 0.1328125
0 0.80546875 0.71484375 0.2921875 0.1671875
0 0.40546875 0.58203125 0.0953125 0.0984375