0 0.64921875 0.83046875 0.203125 0.246875
0 0.71875 0.4265625 0.1953125 0.178125
1 0.71953125 0.115625 0.196875 0.23125
0 0.38125 0.646875 0.1296875 0.1828125
0 0.20234375 0.675 0.2609375 0.2203125
0 0.853125 0.24296875 0.2859375 0.1640625
0 0.265625 0.44765625 0.15625 0.221875
0 0.659375 0.5546875 0.1234375 0.14375
0 0.5703125 0.22109375 0.2390625 0.1921875
1 0.1125 0.5484375 0.225 0.165625
0 0.40546875 0.4859375 0.09375 0.11875
0 0.509375 0.721875 0.1984375 0.1
0 0.71796875 0.67109375 0.2015625 0.109375
0 0.58125 0.35 0.1046875 0.078125
0 0.54296875 0.63125 0.1234375 0.0953125
1 0.7765625 0.76171875 0.1328125 0.1109375
0 0.54765625 0.52109375 0.0890625 0.0859375
0 0.8484375 0.5828125 0.2890625 0.1078125
0 0.58671875 0.44609375 0.0984375 0.090625
1 0.49765625 0.37890625 0.0796875 0.109375