0 0.9 0.26328125 0.134375 0.1609375
0 0.18984375 0.46328125 0.0640625 0.14375
0 0.84921875 0.61875 0.10625 0.10625
0 0.30625 0.34375 0.059375 0.146875
0 0.41484375 0.33984375 0.1140625 0.215625
0 0.2375 0.5953125 0.1296875 0.1203125
0 0.50546875 0.4859375 0.1046875 0.1859375
0 0.38515625 0.6890625 0.1078125 0.134375
0 0.57265625 0.77109375 0.14375 0.165625
0 0.68359375 0.03515625 0.1 0.0703125
0 0.75 0.3671875 0.1 0.19375
0 0.62890625 0.4171875 0.0625 0.15625
0 0.05625 0.37890625 0.071875 0.1484375
0 0.36328125 0.05546875 0.0734375 0.1109375
0 0.2234375 0.05546875 0.1015625 0.05625
0 0.65234375 0.19296875 0.1109375 0.184375
0 0.9015625 0.421875 0.090625 0.121875
0 0.7453125 0.61328125 0.0609375 0.09375
0 0.828125 0.4875 0.06875 0.14375
0 0.5890625 0.62734375 0.0765625 0.1625
0 0.9296875 0.64921875 0.096875 0.0953125
0 0.17734375 0.12265625 0.0671875 0.078125
0 0.28203125 0.9453125 0.0796875 0.0890625
0 0.27734375 0.49453125 0.06875 0.10625
0 0.65546875 0.6703125 0.078125 0.190625
0 0.44921875 0.14609375 0.0640625 0.0828125
0 0.821875 0.115625 0.0796875 0.0796875
0 0.5921875 0.06015625 0.05625 0.10625
0 0.5421875 0.0390625 0.08125 0.078125
0 0.04453125 0.478125 0.03125 0.05625
0 0.3609375 0.14609375 0.0609375 0.06875
0 0.63984375 0.5484375 0.0640625 0.06875