0 0.2953125 0.39765625 0.1578125 0.225
1 0.65078125 0.140625 0.1828125 0.2390625
1 0.7328125 0.31953125 0.24375 0.125
0 0.6796875 0.87578125 0.2640625 0.2421875
0 0.4796875 0.7703125 0.259375 0.2078125
1 0.796875 0.703125 0.346875 0.134375
1 0.715625 0.55234375 0.2359375 0.175
1 0.484375 0.29296875 0.1953125 0.1421875
0 0.26484375 0.59609375 0.15 0.1953125
0 0.396875 0.56875 0.14375 0.1390625
1 0.11640625 0.4859375 0.2328125 0.1859375
1 0.4640625 0.640625 0.190625 0.0828125
1 0.571875 0.5375 0.121875 0.075
1 0.66484375 0.44375 0.1609375 0.11875
1 0.11484375 0.60234375 0.1640625 0.09375
1 0.3296875 0.640625 0.071875 0.121875
1 0.4359375 0.44375 0.1546875 0.1046875