0 0.2890625 0.5515625 0.1828125 0.071875
0 0.49609375 0.76484375 0.15625 0.1875
0 0.47734375 0.90703125 0.15 0.109375
0 0.4765625 0.61953125 0.1765625 0.1546875
0 0.084375 0.0390625 0.16875 0.075
0 0.30234375 0.45546875 0.18125 0.065625
0 0.2078125 0.74609375 0.190625 0.271875
0 0.8890625 0.390625 0.16875 0.090625
0 0.5859375 0.446875 0.10625 0.0671875
0 0.73671875 0.5875 0.15625 0.0640625
0 0.86953125 0.6921875 0.1375 0.065625
0 0.1234375 0.29453125 0.0890625 0.084375
0 0.7375 0.17734375 0.0984375 0.075
0 0.13125 0.53359375 0.15625 0.0578125
0 0.68359375 0.70703125 0.10625 0.075
0 0.1953125 0.28671875 0.071875 0.075
0 0.70859375 0.29296875 0.05625 0.0578125
0 0.14765625 0.40078125 0.1703125 0.0890625
0 0.6234375 0.64453125 0.10625 0.0546875
0 0.4296875 0.4859375 0.1015625 0.046875
0 0.3890625 0.14453125 0.1171875 0.13125
0 0.0734375 0.67109375 0.14375 0.2015625
0 0.79765625 0.3265625 0.065625 0.0640625
0 0.8515625 0.784375 0.0953125 0.0765625
0 0.965625 0.28984375 0.06875 0.2140625
0 0.0203125 0.325 0.0328125 0.0796875
0 0.153125 0.40703125 0.1609375 0.065625
0 0.96875 0.8171875 0.0625 0.0546875
0 0.06953125 0.7609375 0.1375 0.4078125
0 0.8625 0.84296875 0.0921875 0.06875