1 0.521875 0.8609375 0.240625 0.2203125
0 0.16875 0.1375 0.3375 0.275
0 0.62265625 0.45859375 0.0859375 0.134375
0 0.72265625 0.709375 0.3 0.1875
0 0.17890625 0.328125 0.3578125 0.1953125
0 0.4953125 0.3140625 0.1625 0.0859375
0 0.446875 0.18671875 0.2484375 0.2515625
0 0.821875 0.33828125 0.346875 0.2484375
1 0.365625 0.6796875 0.334375 0.1859375
0 0.375 0.55859375 0.325 0.1671875
0 0.6890625 0.55390625 0.253125 0.165625
1 0.61640625 0.26484375 0.1265625 0.1375
0 0.38671875 0.40859375 0.1359375 0.1703125
0 0.61953125 0.34375 0.0796875 0.121875
1 0.86015625 0.25859375 0.1953125 0.084375
1 0.3125 0.38203125 0.0859375 0.078125