0 0.37578125 0.10390625 0.1265625 0.196875
0 0.63359375 0.49609375 0.1390625 0.165625
0 0.27265625 0.39765625 0.0953125 0.25625
0 0.82109375 0.78359375 0.1609375 0.346875
0 0.47734375 0.2828125 0.1109375 0.2109375
0 0.57890625 0.0671875 0.1296875 0.115625
0 0.6703125 0.365625 0.103125 0.1203125
0 0.9765625 0.15546875 0.046875 0.1046875
0 0.1640625 0.79375 0.05 0.1578125
0 0.90859375 0.5890625 0.10625 0.103125
0 0.89921875 0.484375 0.125 0.0953125
0 0.375 0.92734375 0.0703125 0.1453125
0 0.2140625 0.5765625 0.0609375 0.1359375
0 0.6625 0.22578125 0.0625 0.1171875
0 0.27734375 0.8015625 0.115625 0.2578125
0 0.13125 0.24375 0.0578125 0.1046875
0 0.72734375 0.734375 0.09375 0.1125
0 0.94375 0.37109375 0.1125 0.153125
0 0.97265625 0.5703125 0.0546875 0.153125
0 0.1453125 0.03046875 0.078125 0.0578125
0 0.8328125 0.03984375 0.071875 0.0515625
0 0.83359375 0.33671875 0.0875 0.078125
0 0.715625 0.22109375 0.0515625 0.0984375
0 0.31015625 0.0390625 0.0796875 0.06875
0 0.03515625 0.1015625 0.059375 0.1203125
0 0.8 0.10625 0.0625 0.0671875
0 0.62890625 0.95234375 0.090625 0.0953125
0 0.03046875 0.51953125 0.0515625 0.13125
0 0.66328125 0.68125 0.0625 0.1046875
0 0.9734375 0.7421875 0.053125 0.1953125
0 0.075 0.896875 0.046875 0.103125
0 0.91015625 0.125 0.06875 0.0578125
0 0.30234375 0.6609375 0.075 0.4140625
0 0.2328125 0.990625 0.125 0.01875
0 0.03515625 0.66328125 0.0625 0.1078125
0 0.11015625 0.98203125 0.121875 0.0359375
0 0.36875 0.325 0.0484375 0.1640625
0 0.453125 0.72578125 0.065625 0.1796875