0 0.721875 0.65390625 0.096875 0.128125
0 0.084375 0.328125 0.0796875 0.1421875
0 0.77265625 0.38359375 0.0796875 0.1046875
0 0.01640625 0.15390625 0.0328125 0.1515625
0 0.18046875 0.065625 0.1296875 0.1078125
0 0.06796875 0.57890625 0.1359375 0.0875
0 0.7203125 0.234375 0.0609375 0.1515625
0 0.8421875 0.60234375 0.1015625 0.1015625
0 0.98671875 0.1109375 0.021875 0.1125
0 0.67109375 0.375 0.0921875 0.1453125
0 0.7984375 0.140625 0.053125 0.1578125
0 0.61328125 0.0671875 0.0890625 0.1203125
0 0.3578125 0.65546875 0.08125 0.190625
0 0.4703125 0.078125 0.146875 0.15625
0 0.246875 0.72421875 0.0671875 0.178125
0 0.08828125 0.68984375 0.134375 0.084375
0 0.52109375 0.546875 0.0703125 0.1421875
0 0.3859375 0.28828125 0.078125 0.1546875
0 0.121875 0.909375 0.06875 0.1703125
0 0.8421875 0.4421875 0.0453125 0.15
0 0.6234375 0.196875 0.0984375 0.1203125
0 0.9171875 0.4609375 0.0578125 0.075
0 0.23828125 0.13984375 0.1265625 0.140625
0 0.6890625 0.953125 0.1140625 0.0640625
0 0.009375 0.88203125 0.01875 0.084375
0 0.81015625 0.94921875 0.0859375 0.0640625
0 0.88203125 0.7984375 0.084375 0.1
0 0.1796875 0.91328125 0.05625 0.1078125
0 0.465625 0.25078125 0.0953125 0.0859375
0 0.13984375 0.14609375 0.0828125 0.0671875
0 0.43984375 0.93515625 0.125 0.0859375
0 0.746875 0.9359375 0.06875 0.059375
0 0.975 0.3859375 0.028125 0.053125
0 0.95859375 0.55703125 0.0515625 0.0828125
0 0.82265625 0.2984375 0.0515625 0.0609375
0 0.21875 0.54765625 0.059375 0.1328125
0 0.06484375 0.96953125 0.0875 0.0578125
0 0.94375 0.5453125 0.0765625 0.075
0 0.1625 0.42890625 0.1140625 0.071875
0 0.528125 0.22734375 0.05625 0.1390625
0 0.73984375 0.10859375 0.078125 0.059375
0 0.4703125 0.81796875 0.0671875 0.0921875
0 0.7734375 0.1984375 0.109375 0.21875
0 0.715625 0.04140625 0.059375 0.0828125
0 0.82421875 0.02734375 0.0515625 0.0546875
0 0.61640625 0.2609375 0.1015625 0.1140625
0 0.20703125 0.32734375 0.0890625 0.11875
0 0.3328125 0.79453125 0.05625 0.0875
0 0.53203125 0.93125 0.06875 0.1125
0 0.3515625 0.96640625 0.075 0.0515625
0 0.50390625 0.240625 0.096875 0.115625