1 0.503125 0.91796875 0.184375 0.1484375
0 0.7640625 0.1390625 0.3046875 0.278125
0 0.1703125 0.409375 0.3375 0.23125
0 0.50234375 0.21171875 0.290625 0.2359375
0 0.76015625 0.371875 0.359375 0.2046875
0 0.65390625 0.78671875 0.3203125 0.1703125
0 0.5921875 0.63203125 0.2625 0.1609375
0 0.3078125 0.828125 0.3140625 0.2421875
0 0.47734375 0.353125 0.1625 0.109375
0 0.56953125 0.45234375 0.140625 0.1234375
0 0.89296875 0.57265625 0.159375 0.253125
0 0.33515625 0.36875 0.196875 0.175
1 0.24375 0.65234375 0.140625 0.1015625