0 0.65234375 0.3421875 0.409375 0.3140625
0 0.1234375 0.1828125 0.2125 0.225
0 0.6640625 0.54609375 0.2953125 0.28125
0 0.69609375 0.825 0.3453125 0.259375
0 0.9 0.15390625 0.1140625 0.1578125
0 0.35703125 0.33828125 0.1546875 0.2328125
0 0.11171875 0.37265625 0.2234375 0.2375
0 0.90390625 0.628125 0.1015625 0.2171875
0 0.38671875 0.1078125 0.1734375 0.20625
0 0.54453125 0.01328125 0.2734375 0.0265625
0 0.05546875 0.79375 0.1109375 0.25
0 0.61796875 0.0671875 0.2203125 0.134375
0 0.1328125 0.67421875 0.265625 0.365625
0 0.153125 0.05703125 0.109375 0.1140625
0 0.85859375 0.878125 0.146875 0.1140625
0 0.79609375 0.59609375 0.0859375 0.1421875
0 0.20859375 0.81875 0.159375 0.2265625
0 0.18046875 0.5375 0.128125 0.140625