0 0.471875 0.5671875 0.171875 0.1625
0 0.4921875 0.71484375 0.159375 0.1890625
0 0.28359375 0.51875 0.1765625 0.0625
0 0.58515625 0.384375 0.10625 0.0703125
0 0.7296875 0.509375 0.15 0.0609375
0 0.6171875 0.5796875 0.1046875 0.046875
0 0.38125 0.1 0.1296875 0.1375
0 0.14921875 0.38515625 0.171875 0.0875
0 0.884375 0.2890625 0.1640625 0.1203125
0 0.86484375 0.596875 0.1328125 0.0640625
0 0.0859375 0.0390625 0.1625 0.071875
0 0.1203125 0.51875 0.1625 0.0625
0 0.46875 0.8453125 0.1578125 0.125
0 0.675 0.6359375 0.10625 0.05625
0 0.70859375 0.225 0.053125 0.0640625
0 0.1296875 0.2828125 0.1 0.1015625
0 0.30078125 0.4203125 0.1921875 0.0625
0 0.73671875 0.10390625 0.096875 0.06875
0 0.01875 0.315625 0.0375 0.090625
0 0.971875 0.23515625 0.0515625 0.16875
0 0.95703125 0.3546875 0.0828125 0.10625
0 0.19765625 0.26796875 0.0671875 0.0875
0 0.84375 0.6921875 0.0921875 0.075
0 0.2 0.72890625 0.1921875 0.253125
0 0.7921875 0.2453125 0.0640625 0.0609375
0 0.42265625 0.4359375 0.1015625 0.0546875
0 0.0703125 0.67265625 0.1390625 0.2
0 0.06171875 0.77890625 0.1234375 0.3578125