0 0.2109375 0.184375 0.1 0.15
0 0.6421875 0.45625 0.2453125 0.28125
0 0.609375 0.725 0.3640625 0.3234375
0 0.08671875 0.13046875 0.128125 0.1765625
0 0.2765625 0.11328125 0.065625 0.1515625
0 0.265625 0.9453125 0.1671875 0.109375
0 0.48671875 0.10625 0.0640625 0.1046875
0 0.71171875 0.30234375 0.059375 0.1265625
0 0.38984375 0.1203125 0.0875 0.11875
0 0.94453125 0.63515625 0.0859375 0.1046875
0 0.31015625 0.49765625 0.13125 0.1609375
0 0.48125 0.40078125 0.06875 0.1203125
0 0.13046875 0.95234375 0.0828125 0.0953125
0 0.809375 0.6265625 0.071875 0.1
0 0.09453125 0.3359375 0.1328125 0.1578125
0 0.82890625 0.19921875 0.1078125 0.0953125
0 0.42265625 0.38984375 0.075 0.115625
0 0.79375 0.4609375 0.071875 0.046875
0 0.0328125 0.6171875 0.040625 0.1140625
0 0.546875 0.08125 0.0484375 0.0765625
0 0.98515625 0.55546875 0.0296875 0.0765625