0 0.525 0.24453125 0.2640625 0.1609375
0 0.2 0.6609375 0.3484375 0.171875
0 0.5421875 0.80546875 0.309375 0.19375
0 0.2203125 0.3421875 0.3625 0.1625
0 0.62109375 0.67421875 0.325 0.175
0 0.25703125 0.13828125 0.3546875 0.2546875
0 0.78515625 0.421875 0.346875 0.121875
0 0.3515625 0.575 0.14375 0.090625
1 0.234375 0.86796875 0.259375 0.234375
0 0.784375 0.5234375 0.14375 0.1046875
0 0.52265625 0.3546875 0.1671875 0.06875
0 0.3453125 0.403125 0.1734375 0.1
0 0.56953125 0.50390625 0.1046875 0.128125
1 0.92109375 0.3796875 0.153125 0.103125