0 0.30546875 0.28984375 0.1515625 0.115625
0 0.69921875 0.7734375 0.2046875 0.2765625
0 0.459375 0.57890625 0.2140625 0.18125
0 0.86640625 0.59140625 0.2359375 0.1390625
0 0.3203125 0.6328125 0.1515625 0.1125
0 0.48046875 0.44765625 0.1484375 0.0953125
0 0.37109375 0.15703125 0.096875 0.134375
0 0.8984375 0.36484375 0.1359375 0.075
0 0.5765625 0.9046875 0.140625 0.0859375
0 0.12890625 0.615625 0.171875 0.1140625
0 0.12734375 0.06015625 0.1234375 0.0703125
0 0.625 0.5484375 0.2203125 0.1296875
0 0.88046875 0.171875 0.0921875 0.071875
0 0.71953125 0.39375 0.1015625 0.0609375
0 0.52734375 0.01640625 0.1171875 0.0328125
0 0.73984375 0.45234375 0.1296875 0.090625
0 0.39296875 0.675 0.0859375 0.078125
0 0.94453125 0.459375 0.1109375 0.1453125
0 0.31015625 0.55546875 0.1015625 0.065625
0 0.1109375 0.446875 0.1609375 0.11875
0 0.93984375 0.5453125 0.1203125 0.16875
0 0.34921875 0.9375 0.090625 0.0875
0 0.5203125 0.709375 0.128125 0.125
0 0.153125 0.5328125 0.2046875 0.084375
0 0.296875 0.4375 0.1140625 0.059375
0 0.19453125 0.7625 0.14375 0.16875
0 0.81484375 0.5125 0.1046875 0.065625
0 0.8203125 0.24609375 0.0765625 0.05625
0 0.415625 0.0359375 0.0640625 0.0703125
0 0.275 0.02421875 0.1125 0.0484375
0 0.97421875 0.703125 0.0515625 0.1515625
0 0.6046875 0.36953125 0.29375 0.1125
0 0.5359375 0.1609375 0.0640625 0.0734375
0 0.4484375 0.94921875 0.1140625 0.053125
0 0.58125 0.03046875 0.109375 0.0609375
0 0.71796875 0.93359375 0.1890625 0.05
0 0.0765625 0.76796875 0.046875 0.140625
0 0.25234375 0.39453125 0.10625 0.05
0 0.24375 0.44921875 0.1859375 0.0765625
0 0.93125 0.0421875 0.1203125 0.0609375
0 0.1203125 0.1671875 0.0796875 0.0578125
0 0.5234375 0.0671875 0.0640625 0.0609375
0 0.79921875 0.85078125 0.1140625 0.0796875