1 0.80390625 0.57890625 0.3109375 0.2453125
1 0.61484375 0.2203125 0.2 0.2875
1 0.39453125 0.2484375 0.2265625 0.2484375
1 0.38359375 0.59140625 0.16875 0.1515625
1 0.47734375 0.87578125 0.2328125 0.1640625
1 0.59609375 0.76171875 0.225 0.20625
0 0.49765625 0.50546875 0.178125 0.1796875
1 0.83828125 0.3609375 0.16875 0.1484375
0 0.68671875 0.4234375 0.2328125 0.1421875
1 0.42890625 0.13671875 0.2140625 0.2265625
1 0.19375 0.85 0.3390625 0.2203125
1 0.49296875 0.3953125 0.14375 0.0875
1 0.1796875 0.78984375 0.3140625 0.0859375