0 0.8578125 0.18359375 0.096875 0.084375
0 0.721875 0.128125 0.08125 0.0890625
0 0.5109375 0.7140625 0.0828125 0.1625
0 0.9578125 0.6921875 0.0828125 0.0671875
0 0.9609375 0.38671875 0.0734375 0.090625
0 0.93359375 0.06640625 0.1109375 0.09375
0 0.77109375 0.61640625 0.1203125 0.1078125
0 0.61328125 0.05546875 0.0734375 0.1109375
0 0.68828125 0.24375 0.084375 0.078125
0 0.9046875 0.28125 0.0578125 0.109375
0 0.853125 0.56796875 0.08125 0.109375
0 0.82578125 0.31796875 0.0546875 0.0875
0 0.0484375 0.26875 0.0703125 0.0796875
0 0.9171875 0.484375 0.0734375 0.1109375
0 0.6265625 0.63203125 0.065625 0.10625
0 0.71953125 0.428125 0.05625 0.090625
0 0.80078125 0.81640625 0.0765625 0.053125
0 0.440625 0.2359375 0.04375 0.090625
0 0.75234375 0.38671875 0.0515625 0.10625
0 0.46640625 0.54296875 0.065625 0.125
0 0.371875 0.45 0.059375 0.1359375
0 0.5640625 0.6109375 0.0625 0.15
0 0.70390625 0.50234375 0.0625 0.10625
0 0.60234375 0.39765625 0.0640625 0.1421875
0 0.6546875 0.31328125 0.0546875 0.06875
0 0.96484375 0.83515625 0.053125 0.103125
0 0.55625 0.04453125 0.0390625 0.0890625
0 0.73203125 0.69140625 0.0625 0.0765625
0 0.540625 0.18984375 0.05 0.115625
0 0.7484375 0.190625 0.0609375 0.096875
0 0.89609375 0.809375 0.0546875 0.084375
0 0.89921875 0.6171875 0.0640625 0.0796875
0 0.4328125 0.8421875 0.05625 0.15
0 0.53515625 0.35078125 0.053125 0.125
0 0.80625 0.73515625 0.05 0.1046875
0 0.6453125 0.3125 0.0609375 0.0703125
0 0.61171875 0.75234375 0.065625 0.06875
0 0.41875 0.678125 0.0484375 0.125
0 0.91171875 0.615625 0.053125 0.08125
0 0.3328125 0.59765625 0.04375 0.1296875
0 0.52578125 0.1015625 0.0375 0.103125
0 0.79140625 0.2875 0.0390625 0.096875
0 0.6015625 0.753125 0.0515625 0.0671875
0 0.365625 0.784375 0.0421875 0.103125
0 0.784375 0.5015625 0.053125 0.0890625
0 0.440625 0.84765625 0.05625 0.146875
0 0.090625 0.0625 0.0375 0.103125
0 0.3234375 0.6 0.0375 0.11875
0 0.9046875 0.8125 0.0515625 0.0796875
0 0.490625 0.43125 0.034375 0.11875
0 0.51796875 0.10078125 0.04375 0.1046875