0 0.41484375 0.57109375 0.3015625 0.159375
0 0.75390625 0.8328125 0.321875 0.28125
1 0.11953125 0.22734375 0.2390625 0.18125
1 0.35703125 0.14921875 0.2453125 0.2984375
0 0.484375 0.7421875 0.2921875 0.2625
0 0.78671875 0.61953125 0.3375 0.1921875
1 0.1765625 0.44375 0.2765625 0.271875
1 0.7453125 0.38359375 0.2359375 0.153125
0 0.440625 0.3671875 0.1125 0.10625
0 0.53203125 0.25234375 0.103125 0.16875
0 0.49453125 0.46640625 0.0859375 0.0953125
0 0.315625 0.46484375 0.2796875 0.134375
0 0.65859375 0.47109375 0.234375 0.1875
0 0.45703125 0.23359375 0.115625 0.1640625