0 0.1390625 0.3109375 0.1421875 0.0703125
0 0.07109375 0.42109375 0.125 0.1109375
0 0.3859375 0.33984375 0.1421875 0.075
0 0.0875 0.18359375 0.1421875 0.0984375
0 0.41015625 0.16953125 0.1625 0.0671875
0 0.425 0.453125 0.134375 0.059375
0 0.16484375 0.44140625 0.0984375 0.071875
0 0.71640625 0.52265625 0.0875 0.0765625
0 0.465625 0.2671875 0.125 0.0890625
0 0.91640625 0.75390625 0.0921875 0.0640625
0 0.89296875 0.3015625 0.08125 0.08125
0 0.615625 0.29453125 0.059375 0.05
0 0.61171875 0.54140625 0.0625 0.0640625
0 0.47890625 0.38359375 0.096875 0.059375
0 0.28125 0.65546875 0.071875 0.0703125
0 0.1875 0.5515625 0.0859375 0.0578125
0 0.14921875 0.665625 0.071875 0.0796875
0 0.75078125 0.05078125 0.1578125 0.1015625
0 0.653125 0.4703125 0.1171875 0.071875
0 0.8046875 0.34921875 0.0953125 0.0734375
0 0.5109375 0.5546875 0.103125 0.075
0 0.66640625 0.34609375 0.084375 0.0953125
0 0.3390625 0.434375 0.0921875 0.0671875
0 0.45 0.09375 0.0703125 0.0421875
0 0.54609375 0.4796875 0.0875 0.0734375
0 0.3546875 0.515625 0.103125 0.053125
0 0.3140625 0.6 0.08125 0.046875
0 0.56171875 0.346875 0.0640625 0.040625
0 0.59609375 0.40078125 0.075 0.05625
0 0.978125 0.61875 0.04375 0.0671875
0 0.41171875 0.58203125 0.0578125 0.059375
0 0.89921875 0.671875 0.0734375 0.0625
0 0.71796875 0.2734375 0.0796875 0.071875
0 0.9484375 0.215625 0.065625 0.0609375
0 0.60234375 0.21015625 0.0953125 0.08125
0 0.9703125 0.07578125 0.059375 0.0671875
0 0.7703125 0.1921875 0.0625 0.053125
0 0.77421875 0.2703125 0.059375 0.071875
0 0.0140625 0.10703125 0.028125 0.09375
0 0.7328125 0.84140625 0.0578125 0.04375
0 0.86328125 0.19375 0.0859375 0.0515625
0 0.19609375 0.4953125 0.1 0.0515625
0 0.5421875 0.01640625 0.146875 0.0328125
0 0.3578125 0.0671875 0.0609375 0.05625
0 0.19140625 0.01328125 0.1140625 0.0265625
0 0.97578125 0.29609375 0.0484375 0.05625
0 0.98515625 0.40546875 0.0296875 0.0859375
0 0.075 0.55234375 0.0546875 0.0703125
0 0.5890625 0.96328125 0.0515625 0.0515625
0 0.96796875 0.72109375 0.0640625 0.059375
0 0.45078125 0.93828125 0.065625 0.040625
0 0.95546875 0.6640625 0.05625 0.0484375
0 0.97265625 0.0140625 0.0546875 0.028125