0 0.14765625 0.7046875 0.1265625 0.1546875
0 0.84609375 0.6015625 0.0609375 0.1375
0 0.23515625 0.37421875 0.1 0.1015625
0 0.721875 0.70234375 0.0546875 0.140625
0 0.61796875 0.6921875 0.10625 0.2078125
0 0.81484375 0.47109375 0.125 0.1171875
0 0.546875 0.5421875 0.1 0.18125
0 0.68515625 0.3640625 0.1015625 0.128125
0 0.515625 0.2625 0.1375 0.1609375
0 0.325 0.95703125 0.09375 0.0859375
0 0.30234375 0.62578125 0.09375 0.1875
0 0.421875 0.59140625 0.0578125 0.15
0 0.95 0.6984375 0.0421875 0.1421875
0 0.63359375 0.95703125 0.06875 0.0859375
0 0.76875 0.97890625 0.096875 0.0421875
0 0.37578125 0.80234375 0.10625 0.178125
0 0.1640625 0.55390625 0.0859375 0.11875
0 0.33359375 0.3921875 0.0578125 0.090625
0 0.240625 0.5015625 0.065625 0.1390625
0 0.484375 0.396875 0.0703125 0.1578125
0 0.1609375 0.334375 0.0921875 0.0921875
0 0.8203125 0.92734375 0.0625 0.0765625
0 0.81328125 0.11484375 0.078125 0.1203125
0 0.765625 0.56171875 0.0640625 0.1046875
0 0.42578125 0.34921875 0.071875 0.1859375
0 0.56328125 0.871875 0.0625 0.08125
0 0.20546875 0.85546875 0.075 0.0765625
0 0.41796875 0.9359375 0.0515625 0.1015625
0 0.4609375 0.96171875 0.078125 0.0765625
0 0.64765625 0.88359375 0.0578125 0.065625
0 0.4265625 0.465625 0.059375 0.0671875