0 0.4328125 0.8328125 0.296875 0.2
0 0.7875 0.77890625 0.375 0.1984375
0 0.20546875 0.39453125 0.19375 0.2484375
1 0.51171875 0.17265625 0.2484375 0.2046875
0 0.08125 0.5109375 0.1625 0.2453125
0 0.76015625 0.08046875 0.209375 0.1609375
0 0.16640625 0.63359375 0.1921875 0.246875
0 0.621875 0.91328125 0.2734375 0.15
0 0.70390625 0.38359375 0.2609375 0.2328125
0 0.66015625 0.590625 0.2265625 0.190625
0 0.32421875 0.61328125 0.1265625 0.1515625
0 0.3546875 0.45546875 0.1171875 0.159375
0 0.828125 0.21484375 0.278125 0.115625
0 0.5140625 0.415625 0.1546875 0.2234375
0 0.65390625 0.371875 0.14375 0.1890625