0 0.45390625 0.190625 0.13125 0.075
0 0.56328125 0.12265625 0.1390625 0.0546875
0 0.21640625 0.23359375 0.121875 0.0734375
0 0.678125 0.5921875 0.2140625 0.1625
0 0.7921875 0.3296875 0.1875 0.078125
0 0.53671875 0.8 0.1921875 0.2140625
0 0.65859375 0.38984375 0.10625 0.0578125
0 0.37578125 0.06484375 0.1484375 0.053125
0 0.01484375 0.34140625 0.0296875 0.0578125
0 0.0875 0.4859375 0.1703125 0.0890625
0 0.74921875 0.4796875 0.2453125 0.13125
0 0.0265625 0.265625 0.053125 0.046875
0 0.8703125 0.8421875 0.128125 0.078125
0 0.78359375 0.69609375 0.1765625 0.084375
0 0.34609375 0.9375 0.11875 0.1203125
0 0.34765625 0.453125 0.165625 0.13125
0 0.67109375 0.953125 0.1796875 0.09375
0 0.51875 0.5578125 0.175 0.08125
0 0.3625 0.36171875 0.0921875 0.0703125
0 0.29765625 0.78203125 0.1953125 0.2703125
0 0.05625 0.63203125 0.1125 0.1421875
0 0.9671875 0.51953125 0.021875 0.0734375
0 0.134375 0.384375 0.1796875 0.0671875
0 0.7609375 0.884375 0.1890625 0.2296875
0 0.284375 0.6671875 0.2203125 0.165625
0 0.95390625 0.63671875 0.034375 0.071875
0 0.35234375 0.26953125 0.1296875 0.08125
0 0.009375 0.459375 0.01875 0.103125
0 0.48515625 0.30078125 0.1890625 0.0640625
0 0.4953125 0.65546875 0.2078125 0.1125
0 0.26953125 0.51796875 0.13125 0.125
0 0.03828125 0.12734375 0.0765625 0.0671875
0 0.7578125 0.1109375 0.0625 0.0671875
0 0.228125 0.153125 0.1421875 0.0546875
0 0.29140625 0.32890625 0.096875 0.0609375
0 0.89296875 0.52890625 0.153125 0.0671875
0 0.534375 0.4640625 0.1171875 0.0625