0 0.18046875 0.06796875 0.08125 0.109375
0 0.4609375 0.85 0.078125 0.1578125
0 0.20859375 0.25859375 0.0859375 0.1578125
0 0.74921875 0.20234375 0.05625 0.1296875
0 0.15 0.78828125 0.1078125 0.23125
0 0.34609375 0.9421875 0.1421875 0.115625
0 0.8984375 0.77578125 0.0578125 0.13125
0 0.06796875 0.2390625 0.1265625 0.1828125
0 0.30234375 0.78984375 0.1328125 0.1609375
0 0.69296875 0.6953125 0.1203125 0.190625
0 0.57578125 0.29921875 0.0921875 0.3171875
0 0.871875 0.1546875 0.0859375 0.1296875
0 0.515625 0.5984375 0.084375 0.2765625
0 0.96640625 0.359375 0.0671875 0.1125
0 0.44609375 0.23984375 0.20625 0.271875
0 0.30078125 0.06015625 0.1375 0.078125
0 0.99375 0.79140625 0.0125 0.1640625
0 0.57890625 0.875 0.046875 0.1296875
0 0.1 0.94296875 0.0609375 0.1078125
0 0.0546875 0.66796875 0.096875 0.24375
0 0.68515625 0.45 0.1203125 0.1140625
0 0.69296875 0.9390625 0.08125 0.121875
0 0.075 0.3859375 0.0953125 0.1484375
0 0.40078125 0.43671875 0.0859375 0.1390625
0 0.63203125 0.85 0.0578125 0.1640625
0 0.44140625 0.9921875 0.053125 0.015625
0 0.98203125 0.71875 0.0359375 0.1078125
0 0.040625 0.07265625 0.0703125 0.10625
0 0.815625 0.53203125 0.0625 0.0609375
0 0.79921875 0.5921875 0.075 0.059375
0 0.65859375 0.96953125 0.0578125 0.0609375
0 0.8578125 0.446875 0.059375 0.078125
0 0.971875 0.9734375 0.05625 0.053125
0 0.71171875 0.534375 0.071875 0.078125
0 0.02734375 0.8859375 0.0359375 0.171875
0 0.13125 0.6015625 0.0703125 0.1375