0 0.25 0.91875 0.2359375 0.15625
0 0.93828125 0.375 0.1171875 0.121875
0 0.89296875 0.828125 0.209375 0.1234375
0 0.70625 0.63671875 0.1671875 0.140625
0 0.05859375 0.19375 0.115625 0.059375
0 0.06015625 0.93203125 0.1203125 0.090625
0 0.309375 0.27265625 0.325 0.096875
0 0.46015625 0.22265625 0.1484375 0.0609375
0 0.51484375 0.67421875 0.15625 0.0953125
0 0.7296875 0.37734375 0.234375 0.0953125
0 0.34453125 0.75078125 0.1859375 0.1203125
0 0.853125 0.7015625 0.1953125 0.10625
0 0.80703125 0.57109375 0.134375 0.140625
0 0.2921875 0.55390625 0.3109375 0.3
0 0.0421875 0.340625 0.084375 0.1
0 0.83203125 0.1796875 0.3359375 0.0796875
0 0.62578125 0.240625 0.1453125 0.0515625
0 0.7671875 0.784375 0.1765625 0.115625
0 0.08046875 0.05859375 0.1609375 0.04375
0 0.56796875 0.11015625 0.1375 0.0375
0 0.15 0.14609375 0.115625 0.04375
1 0.53671875 0.903125 0.203125 0.19375
0 0.41640625 0.35234375 0.1015625 0.046875
0 0.19375 0.18984375 0.1203125 0.053125
0 0.03828125 0.8203125 0.075 0.065625
0 0.41328125 0.12109375 0.184375 0.0546875
0 0.690625 0.85 0.1765625 0.1515625
0 0.32109375 0.1140625 0.28125 0.053125
0 0.5640625 0.30390625 0.1 0.0390625
0 0.54375 0.02109375 0.0859375 0.0390625
0 0.27890625 0.16875 0.1 0.0484375
0 0.24453125 0.0140625 0.121875 0.025
0 0.52734375 0.38203125 0.1078125 0.053125