0 0.909375 0.8828125 0.18125 0.234375
0 0.69375 0.146875 0.2921875 0.1921875
0 0.7734375 0.5375 0.153125 0.09375
0 0.203125 0.05 0.1109375 0.075
0 0.6171875 0.91640625 0.25 0.1671875
0 0.4046875 0.021875 0.08125 0.0375
1 0.46171875 0.71640625 0.3375 0.15625
0 0.22890625 0.31015625 0.2890625 0.1265625
0 0.97734375 0.60625 0.0453125 0.1265625
0 0.80078125 0.64296875 0.1109375 0.0984375
0 0.36484375 0.884375 0.096875 0.109375
0 0.3578125 0.42890625 0.265625 0.1546875
0 0.35234375 0.16015625 0.103125 0.084375
0 0.71171875 0.5984375 0.08125 0.0828125
0 0.88984375 0.63046875 0.1203125 0.1203125
0 0.259375 0.903125 0.0828125 0.10625
0 0.53984375 0.32578125 0.1140625 0.103125
0 0.22578125 0.8421875 0.0703125 0.078125
0 0.43984375 0.89453125 0.084375 0.071875
0 0.225 0.1765625 0.0953125 0.10625
0 0.49765625 0.1125 0.109375 0.09375