0 0.27578125 0.68203125 0.1734375 0.1921875
0 0.56796875 0.40703125 0.2125 0.153125
0 0.8953125 0.3875 0.196875 0.18125
0 0.36015625 0.7546875 0.2109375 0.1359375
0 0.81484375 0.1328125 0.3234375 0.15
0 0.2078125 0.4515625 0.2296875 0.1203125
0 0.82578125 0.89140625 0.184375 0.1
0 0.40703125 0.33671875 0.19375 0.1359375
0 0.5265625 0.565625 0.125 0.0875
0 0.6078125 0.7671875 0.1609375 0.1578125
0 0.47109375 0.14609375 0.2765625 0.2890625
0 0.77265625 0.24921875 0.38125 0.1140625
0 0.27734375 0.284375 0.2421875 0.109375
0 0.38359375 0.5515625 0.1296875 0.0890625
0 0.08125 0.57734375 0.071875 0.1484375
0 0.1125 0.12421875 0.128125 0.059375
0 0.1828125 0.88359375 0.1203125 0.0828125
0 0.5015625 0.709375 0.084375 0.059375
0 0.96875 0.3453125 0.0625 0.125
0 0.25546875 0.0234375 0.140625 0.046875
0 0.821875 0.77578125 0.084375 0.0765625
0 0.8203125 0.01640625 0.1859375 0.0328125
0 0.884375 0.5734375 0.1 0.1609375
0 0.98203125 0.58359375 0.0359375 0.0984375
0 0.98671875 0.71484375 0.0265625 0.128125