0 0.1484375 0.69921875 0.265625 0.240625
0 0.25546875 0.50390625 0.19375 0.23125
1 0.69140625 0.715625 0.1171875 0.221875
0 0.615625 0.30078125 0.2 0.1359375
1 0.71484375 0.48046875 0.13125 0.178125
1 0.8640625 0.63046875 0.21875 0.1703125
1 0.534375 0.13984375 0.1625 0.221875
1 0.4671875 0.7140625 0.165625 0.2078125
0 0.4546875 0.41640625 0.121875 0.125
1 0.325 0.8 0.134375 0.33125
0 0.425 0.28125 0.1828125 0.1234375
1 0.565625 0.4421875 0.1078125 0.1515625
1 0.56328125 0.6578125 0.1484375 0.1765625
1 0.38671875 0.4828125 0.08125 0.171875
1 0.4265625 0.14765625 0.096875 0.1625
1 0.3953125 0.3515625 0.125 0.075
1 0.4859375 0.58125 0.0734375 0.090625