1 0.15625 0.19453125 0.2671875 0.2046875
0 0.8078125 0.85390625 0.2734375 0.2609375
0 0.6 0.75390625 0.246875 0.2453125
0 0.421875 0.484375 0.1671875 0.20625
0 0.85078125 0.64453125 0.246875 0.1765625
0 0.259375 0.4515625 0.2578125 0.2515625
0 0.8421875 0.41328125 0.296875 0.171875
1 0.41796875 0.17109375 0.2203125 0.3078125
1 0.8640625 0.23203125 0.1890625 0.159375
0 0.72578125 0.209375 0.1203125 0.1703125
0 0.73359375 0.5328125 0.09375 0.1015625
0 0.621875 0.578125 0.1125 0.0765625
0 0.621875 0.38203125 0.090625 0.1203125
0 0.6671875 0.5015625 0.0828125 0.1359375
1 0.5828125 0.24140625 0.075 0.1546875