1 0.571875 0.15234375 0.328125 0.3046875
0 0.75078125 0.3765625 0.4390625 0.19375
0 0.70078125 0.5453125 0.215625 0.196875
0 0.359375 0.34765625 0.334375 0.2046875
1 0.684375 0.86484375 0.303125 0.215625
1 0.5703125 0.74609375 0.1421875 0.215625
0 0.35625 0.5671875 0.209375 0.15
1 0.721875 0.2390625 0.1671875 0.1265625
1 0.9171875 0.7328125 0.165625 0.10625
1 0.1703125 0.409375 0.215625 0.19375
1 0.159375 0.50234375 0.1875 0.38125
1 0.2046875 0.475 0.2046875 0.0625
1 0.23125 0.4640625 0.2625 0.0890625