0 0.20703125 0.571875 0.196875 0.1265625
0 0.6140625 0.58359375 0.15625 0.2390625
0 0.5375 0.35859375 0.16875 0.2015625
0 0.39453125 0.325 0.184375 0.1328125
0 0.7953125 0.54375 0.228125 0.259375
0 0.1359375 0.121875 0.234375 0.24375
0 0.32265625 0.20625 0.190625 0.2015625
0 0.1390625 0.32265625 0.246875 0.1625
0 0.40078125 0.67265625 0.1796875 0.1703125
0 0.88828125 0.31484375 0.2234375 0.2125
0 0.2265625 0.4328125 0.1890625 0.1640625
0 0.43828125 0.57421875 0.1453125 0.0859375
0 0.71640625 0.265625 0.18125 0.2796875
0 0.30703125 0.50703125 0.1015625 0.134375
1 0.19296875 0.73125 0.1203125 0.1609375
0 0.46328125 0.44375 0.15 0.0953125
0 0.26328125 0.69453125 0.1203125 0.1421875
1 0.22265625 0.89140625 0.1453125 0.2109375