0 0.50546875 0.54140625 0.14375 0.0796875
0 0.640625 0.31953125 0.3453125 0.1578125
0 0.5640625 0.45078125 0.1890625 0.10625
0 0.4390625 0.15 0.2453125 0.26875
0 0.30703125 0.45234375 0.2703125 0.1234375
0 0.56171875 0.8828125 0.2015625 0.2046875
0 0.25859375 0.31953125 0.3546875 0.13125
1 0.73984375 0.7046875 0.215625 0.1734375
0 0.7359375 0.4890625 0.228125 0.15
1 0.834375 0.87109375 0.2546875 0.1453125
0 0.33515625 0.6171875 0.165625 0.0875
0 0.55546875 0.6359375 0.078125 0.0984375
0 0.565625 0.71796875 0.1046875 0.09375
1 0.11953125 0.7328125 0.2171875 0.1140625
0 0.6453125 0.59453125 0.1 0.0734375
0 0.4546875 0.6359375 0.0875 0.1359375
1 0.29765625 0.83046875 0.10625 0.05