0 0.2421875 0.3703125 0.2109375 0.165625
0 0.58203125 0.0796875 0.159375 0.1359375
0 0.3 0.090625 0.2453125 0.1265625
0 0.68046875 0.421875 0.378125 0.2265625
0 0.540625 0.2171875 0.1625 0.0640625
0 0.315625 0.71875 0.0640625 0.059375
0 0.64765625 0.6859375 0.090625 0.1328125
0 0.34609375 0.6015625 0.0703125 0.05625
0 0.5703125 0.62890625 0.1015625 0.0828125
0 0.3828125 0.51796875 0.065625 0.065625
0 0.65546875 0.57578125 0.109375 0.0515625
0 0.69140625 0.71953125 0.175 0.2109375
0 0.0453125 0.28359375 0.090625 0.0859375
0 0.915625 0.2296875 0.1140625 0.0640625
0 0.04921875 0.18046875 0.096875 0.0453125
0 0.29375 0.19609375 0.1671875 0.0546875
0 0.42421875 0.64921875 0.0640625 0.0578125
0 0.6203125 0.87734375 0.078125 0.075
0 0.27109375 0.1984375 0.2296875 0.0609375
0 0.93125 0.3203125 0.121875 0.1296875
0 0.9359375 0.30703125 0.1140625 0.096875
0 0.2671875 0.21328125 0.2296875 0.0890625
0 0.03671875 0.04609375 0.0484375 0.0578125
0 0.490625 0.56484375 0.06875 0.04375
0 0.55078125 0.703125 0.0546875 0.065625
0 0.33046875 0.01796875 0.1546875 0.0359375