0 0.89453125 0.1859375 0.196875 0.165625
0 0.7953125 0.8359375 0.203125 0.2859375
0 0.6625 0.159375 0.1609375 0.1328125
0 0.57265625 0.56171875 0.228125 0.134375
0 0.62890625 0.71328125 0.2140625 0.215625
0 0.80078125 0.30546875 0.1515625 0.1953125
0 0.77734375 0.49921875 0.1703125 0.1421875
0 0.2859375 0.44921875 0.2109375 0.23125
0 0.13359375 0.34453125 0.2671875 0.1953125
0 0.284375 0.165625 0.18125 0.2625
0 0.40078125 0.29140625 0.2359375 0.125
0 0.4546875 0.465625 0.109375 0.221875
0 0.8609375 0.63203125 0.2359375 0.153125
0 0.4734375 0.184375 0.1328125 0.121875
0 0.51953125 0.3875 0.0765625 0.1234375
1 0.91015625 0.06171875 0.153125 0.1234375
0 0.64375 0.2296875 0.1078125 0.0671875
0 0.55390625 0.2578125 0.0703125 0.128125
0 0.7671875 0.071875 0.1734375 0.14375