0 0.8484375 0.22890625 0.178125 0.15
0 0.77734375 0.8484375 0.18125 0.2890625
0 0.63046875 0.19765625 0.146875 0.11875
0 0.559375 0.57265625 0.209375 0.1203125
0 0.6171875 0.715625 0.1953125 0.196875
0 0.765625 0.3375 0.1359375 0.178125
0 0.7484375 0.51953125 0.1546875 0.128125
0 0.2859375 0.45859375 0.190625 0.2109375
0 0.1359375 0.35625 0.25625 0.175
0 0.2765625 0.19296875 0.1609375 0.2421875
0 0.38984375 0.31328125 0.2171875 0.1109375
0 0.4453125 0.4796875 0.0953125 0.20625
0 0.85703125 0.646875 0.2671875 0.1375
0 0.45390625 0.215625 0.121875 0.1109375
0 0.50390625 0.40703125 0.0671875 0.1140625
1 0.85859375 0.09921875 0.1390625 0.1375
0 0.615625 0.2625 0.0984375 0.0609375
0 0.53125 0.2859375 0.0625 0.11875
0 0.72578125 0.10390625 0.15625 0.1578125