0 0.7015625 0.2 0.1453125 0.1328125
0 0.22421875 0.2828125 0.0875 0.10625
0 0.75234375 0.8046875 0.0984375 0.190625
0 0.5 0.79140625 0.09375 0.1671875
0 0.2875 0.2421875 0.084375 0.1140625
0 0.83984375 0.53671875 0.0828125 0.1640625
0 0.46796875 0.3 0.1078125 0.1421875
0 0.5890625 0.11328125 0.075 0.1328125
0 0.646875 0.33046875 0.103125 0.078125
0 0.903125 0.9421875 0.128125 0.115625
0 0.9171875 0.80078125 0.0859375 0.178125
0 0.05625 0.575 0.0640625 0.1046875
0 0.9296875 0.6359375 0.090625 0.1515625
0 0.565625 0.25625 0.071875 0.1109375
0 0.6140625 0.1734375 0.0609375 0.0453125
0 0.74765625 0.6609375 0.096875 0.1125
0 0.74296875 0.56015625 0.084375 0.0734375
0 0.58828125 0.46953125 0.05 0.0796875
0 0.50546875 0.1703125 0.0453125 0.0765625
0 0.96953125 0.4828125 0.0609375 0.1015625
0 0.50859375 0.34375 0.0703125 0.0734375
0 0.153125 0.27421875 0.0703125 0.071875
0 0.18828125 0.38515625 0.0890625 0.08125
0 0.615625 0.8875 0.0609375 0.0921875
0 0.2828125 0.91953125 0.0984375 0.1609375
0 0.66796875 0.565625 0.075 0.071875
0 0.26875 0.78984375 0.0640625 0.14375
0 0.15390625 0.69765625 0.05625 0.09375
0 0.19140625 0.4734375 0.065625 0.0953125
0 0.16015625 0.59140625 0.0484375 0.1296875
0 0.7859375 0.94765625 0.0765625 0.1046875
0 0.371875 0.5125 0.078125 0.0625
0 0.11015625 0.48125 0.0734375 0.0671875
0 0.5765625 0.72421875 0.0859375 0.134375
0 0.675 0.71484375 0.04375 0.1109375
0 0.3984375 0.25390625 0.0734375 0.06875
0 0.24296875 0.4609375 0.0625 0.0953125
0 0.33125 0.5484375 0.0625 0.0734375
0 0.40234375 0.44609375 0.0625 0.08125
0 0.0515625 0.146875 0.0546875 0.1
0 0.984375 0.8828125 0.03125 0.1140625
0 0.2359375 0.64375 0.0609375 0.059375
0 0.11953125 0.47734375 0.065625 0.078125
0 0.56953125 0.72734375 0.0765625 0.109375
0 0.69921875 0.965625 0.0671875 0.06875