1 0.775 0.42734375 0.1703125 0.2765625
0 0.9359375 0.2875 0.1265625 0.20625
0 0.26796875 0.25859375 0.1515625 0.2640625
0 0.60234375 0.16875 0.0859375 0.1328125
0 0.8921875 0.06015625 0.215625 0.1203125
0 0.659375 0.21875 0.0640625 0.0703125
0 0.54375 0.53125 0.1421875 0.2390625
0 0.4375 0.38125 0.0875 0.0921875
0 0.67890625 0.06328125 0.10625 0.11875
0 0.6921875 0.1328125 0.078125 0.10625
0 0.4515625 0.65859375 0.115625 0.24375
0 0.328125 0.65859375 0.0890625 0.08125
0 0.7984375 0.16953125 0.0515625 0.0859375
0 0.24296875 0.42734375 0.0796875 0.1
0 0.93984375 0.5109375 0.1125 0.078125
0 0.103125 0.69375 0.0828125 0.0859375
0 0.30078125 0.5578125 0.0703125 0.1046875
0 0.1609375 0.50703125 0.075 0.0859375
0 0.9375 0.440625 0.05625 0.0734375
0 0.21171875 0.690625 0.06875 0.1
0 0.2328125 0.69140625 0.0671875 0.09375
0 0.94765625 0.58828125 0.059375 0.065625
0 0.6796875 0.0890625 0.103125 0.1703125