0 0.58203125 0.175 0.1640625 0.115625
0 0.28125 0.540625 0.1734375 0.10625
0 0.73984375 0.07890625 0.1609375 0.1578125
0 0.5578125 0.88125 0.165625 0.19375
0 0.90625 0.084375 0.1875 0.1546875
0 0.6421875 0.5609375 0.228125 0.175
0 0.659375 0.73125 0.253125 0.134375
0 0.19765625 0.38515625 0.1640625 0.2140625
0 0.26796875 0.0796875 0.196875 0.159375
0 0.4578125 0.234375 0.1125 0.1375
0 0.403125 0.79375 0.2265625 0.1796875
0 0.8859375 0.23984375 0.1625 0.1671875
0 0.34453125 0.43828125 0.1296875 0.125
0 0.4359375 0.6078125 0.1484375 0.115625
0 0.71328125 0.3640625 0.1359375 0.1875
0 0.49765625 0.50546875 0.18125 0.0828125
0 0.07578125 0.2140625 0.1515625 0.165625
0 0.32578125 0.68671875 0.171875 0.1359375
0 0.59375 0.375 0.078125 0.14375
0 0.55390625 0.27890625 0.06875 0.05
1 0.09296875 0.05703125 0.1859375 0.1140625
0 0.70234375 0.17734375 0.0671875 0.0546875
0 0.746875 0.23671875 0.05625 0.0765625
0 0.79140625 0.22265625 0.0484375 0.1109375
0 0.359375 0.1890625 0.121875 0.1453125
0 0.378125 0.18203125 0.1578125 0.15625
0 0.50546875 0.290625 0.0609375 0.0609375
0 0.79765625 0.21796875 0.0640625 0.1125