0 0.890625 0.2140625 0.215625 0.209375
0 0.55234375 0.7703125 0.2640625 0.253125
0 0.3921875 0.13359375 0.15625 0.2265625
0 0.7703125 0.87734375 0.2703125 0.2453125
0 0.5 0.1921875 0.153125 0.2
0 0.825 0.7171875 0.275 0.2125
0 0.5203125 0.34609375 0.0890625 0.1125
0 0.7375 0.534375 0.19375 0.153125
0 0.29375 0.3515625 0.190625 0.21875
0 0.70546875 0.2140625 0.165625 0.1796875
0 0.50703125 0.5953125 0.2484375 0.1734375
0 0.7203125 0.4015625 0.1 0.14375
0 0.61484375 0.29765625 0.1484375 0.115625
1 0.146875 0.134375 0.2703125 0.1953125
0 0.553125 0.46640625 0.0671875 0.1171875
0 0.41640625 0.42734375 0.2375 0.184375
0 0.8234375 0.35625 0.196875 0.16875