0 0.67109375 0.87734375 0.2421875 0.240625
0 0.2828125 0.4015625 0.14375 0.209375
1 0.64296875 0.1421875 0.1828125 0.24375
0 0.46953125 0.77890625 0.25 0.2
1 0.48671875 0.296875 0.18125 0.1359375
1 0.7265625 0.31796875 0.2359375 0.1203125
0 0.3921875 0.57265625 0.134375 0.1296875
1 0.7046875 0.55234375 0.259375 0.178125
0 0.25390625 0.60234375 0.1328125 0.1859375
1 0.78515625 0.70703125 0.353125 0.1453125
1 0.4625 0.64140625 0.178125 0.0875
1 0.11484375 0.48671875 0.2296875 0.1625
1 0.6640625 0.4484375 0.190625 0.15
1 0.4328125 0.45546875 0.159375 0.1171875
1 0.115625 0.6 0.16875 0.1
1 0.32734375 0.63203125 0.0828125 0.121875
1 0.57109375 0.5359375 0.09375 0.0765625