0 0.83203125 0.75625 0.3078125 0.178125
1 0.5734375 0.38359375 0.2578125 0.1734375
1 0.43125 0.90546875 0.125 0.1734375
1 0.36484375 0.16484375 0.271875 0.290625
0 0.5109375 0.690625 0.1796875 0.0984375
0 0.6015625 0.49765625 0.2578125 0.115625
0 0.2734375 0.66875 0.1375 0.121875
0 0.33984375 0.77890625 0.103125 0.1140625
0 0.20078125 0.790625 0.1796875 0.1390625
0 0.26875 0.390625 0.3109375 0.1703125
0 0.384375 0.6203125 0.084375 0.1421875
1 0.38828125 0.50546875 0.1328125 0.1140625
1 0.69140625 0.86953125 0.1125 0.1359375
0 0.43125 0.75234375 0.0984375 0.11875
0 0.5734375 0.784375 0.1546875 0.109375