0 0.58203125 0.09296875 0.15625 0.140625
0 0.24609375 0.371875 0.21875 0.1640625
0 0.3078125 0.09375 0.2734375 0.1375
0 0.6859375 0.00078125 0.159375 0.0015625
0 0.91953125 0.34375 0.1515625 0.146875
0 0.04609375 0.27890625 0.0921875 0.0984375
0 0.5328125 0.2265625 0.16875 0.0734375
0 0.68515625 0.4234375 0.39375 0.20625
0 0.35078125 0.60703125 0.071875 0.0578125
0 0.90859375 0.2453125 0.1078125 0.065625
0 0.04765625 0.175 0.0953125 0.059375
0 0.56875 0.6359375 0.1 0.0875
0 0.31953125 0.72265625 0.0671875 0.0640625
0 0.68203125 0.7328125 0.165625 0.23125
0 0.3828125 0.52265625 0.065625 0.075
0 0.27421875 0.20390625 0.2140625 0.0734375
0 0.65625 0.58046875 0.11875 0.0734375
0 0.65234375 0.68984375 0.1 0.128125