0 0.47421875 0.39296875 0.1765625 0.3734375
0 0.1734375 0.52265625 0.225 0.3375
0 0.0765625 0.5859375 0.109375 0.171875
0 0.58046875 0.3015625 0.1015625 0.2140625
0 0.7875 0.1578125 0.221875 0.2421875
0 0.56640625 0.7015625 0.4125 0.328125
0 0.6078125 0.09453125 0.165625 0.1328125
0 0.36171875 0.52890625 0.0953125 0.1765625
0 0.8515625 0.946875 0.1234375 0.10625
0 0.47265625 0.1609375 0.0859375 0.1609375
0 0.18046875 0.8515625 0.2390625 0.296875
0 0.33203125 0.64296875 0.071875 0.1125
0 0.29765625 0.09921875 0.059375 0.109375
0 0.02109375 0.6515625 0.0421875 0.0953125
0 0.21171875 0.090625 0.06875 0.146875
0 0.8140625 0.6125 0.346875 0.3296875
0 0.9296875 0.990625 0.0828125 0.01875