0 0.3984375 0.15234375 0.159375 0.2078125
0 0.09921875 0.1609375 0.1984375 0.203125
0 0.159375 0.38515625 0.1375 0.146875
0 0.53125 0.08125 0.1484375 0.1609375
0 0.83046875 0.640625 0.1640625 0.240625
0 0.503125 0.35625 0.13125 0.1296875
0 0.1328125 0.90234375 0.1703125 0.175
0 0.29921875 0.384375 0.1140625 0.159375
0 0.2578125 0.78359375 0.1765625 0.1765625
0 0.6625 0.8515625 0.165625 0.11875
0 0.7984375 0.328125 0.0984375 0.1421875
0 0.38125 0.89140625 0.1390625 0.1671875
0 0.946875 0.709375 0.0953125 0.2109375
0 0.3109375 0.071875 0.0609375 0.1296875
0 0.446875 0.5671875 0.1390625 0.165625
0 0.27734375 0.209375 0.0515625 0.090625
0 0.2546875 0.0640625 0.0546875 0.128125
0 0.8109375 0.44375 0.1140625 0.1296875
0 0.87265625 0.15703125 0.065625 0.1015625
0 0.74453125 0.18984375 0.0703125 0.1234375
0 0.58125 0.28671875 0.103125 0.1875
0 0.66640625 0.3734375 0.1109375 0.1640625
0 0.96640625 0.1875 0.0609375 0.1828125
0 0.02421875 0.89765625 0.0484375 0.2046875
0 0.875 0.8078125 0.0890625 0.0875
0 0.92734375 0.434375 0.134375 0.1671875
0 0.034375 0.75703125 0.06875 0.1296875
0 0.49140625 0.8375 0.11875 0.096875
0 0.25859375 0.49921875 0.1109375 0.071875
0 0.81875 0.17734375 0.059375 0.1328125
0 0.95859375 0.9078125 0.075 0.0546875
0 0.9046875 0.45078125 0.09375 0.1125