0 0.33828125 0.68828125 0.15 0.2015625
0 0.490625 0.6203125 0.171875 0.1875
0 0.45 0.3328125 0.1984375 0.2921875
0 0.3 0.2984375 0.0953125 0.19375
0 0.6125 0.6203125 0.1453125 0.2765625
0 0.41953125 0.878125 0.1125 0.1796875
0 0.6375 0.42890625 0.1078125 0.190625
0 0.84453125 0.48828125 0.1234375 0.184375
0 0.39453125 0.1703125 0.08125 0.1265625
0 0.1703125 0.7796875 0.1015625 0.1578125
0 0.70703125 0.29453125 0.1265625 0.084375
0 0.44140625 0.409375 0.109375 0.1578125
0 0.065625 0.340625 0.0703125 0.090625
0 0.6015625 0.85625 0.1390625 0.1484375
0 0.15 0.03671875 0.0765625 0.0578125
0 0.70625 0.5390625 0.0546875 0.1
0 0.884375 0.95546875 0.16875 0.0890625
0 0.39296875 0.55546875 0.0578125 0.11875
0 0.921875 0.77265625 0.09375 0.1140625
0 0.9546875 0.6265625 0.0890625 0.1953125
0 0.109375 0.42734375 0.059375 0.0984375
0 0.03203125 0.03984375 0.0640625 0.071875
0 0.7578125 0.6421875 0.0671875 0.1078125
0 0.365625 0.2578125 0.0671875 0.146875
0 0.959375 0.65234375 0.08125 0.1453125
0 0.053125 0.4375 0.0296875 0.071875
0 0.44375 0.0609375 0.071875 0.075
0 0.196875 0.53125 0.065625 0.115625
0 0.7546875 0.52890625 0.0578125 0.10625
0 0.18125 0.64140625 0.065625 0.0828125