0 0.64296875 0.090625 0.1140625 0.059375
0 0.49609375 0.3640625 0.209375 0.1515625
0 0.37578125 0.8359375 0.159375 0.1078125
0 0.16640625 0.09765625 0.125 0.1359375
0 0.328125 0.68828125 0.2046875 0.096875
0 0.434375 0.925 0.1359375 0.146875
0 0.109375 0.30078125 0.1375 0.0796875
0 0.27734375 0.32734375 0.1 0.0515625
0 0.6171875 0.8921875 0.1359375 0.071875
0 0.2109375 0.2171875 0.146875 0.1046875
0 0.4890625 0.71484375 0.0875 0.10625
0 0.2109375 0.56328125 0.1859375 0.1984375
0 0.26015625 0.02578125 0.2359375 0.0484375
0 0.46484375 0.13671875 0.134375 0.0609375
0 0.97265625 0.33203125 0.0546875 0.0578125
0 0.71328125 0.5609375 0.153125 0.0875
0 0.60703125 0.1828125 0.16875 0.0609375
0 0.95859375 0.44375 0.0765625 0.08125
0 0.2546875 0.43828125 0.1171875 0.0609375
0 0.34609375 0.39375 0.0953125 0.0578125
0 0.5421875 0.27734375 0.0984375 0.0640625
0 0.7453125 0.965625 0.2421875 0.065625
0 0.72578125 0.640625 0.125 0.075
0 0.05390625 0.61796875 0.1078125 0.1140625
0 0.5859375 0.96015625 0.115625 0.0765625
0 0.02890625 0.759375 0.05625 0.0984375
0 0.96171875 0.0390625 0.075 0.0765625
0 0.6 0.70859375 0.0828125 0.0546875