0 0.24140625 0.63203125 0.115625 0.159375
0 0.21875 0.42109375 0.1296875 0.21875
0 0.16328125 0.1171875 0.125 0.1390625
0 0.4734375 0.22734375 0.1015625 0.18125
0 0.31796875 0.234375 0.225 0.2703125
0 0.7375 0.51484375 0.0734375 0.1046875
0 0.85625 0.82421875 0.0546875 0.0921875
0 0.68671875 0.4203125 0.065625 0.0859375
0 0.04765625 0.68984375 0.0953125 0.1921875
0 0.628125 0.72890625 0.0984375 0.128125
0 0.53515625 0.778125 0.0703125 0.159375
0 0.16328125 0.79921875 0.065625 0.1140625
0 0.77109375 0.32421875 0.053125 0.1078125
0 0.371875 0.678125 0.1109375 0.096875
0 0.84765625 0.44375 0.075 0.1078125
0 0.54296875 0.06015625 0.1109375 0.0859375
0 0.62578125 0.628125 0.0609375 0.1046875
0 0.78515625 0.4734375 0.0765625 0.103125
0 0.903125 0.94375 0.0515625 0.084375
0 0.16796875 0.59296875 0.059375 0.0828125
0 0.30625 0.53984375 0.0640625 0.1046875
0 0.36640625 0.51171875 0.0734375 0.109375
0 0.95859375 0.07265625 0.0796875 0.08125
0 0.7296875 0.83359375 0.0640625 0.121875
0 0.7640625 0.2234375 0.0640625 0.1359375
0 0.040625 0.6140625 0.08125 0.134375
0 0.071875 0.790625 0.14375 0.115625
0 0.84921875 0.11953125 0.1765625 0.1234375
0 0.90703125 0.6515625 0.0765625 0.128125
0 0.175 0.21640625 0.0640625 0.0890625
0 0.0546875 0.01953125 0.109375 0.0375