0 0.3375 0.84765625 0.26875 0.284375
0 0.36796875 0.515625 0.13125 0.0921875
0 0.56015625 0.6921875 0.2765625 0.1515625
0 0.21171875 0.67265625 0.371875 0.15625
1 0.4890625 0.2046875 0.1828125 0.1640625
1 0.265625 0.1203125 0.2671875 0.2109375
1 0.290625 0.4109375 0.1171875 0.1546875
0 0.6515625 0.30546875 0.159375 0.16875
0 0.74921875 0.47421875 0.15625 0.225
1 0.2765625 0.253125 0.1359375 0.0828125
1 0.88984375 0.41484375 0.1609375 0.1046875
0 0.4875 0.53515625 0.1046875 0.053125
0 0.5625 0.45234375 0.1640625 0.1625
0 0.7375 0.3046875 0.0953125 0.09375