0 0.8984375 0.23203125 0.1625 0.246875
0 0.14609375 0.6015625 0.26875 0.2515625
0 0.85234375 0.45234375 0.1859375 0.2
0 0.2671875 0.38984375 0.175 0.2578125
0 0.6421875 0.31328125 0.1140625 0.15625
0 0.4390625 0.659375 0.128125 0.271875
0 0.7640625 0.68203125 0.159375 0.16875
0 0.63203125 0.81484375 0.125 0.1734375
0 0.6578125 0.44140625 0.1328125 0.1484375
0 0.32109375 0.6984375 0.1234375 0.309375
0 0.43125 0.33046875 0.1765625 0.3140625
0 0.765625 0.18359375 0.1125 0.3078125
0 0.6984375 0.56171875 0.10625 0.159375
0 0.5859375 0.69375 0.1171875 0.134375
1 0.5609375 0.3328125 0.065625 0.0796875
0 0.74921875 0.8796875 0.15 0.2
0 0.76640625 0.80859375 0.1171875 0.0953125