1 0.32578125 0.72578125 0.0765625 0.0734375
0 0.51875 0.71328125 0.1375 0.10625
1 0.46171875 0.3578125 0.1453125 0.0890625
0 0.39609375 0.86953125 0.1328125 0.2359375
1 0.61640625 0.3546875 0.10625 0.0734375
1 0.4046875 0.64296875 0.1109375 0.084375
0 0.59296875 0.53515625 0.0578125 0.0859375
1 0.596875 0.45859375 0.078125 0.0453125
0 0.759375 0.58515625 0.2875 0.125
1 0.72265625 0.74375 0.0765625 0.1296875
1 0.60625 0.640625 0.0796875 0.1125
1 0.89296875 0.7234375 0.2015625 0.121875
1 0.56953125 0.1578125 0.1609375 0.2734375
1 0.2421875 0.60859375 0.1296875 0.0921875
1 0.17109375 0.84140625 0.3015625 0.146875
1 0.28671875 0.52578125 0.0859375 0.0671875
1 0.50390625 0.46015625 0.053125 0.04375