0 0.34140625 0.50234375 0.1125 0.10625
1 0.2265625 0.47109375 0.1203125 0.1609375
0 0.60703125 0.27109375 0.23125 0.1375
0 0.43515625 0.6109375 0.1109375 0.11875
0 0.56015625 0.3984375 0.1828125 0.1109375
0 0.37421875 0.40234375 0.1796875 0.1
0 0.59609375 0.50859375 0.121875 0.184375
0 0.36015625 0.259375 0.2265625 0.178125
0 0.64453125 0.82421875 0.1359375 0.3203125
0 0.8390625 0.746875 0.2609375 0.1875
0 0.1765625 0.65703125 0.1140625 0.1328125
0 0.265625 0.66171875 0.2109375 0.196875
0 0.7125 0.55546875 0.1625 0.2046875
0 0.48828125 0.67578125 0.1703125 0.16875
1 0.1015625 0.60234375 0.18125 0.10625
0 0.45546875 0.54453125 0.096875 0.0515625
0 0.4890625 0.13515625 0.1609375 0.2359375