0 0.49375 0.88671875 0.103125 0.1703125
0 0.30625 0.73515625 0.084375 0.1359375
0 0.6328125 0.72265625 0.0859375 0.1484375
0 0.4578125 0.44921875 0.153125 0.109375
0 0.734375 0.58828125 0.075 0.1703125
0 0.93125 0.44609375 0.1234375 0.1046875
0 0.06328125 0.309375 0.09375 0.15
0 0.49140625 0.015625 0.109375 0.03125
0 0.50234375 0.740625 0.1484375 0.1765625
0 0.64140625 0.3421875 0.1484375 0.140625
0 0.746875 0.29921875 0.0890625 0.2046875
0 0.33359375 0.3734375 0.0703125 0.1578125
0 0.33984375 0.203125 0.0703125 0.0765625
0 0.6375 0.55078125 0.0671875 0.15625
0 0.87890625 0.5171875 0.0921875 0.1046875
0 0.36953125 0.76484375 0.0875 0.08125
0 0.2203125 0.696875 0.0640625 0.1609375
0 0.37109375 0.06875 0.065625 0.0828125
0 0.18828125 0.4328125 0.078125 0.1890625
0 0.51640625 0.19921875 0.06875 0.1828125
0 0.08515625 0.67109375 0.0828125 0.0921875
0 0.12734375 0.159375 0.0875 0.090625
0 0.39296875 0.296875 0.06875 0.1375
0 0.53203125 0.5390625 0.0625 0.1234375
0 0.5375 0.4015625 0.0859375 0.15625
0 0.35 0.01484375 0.0625 0.0296875
0 0.321875 0.61015625 0.053125 0.1375
0 0.36171875 0.54609375 0.053125 0.1796875
0 0.10546875 0.48203125 0.06875 0.0828125
0 0.18515625 0.034375 0.0703125 0.06875
0 0.784375 0.49921875 0.0578125 0.1046875
0 0.20703125 0.34375 0.05625 0.1375