1 0.13359375 0.16640625 0.2671875 0.3078125
0 0.82734375 0.55703125 0.3234375 0.321875
0 0.6609375 0.34375 0.2046875 0.4640625
0 0.6578125 0.74296875 0.171875 0.3265625
1 0.37109375 0.8484375 0.140625 0.303125
1 0.37734375 0.31484375 0.2046875 0.265625
0 0.146875 0.4484375 0.2484375 0.2234375
0 0.5 0.48125 0.1546875 0.2046875
0 0.3484375 0.5953125 0.14375 0.175
0 0.5296875 0.678125 0.0921875 0.190625
0 0.4546875 0.73125 0.1203125 0.165625
1 0.28046875 0.9140625 0.1265625 0.171875
1 0.45234375 0.88203125 0.06875 0.1328125