0 0.86640625 0.73125 0.2328125 0.221875
0 0.1015625 0.6703125 0.203125 0.1796875
0 0.10390625 0.88125 0.1703125 0.23125
0 0.27265625 0.8296875 0.1578125 0.203125
0 0.815625 0.5265625 0.203125 0.1875
0 0.20859375 0.5234375 0.184375 0.2375
1 0.31953125 0.13203125 0.1765625 0.24375
0 0.5625 0.66015625 0.1296875 0.1953125
0 0.696875 0.73046875 0.11875 0.221875
0 0.40234375 0.70390625 0.1890625 0.1703125
0 0.56796875 0.45 0.078125 0.14375
0 0.5609375 0.3390625 0.203125 0.0953125
0 0.33984375 0.325 0.175 0.1671875
0 0.51875 0.2328125 0.2296875 0.165625
0 0.33671875 0.52109375 0.0734375 0.0890625
0 0.69375 0.41015625 0.1140625 0.125
0 0.51796875 0.575 0.0890625 0.0953125
0 0.42890625 0.58515625 0.084375 0.0796875
0 0.478125 0.40078125 0.1171875 0.0859375
0 0.21796875 0.35390625 0.1984375 0.09375
0 0.35625 0.43125 0.1171875 0.08125
0 0.48671875 0.52265625 0.0484375 0.109375