0 0.51953125 0.8609375 0.2234375 0.2625
0 0.5109375 0.21015625 0.1703125 0.1453125
0 0.37265625 0.7171875 0.2546875 0.165625
1 0.27578125 0.2765625 0.1859375 0.190625
0 0.6453125 0.5875 0.2296875 0.121875
0 0.66953125 0.1328125 0.18125 0.2453125
0 0.63671875 0.7234375 0.2203125 0.146875
1 0.1359375 0.375 0.2203125 0.171875
0 0.73984375 0.46015625 0.2125 0.1484375
1 0.853125 0.2015625 0.2 0.1703125
0 0.41953125 0.58046875 0.184375 0.1078125
0 0.25625 0.471875 0.1734375 0.190625
0 0.39765625 0.4703125 0.125 0.1796875
0 0.71953125 0.34296875 0.18125 0.165625
0 0.42890625 0.3109375 0.1265625 0.1484375
1 0.53671875 0.3390625 0.053125 0.0828125