0 0.3484375 0.15859375 0.228125 0.25625
0 0.33984375 0.84453125 0.1828125 0.2640625
0 0.54375 0.228125 0.19375 0.2296875
0 0.090625 0.67421875 0.18125 0.19375
0 0.74296875 0.46953125 0.13125 0.2234375
0 0.4625 0.675 0.1671875 0.175
0 0.24375 0.53984375 0.26875 0.215625
0 0.35 0.371875 0.18125 0.196875
1 0.475 0.4359375 0.0734375 0.175
1 0.88046875 0.2515625 0.209375 0.1921875
1 0.121875 0.878125 0.24375 0.24375
0 0.5625 0.575 0.0765625 0.1828125
0 0.55234375 0.37421875 0.1234375 0.0765625
1 0.86953125 0.3875 0.153125 0.1328125
0 0.68671875 0.57421875 0.15 0.1046875