0 0.76015625 0.18828125 0.1125 0.203125
0 0.31875 0.1078125 0.13125 0.1546875
0 0.15625 0.1515625 0.1609375 0.16875
0 0.3984375 0.715625 0.2421875 0.3453125
0 0.403125 0.22734375 0.1640625 0.1734375
0 0.90703125 0.32265625 0.15625 0.3046875
0 0.07734375 0.5921875 0.1546875 0.3125
0 0.24453125 0.86171875 0.184375 0.2515625
0 0.65078125 0.8328125 0.378125 0.2734375
0 0.0578125 0.8328125 0.115625 0.1625
1 0.62578125 0.45234375 0.35 0.359375
0 0.46796875 0.04453125 0.0640625 0.0890625
0 0.45234375 0.91328125 0.2609375 0.128125
0 0.15703125 0.6015625 0.08125 0.1125
0 0.0328125 0.26015625 0.065625 0.1984375
0 0.23359375 0.37734375 0.1140625 0.159375
0 0.0640625 0.403125 0.128125 0.1171875
0 0.36328125 0.02890625 0.0671875 0.0578125
0 0.73203125 0.04765625 0.0875 0.0953125
0 0.0984375 0.81484375 0.090625 0.109375
0 0.2828125 0.015625 0.1578125 0.03125
0 0.26796875 0.43828125 0.1390625 0.1828125
0 0.9390625 0.13046875 0.071875 0.096875
0 0.54140625 0.03125 0.084375 0.0625