0 0.303125 0.30546875 0.221875 0.184375
0 0.6890625 0.84609375 0.0890625 0.2109375
0 0.53671875 0.0609375 0.134375 0.1125
0 0.0609375 0.5828125 0.1203125 0.196875
0 0.596875 0.74609375 0.096875 0.1375
0 0.15234375 0.15234375 0.103125 0.0875
0 0.60390625 0.64765625 0.128125 0.1015625
0 0.76484375 0.48671875 0.0796875 0.1671875
0 0.5578125 0.4109375 0.15 0.146875
0 0.5078125 0.15625 0.08125 0.1984375
0 0.46171875 0.25234375 0.0546875 0.0765625
0 0.51796875 0.603125 0.0765625 0.15625
0 0.040625 0.36640625 0.08125 0.1171875
0 0.46875 0.4765625 0.0859375 0.1640625
0 0.25546875 0.125 0.090625 0.0953125
0 0.834375 0.0953125 0.1296875 0.078125
0 0.71953125 0.6296875 0.06875 0.1359375
0 0.04140625 0.14609375 0.0828125 0.1203125
0 0.57578125 0.27578125 0.0703125 0.065625
0 0.7921875 0.775 0.065625 0.1890625
0 0.1109375 0.240625 0.065625 0.0953125
0 0.9453125 0.3578125 0.109375 0.3203125
0 0.09140625 0.02734375 0.078125 0.0546875
0 0.8984375 0.946875 0.0484375 0.08125
0 0.85 0.90078125 0.0609375 0.0703125
0 0.72890625 0.2203125 0.059375 0.1046875
0 0.88671875 0.4796875 0.071875 0.1140625
0 0.309375 0.80078125 0.0515625 0.0484375
0 0.96640625 0.13984375 0.0671875 0.0734375
0 0.97734375 0.02578125 0.0453125 0.0515625
0 0.98046875 0.7953125 0.0390625 0.1046875
0 0.9 0.67734375 0.0515625 0.0765625