1 0.15625 0.66328125 0.259375 0.1625
1 0.875 0.62578125 0.25 0.225
0 0.57109375 0.7890625 0.234375 0.246875
0 0.59375 0.375 0.2515625 0.171875
0 0.78203125 0.87265625 0.178125 0.2546875
0 0.4296875 0.1875 0.2578125 0.3484375
0 0.68125 0.5625 0.1796875 0.2234375
0 0.30625 0.3921875 0.3234375 0.153125
0 0.37109375 0.72578125 0.2515625 0.240625
0 0.56328125 0.48984375 0.165625 0.1
0 0.40390625 0.50859375 0.1359375 0.134375
0 0.29375 0.51015625 0.1453125 0.1625
0 0.5234375 0.64609375 0.1234375 0.0875