0 0.49296875 0.2703125 0.115625 0.0765625
0 0.76875 0.7171875 0.159375 0.0921875
0 0.90625 0.62421875 0.1875 0.1515625
0 0.7140625 0.26796875 0.128125 0.06875
0 0.48828125 0.425 0.0734375 0.0640625
0 0.0671875 0.37265625 0.096875 0.05625
0 0.46328125 0.6203125 0.1328125 0.0546875
0 0.7359375 0.63828125 0.0875 0.075
0 0.38125 0.40625 0.1046875 0.071875
0 0.88671875 0.2296875 0.1296875 0.0625
0 0.1859375 0.16015625 0.128125 0.071875
0 0.653125 0.378125 0.121875 0.046875
0 0.38125 0.22265625 0.078125 0.0671875
0 0.29609375 0.88125 0.115625 0.128125
0 0.3359375 0.71796875 0.2078125 0.121875
0 0.5078125 0.71484375 0.09375 0.071875
0 0.11875 0.3109375 0.1046875 0.04375
0 0.1921875 0.421875 0.10625 0.0390625
0 0.2 0.36484375 0.1359375 0.04375
0 0.928125 0.33359375 0.1390625 0.0484375
0 0.03515625 0.1953125 0.0671875 0.0609375
0 0.22421875 0.29765625 0.115625 0.04375
0 0.8640625 0.93359375 0.2078125 0.1
0 0.3421875 0.6109375 0.125 0.05625
0 0.3609375 0.3203125 0.125 0.05625
0 0.72421875 0.48984375 0.09375 0.10625
0 0.95234375 0.73671875 0.0890625 0.121875
0 0.5234375 0.08828125 0.09375 0.0546875
0 0.20234375 0.740625 0.128125 0.1109375
0 0.20078125 0.38671875 0.1328125 0.0703125
0 0.3640625 0.0890625 0.0875 0.05
0 0.41328125 0.4859375 0.128125 0.040625
0 0.421875 0.41796875 0.2046875 0.078125
0 0.30078125 0.17890625 0.071875 0.0453125
0 0.92421875 0.48671875 0.103125 0.0515625
0 0.78515625 0.12890625 0.0609375 0.046875
0 0.38828125 0.53515625 0.121875 0.0484375
0 0.16796875 0.54921875 0.2078125 0.0859375
0 0.61015625 0.02421875 0.0546875 0.0484375