0 0.66015625 0.18125 0.16875 0.3
0 0.14296875 0.1921875 0.275 0.2609375
0 0.8046875 0.18125 0.1453125 0.196875
0 0.51015625 0.265625 0.115625 0.2203125
0 0.92890625 0.16875 0.1421875 0.2015625
0 0.75546875 0.503125 0.1953125 0.3078125
1 0.515625 0.86875 0.1765625 0.20625
0 0.371875 0.175 0.1375 0.134375
0 0.9046875 0.3453125 0.190625 0.184375
0 0.309375 0.578125 0.2328125 0.1796875
1 0.40625 0.790625 0.203125 0.3234375
0 0.25859375 0.0921875 0.10625 0.184375
0 0.40390625 0.43359375 0.153125 0.18125
0 0.57265625 0.496875 0.175 0.115625
0 0.534375 0.6546875 0.1640625 0.2015625
1 0.63359375 0.7421875 0.2203125 0.1671875
0 0.425 0.271875 0.1421875 0.153125