0 0.68359375 0.28515625 0.0671875 0.1546875
0 0.5546875 0.340625 0.053125 0.1375
0 0.43125 0.3140625 0.10625 0.128125
0 0.95625 0.2015625 0.0625 0.103125
0 0.30390625 0.80546875 0.1578125 0.175
0 0.74765625 0.734375 0.0703125 0.109375
0 0.4640625 0.43359375 0.08125 0.1828125
0 0.775 0.26171875 0.05625 0.1640625
0 0.18203125 0.5796875 0.1609375 0.1671875
0 0.84140625 0.16171875 0.05625 0.1375
0 0.89296875 0.8671875 0.078125 0.10625
0 0.62265625 0.84609375 0.0890625 0.1421875
0 0.4578125 0.20078125 0.0734375 0.103125
0 0.7046875 0.84765625 0.0703125 0.178125
0 0.8671875 0.04453125 0.0484375 0.0890625
0 0.71953125 0.1484375 0.0921875 0.0953125
0 0.8421875 0.33984375 0.0578125 0.121875
0 0.76171875 0.5546875 0.0515625 0.0703125
0 0.34453125 0.45 0.0890625 0.1671875
0 0.02578125 0.53125 0.0515625 0.128125
0 0.58984375 0.23203125 0.0875 0.084375
0 0.15703125 0.79296875 0.1640625 0.2078125
0 0.70546875 0.590625 0.05 0.1703125
0 0.3359375 0.675 0.0828125 0.1359375
0 0.753125 0.05859375 0.05 0.1171875
0 0.52421875 0.14921875 0.0765625 0.084375
0 0.95546875 0.0984375 0.05 0.11875
0 0.63046875 0.03203125 0.05 0.0640625
0 0.52890625 0.7859375 0.0609375 0.1
0 0.5859375 0.06875 0.0515625 0.0875
0 0.340625 0.09765625 0.0703125 0.109375
0 0.21015625 0.18984375 0.0796875 0.1171875
0 0.39609375 0.11875 0.0953125 0.0984375
0 0.4796875 0.69453125 0.065625 0.1265625
0 0.31015625 0.2109375 0.0703125 0.1609375
0 0.79921875 0.63203125 0.0625 0.0671875
0 0.615625 0.5234375 0.075 0.25625
0 0.85625 0.74453125 0.065625 0.053125
0 0.29375 0.95703125 0.0703125 0.03125
0 0.3109375 0.91796875 0.0921875 0.0921875
0 0.525 0.69609375 0.0453125 0.0984375
0 0.771875 0.80390625 0.065625 0.0609375
0 0.371875 0.59140625 0.078125 0.078125
0 0.50546875 0.8234375 0.0859375 0.0859375
0 0.490625 0.521875 0.0515625 0.0953125
0 0.6765625 0.46953125 0.0484375 0.096875
0 0.26953125 0.33828125 0.0625 0.1453125
0 0.70078125 0.01953125 0.0546875 0.0390625