0 0.309375 0.184375 0.2125 0.3625
0 0.5171875 0.3 0.196875 0.3375
0 0.821875 0.5796875 0.31875 0.34375
0 0.71875 0.22578125 0.1671875 0.2453125
0 0.4125 0.584375 0.0859375 0.1671875
0 0.0765625 0.53515625 0.153125 0.2
0 0.88046875 0.06875 0.2390625 0.1203125
0 0.41328125 0.40859375 0.0921875 0.153125
0 0.08046875 0.13828125 0.1609375 0.2765625
0 0.4859375 0.74609375 0.221875 0.35
0 0.34296875 0.578125 0.065625 0.1203125
0 0.178125 0.71015625 0.2578125 0.315625
0 0.66796875 0.02109375 0.1234375 0.028125
0 0.390625 0.03359375 0.14375 0.059375
0 0.66171875 0.90234375 0.0875 0.0828125
0 0.2390625 0.3703125 0.075 0.1296875
0 0.61015625 0.4875 0.065625 0.10625
0 0.58203125 0.96953125 0.125 0.0609375
0 0.18359375 0.33359375 0.059375 0.0953125