1 0.41875 0.54375 0.1078125 0.0828125
0 0.2 0.8625 0.2890625 0.23125
0 0.80546875 0.2234375 0.24375 0.309375
0 0.86015625 0.44453125 0.2796875 0.178125
0 0.75078125 0.54921875 0.18125 0.1515625
0 0.59140625 0.32265625 0.2890625 0.2390625
0 0.82734375 0.81328125 0.2 0.203125
0 0.42578125 0.8875 0.19375 0.225
0 0.65625 0.7484375 0.15625 0.11875
0 0.56484375 0.7953125 0.2125 0.20625
0 0.31640625 0.65078125 0.2703125 0.2375
0 0.51328125 0.45078125 0.328125 0.1828125
0 0.78515625 0.665625 0.1375 0.11875
0 0.625 0.59140625 0.0734375 0.1125
0 0.62890625 0.67890625 0.1078125 0.059375
1 0.89375 0.69765625 0.09375 0.1359375
1 0.3671875 0.421875 0.121875 0.1140625