0 0.1984375 0.140625 0.278125 0.28125
0 0.175 0.38828125 0.3359375 0.2015625
0 0.33203125 0.67265625 0.203125 0.1609375
0 0.465625 0.2078125 0.25 0.225
0 0.79453125 0.73125 0.1375 0.2671875
0 0.83359375 0.484375 0.1484375 0.240625
0 0.525 0.375 0.20625 0.13125
0 0.91953125 0.60234375 0.1609375 0.2046875
1 0.29453125 0.8890625 0.1640625 0.1984375
0 0.69375 0.490625 0.103125 0.1859375
0 0.36484375 0.55703125 0.24375 0.1375
0 0.48359375 0.83671875 0.15625 0.225
0 0.64140625 0.6625 0.140625 0.15625
0 0.5046875 0.59296875 0.0546875 0.0953125
0 0.49453125 0.49765625 0.0671875 0.1078125