0 0.10390625 0.74140625 0.2078125 0.209375
0 0.7234375 0.31640625 0.25625 0.1515625
1 0.64296875 0.14140625 0.2359375 0.2515625
0 0.46328125 0.27109375 0.2546875 0.1578125
0 0.45078125 0.41484375 0.234375 0.1359375
0 0.20546875 0.578125 0.209375 0.225
0 0.44609375 0.7765625 0.209375 0.228125
1 0.78125 0.7765625 0.134375 0.175
1 0.80859375 0.5953125 0.1515625 0.1421875
1 0.63125 0.446875 0.1265625 0.128125
1 0.25859375 0.84765625 0.175 0.2765625
1 0.60078125 0.7515625 0.153125 0.10625
0 0.45546875 0.51875 0.1890625 0.0859375
0 0.66640625 0.66171875 0.171875 0.0953125
1 0.36875 0.5796875 0.0984375 0.1359375
1 0.896875 0.72265625 0.121875 0.134375
1 0.515625 0.68125 0.10625 0.071875
0 0.6078125 0.57109375 0.10625 0.075
0 0.47890625 0.61796875 0.1375 0.0703125