0 0.821875 0.3859375 0.3515625 0.2
0 0.35 0.8921875 0.3078125 0.1609375
0 0.16171875 0.4390625 0.3125 0.184375
0 0.58671875 0.77109375 0.2578125 0.1671875
0 0.6015625 0.55703125 0.3078125 0.16875
0 0.240625 0.71171875 0.2734375 0.2078125
0 0.515625 0.10703125 0.1515625 0.153125
0 0.17109375 0.20703125 0.334375 0.1828125
0 0.5421875 0.38828125 0.2015625 0.0984375
0 0.3609375 0.246875 0.1546875 0.0796875
0 0.28671875 0.35 0.209375 0.1171875
0 0.3421875 0.0640625 0.2234375 0.128125
0 0.83828125 0.06640625 0.153125 0.1296875
0 0.56171875 0.94375 0.178125 0.1109375
0 0.78671875 0.534375 0.2515625 0.125
0 0.38671875 0.546875 0.1296875 0.0953125
0 0.22265625 0.54921875 0.1140625 0.065625
0 0.7203125 0.79765625 0.1765625 0.125
0 0.4859375 0.66796875 0.0765625 0.0671875
0 0.43125 0.45 0.1046875 0.0640625