0 0.8609375 0.55390625 0.2765625 0.171875
0 0.16015625 0.296875 0.1703125 0.1328125
0 0.2890625 0.878125 0.1734375 0.24375
0 0.12265625 0.89609375 0.18125 0.2078125
0 0.17421875 0.1328125 0.1859375 0.2046875
0 0.709375 0.3890625 0.175 0.24375
0 0.6953125 0.678125 0.1671875 0.2875
0 0.2046875 0.57109375 0.15 0.18125
0 0.3375 0.19375 0.16875 0.1703125
0 0.38203125 0.715625 0.221875 0.1578125
0 0.11171875 0.71484375 0.20625 0.15625
0 0.57890625 0.3015625 0.15 0.296875
0 0.24765625 0.421875 0.1421875 0.1546875
0 0.403125 0.3734375 0.1703125 0.125
0 0.525 0.6328125 0.1734375 0.21875
1 0.396875 0.5890625 0.0515625 0.1046875
1 0.38359375 0.2890625 0.0953125 0.071875
1 0.45546875 0.56953125 0.090625 0.115625
0 0.3296875 0.57421875 0.1046875 0.0765625