0 0.62890625 0.04453125 0.109375 0.0890625
0 0.44296875 0.30234375 0.1375 0.09375
0 0.26328125 0.32734375 0.203125 0.1078125
0 0.9015625 0.1625 0.1390625 0.096875
0 0.23203125 0.15390625 0.221875 0.1484375
0 0.85859375 0.78671875 0.2015625 0.25
0 0.03828125 0.60546875 0.0765625 0.1109375
0 0.5234375 0.38359375 0.109375 0.090625
0 0.171875 0.84375 0.2328125 0.165625
0 0.2171875 0.48515625 0.2515625 0.1390625
0 0.73203125 0.15859375 0.209375 0.0796875
0 0.6125 0.49296875 0.1125 0.0875
0 0.25546875 0.6578125 0.2046875 0.11875
0 0.57421875 0.2265625 0.103125 0.0765625
0 0.54296875 0.5234375 0.1046875 0.071875
0 0.5703125 0.840625 0.1359375 0.178125
0 0.59140625 0.615625 0.115625 0.0703125
0 0.51171875 0.6375 0.1015625 0.06875
0 0.634375 0.4 0.0828125 0.05625
0 0.27890625 0.02890625 0.1625 0.0578125
0 0.41484375 0.84609375 0.153125 0.065625
0 0.9375 0.58984375 0.0578125 0.1125
0 0.50078125 0.76015625 0.1078125 0.08125
0 0.75078125 0.95625 0.24375 0.0453125
0 0.11015625 0.34296875 0.0703125 0.05625
0 0.78125 0.01796875 0.1734375 0.0359375
0 0.34921875 0.94921875 0.1703125 0.0734375
0 0.0234375 0.35625 0.046875 0.0625
0 0.4890625 0.93984375 0.0765625 0.065625
0 0.35390625 0.959375 0.1484375 0.05625