0 0.60234375 0.6875 0.2 0.2875
0 0.146875 0.740625 0.2296875 0.259375
0 0.22109375 0.52109375 0.215625 0.29375
1 0.31796875 0.84296875 0.15625 0.3140625
1 0.72890625 0.7921875 0.1390625 0.259375
1 0.48046875 0.76796875 0.1984375 0.2734375
0 0.5671875 0.1625 0.1796875 0.3203125
0 0.378125 0.50546875 0.103125 0.20625
0 0.64609375 0.36796875 0.2234375 0.1578125
1 0.76015625 0.509375 0.1671875 0.2171875
1 0.4234375 0.3234375 0.2328125 0.1515625
1 0.896875 0.70703125 0.20625 0.215625
1 0.41953125 0.134375 0.1453125 0.2640625
0 0.4765625 0.46484375 0.134375 0.128125