0 0.8859375 0.20078125 0.1609375 0.246875
0 0.14140625 0.353125 0.18125 0.2796875
1 0.76953125 0.90703125 0.165625 0.1859375
0 0.86328125 0.7421875 0.253125 0.1625
0 0.61640625 0.821875 0.184375 0.240625
0 0.31484375 0.34140625 0.1515625 0.303125
0 0.07109375 0.5234375 0.1421875 0.2234375
0 0.16796875 0.64609375 0.1671875 0.2796875
0 0.740625 0.18984375 0.14375 0.2671875
0 0.45 0.16953125 0.1640625 0.1625
0 0.88359375 0.39765625 0.2203125 0.18125
0 0.3078125 0.65 0.140625 0.275
0 0.43671875 0.2765625 0.1515625 0.1421875
0 0.7671875 0.528125 0.165625 0.2515625
0 0.409375 0.559375 0.09375 0.1265625
0 0.41328125 0.4078125 0.084375 0.1390625
0 0.49453125 0.70703125 0.15625 0.0921875
0 0.63984375 0.653125 0.1484375 0.096875
0 0.65703125 0.52265625 0.084375 0.1484375
1 0.56875 0.11484375 0.1125 0.15625
0 0.61015625 0.31484375 0.153125 0.1921875
0 0.5015625 0.615625 0.121875 0.0578125