0 0.6078125 0.79609375 0.2140625 0.1859375
0 0.8359375 0.42109375 0.184375 0.2296875
0 0.88359375 0.17578125 0.23125 0.3015625
0 0.69140625 0.52421875 0.121875 0.2296875
0 0.1453125 0.3890625 0.290625 0.2234375
0 0.69453125 0.1953125 0.171875 0.3015625
0 0.58984375 0.346875 0.1796875 0.178125
0 0.4484375 0.6984375 0.1671875 0.2765625
0 0.32109375 0.534375 0.184375 0.26875
0 0.1390625 0.16484375 0.24375 0.265625
0 0.3546875 0.15546875 0.1796875 0.3109375
0 0.47734375 0.30546875 0.1828125 0.228125
1 0.36875 0.91015625 0.1671875 0.159375
1 0.77734375 0.534375 0.0921875 0.1125