0 0.146875 0.33203125 0.2765625 0.3109375
0 0.315625 0.1984375 0.1796875 0.39375
0 0.31484375 0.5796875 0.1734375 0.3375
1 0.92890625 0.1890625 0.1421875 0.3171875
1 0.88671875 0.45390625 0.2 0.225
1 0.8140625 0.21015625 0.09375 0.1625
0 0.509375 0.33671875 0.1125 0.1625
1 0.6375 0.23984375 0.20625 0.134375
0 0.78046875 0.653125 0.2109375 0.175
0 0.58984375 0.78828125 0.2640625 0.1875
0 0.57421875 0.5765625 0.2078125 0.2140625
0 0.49453125 0.475 0.0609375 0.1140625
1 0.659375 0.9125 0.109375 0.084375