0 0.1171875 0.6234375 0.1671875 0.10625
0 0.171875 0.559375 0.1359375 0.0921875
0 0.57578125 0.66015625 0.203125 0.103125
0 0.04375 0.48671875 0.0359375 0.0796875
0 0.46796875 0.453125 0.14375 0.0515625
0 0.6296875 0.0421875 0.128125 0.0765625
0 0.7765625 0.11015625 0.103125 0.078125
0 0.35625 0.93125 0.2125 0.1125
0 0.31875 0.4015625 0.1546875 0.121875
0 0.7625 0.77734375 0.0953125 0.0671875
0 0.7234375 0.93359375 0.096875 0.059375
0 0.53984375 0.515625 0.1546875 0.06875
0 0.13046875 0.8578125 0.1109375 0.0875
0 0.44453125 0.85 0.13125 0.0640625
0 0.08359375 0.953125 0.0609375 0.0828125
0 0.45703125 0.5734375 0.109375 0.10625
0 0.75234375 0.65 0.09375 0.0546875
0 0.62734375 0.834375 0.096875 0.1046875
0 0.025 0.32578125 0.015625 0.0625
0 0.275 0.8078125 0.0875 0.0546875
0 0.07734375 0.75859375 0.0609375 0.08125
0 0.64140625 0.93359375 0.071875 0.06875
0 0.09609375 0.23046875 0.053125 0.0578125
0 0.7078125 0.8265625 0.06875 0.09375
0 0.809375 0.5203125 0.1203125 0.071875