0 0.821875 0.13828125 0.2375 0.253125
0 0.81640625 0.36015625 0.2578125 0.1703125
0 0.1765625 0.3578125 0.30625 0.23125
0 0.60859375 0.19140625 0.221875 0.265625
0 0.69765625 0.71640625 0.253125 0.1375
0 0.34609375 0.5203125 0.1296875 0.1921875
0 0.38828125 0.659375 0.234375 0.146875
1 0.45625 0.78515625 0.259375 0.1421875
0 0.646875 0.4375 0.1140625 0.125
1 0.68125 0.89296875 0.2 0.2015625
0 0.54140625 0.34296875 0.1296875 0.0828125
0 0.384375 0.31171875 0.1484375 0.2046875
0 0.60703125 0.58671875 0.1609375 0.115625
0 0.55546875 0.51484375 0.134375 0.1375
0 0.45390625 0.3734375 0.09375 0.096875
0 0.44609375 0.4734375 0.0671875 0.096875
0 0.2390625 0.48671875 0.121875 0.0890625