1 0.44140625 0.915625 0.1515625 0.16875
0 0.80859375 0.63515625 0.3140625 0.3734375
0 0.134375 0.49296875 0.26875 0.353125
0 0.271875 0.32265625 0.175 0.353125
0 0.62421875 0.78046875 0.2546875 0.4390625
1 0.4921875 0.21953125 0.0796875 0.13125
0 0.2828125 0.66171875 0.1625 0.3390625
0 0.3828125 0.57421875 0.0765625 0.1859375
1 0.32109375 0.94375 0.115625 0.1125
1 0.7140625 0.2875 0.290625 0.525
0 0.46640625 0.38671875 0.0875 0.196875
1 0.40234375 0.1515625 0.11875 0.196875
0 0.58046875 0.3171875 0.1625 0.3828125
0 0.37734375 0.36328125 0.11875 0.234375
1 0.68125 0.53515625 0.071875 0.0828125
1 0.5578125 0.21171875 0.0515625 0.0984375