1 0.90703125 0.89609375 0.1640625 0.2078125
0 0.35546875 0.3578125 0.16875 0.3796875
0 0.3421875 0.784375 0.1875 0.3921875
0 0.51484375 0.796875 0.16875 0.3578125
1 0.15703125 0.55703125 0.3125 0.28125
0 0.71484375 0.2484375 0.1734375 0.2796875
1 0.74453125 0.8515625 0.15 0.2453125
0 0.89140625 0.66171875 0.1671875 0.2
0 0.77734375 0.44609375 0.175 0.1359375
0 0.50859375 0.415625 0.1234375 0.2953125
0 0.6046875 0.38515625 0.1765625 0.140625
0 0.64375 0.64140625 0.084375 0.20625
0 0.84375 0.41171875 0.134375 0.1265625
1 0.8515625 0.53828125 0.15 0.0984375
1 0.79609375 0.171875 0.1015625 0.284375