0 0.19375 0.8515625 0.1015625 0.1828125
0 0.54453125 0.38671875 0.096875 0.0953125
0 0.23828125 0.09609375 0.109375 0.1421875
0 0.24609375 0.22890625 0.0859375 0.165625
0 0.16796875 0.72265625 0.1 0.2
0 0.440625 0.903125 0.1796875 0.1265625
0 0.60234375 0.5921875 0.0734375 0.08125
0 0.6609375 0.10078125 0.0515625 0.13125
0 0.728125 0.02890625 0.065625 0.0578125
0 0.91640625 0.8765625 0.0515625 0.090625
0 0.15078125 0.2890625 0.05625 0.1484375
0 0.32265625 0.39375 0.09375 0.1046875
0 0.065625 0.93984375 0.0640625 0.075
0 0.521875 0.528125 0.08125 0.065625
0 0.87265625 0.50703125 0.06875 0.1453125
0 0.78359375 0.1484375 0.075 0.09375
0 0.428125 0.25859375 0.0796875 0.0828125
0 0.86640625 0.909375 0.0671875 0.034375
0 0.15390625 0.453125 0.165625 0.2109375
0 0.31015625 0.53046875 0.121875 0.165625
0 0.6796875 0.59375 0.0546875 0.11875
0 0.32890625 0.83984375 0.0640625 0.1015625
0 0.24609375 0.9359375 0.053125 0.0828125
0 0.9078125 0.68828125 0.0546875 0.121875
0 0.61171875 0.290625 0.09375 0.0609375
0 0.7796875 0.59921875 0.04375 0.0796875
0 0.4703125 0.1203125 0.0484375 0.125
0 0.36484375 0.69609375 0.13125 0.14375
0 0.65078125 0.1921875 0.0640625 0.1015625
0 0.896875 0.89375 0.084375 0.0625
0 0.46875 0.4140625 0.0953125 0.0796875
0 0.88515625 0.16796875 0.0609375 0.0734375
0 0.6921875 0.33046875 0.053125 0.109375
0 0.02265625 0.753125 0.0453125 0.078125
0 0.0421875 0.3671875 0.084375 0.084375
0 0.23125 0.6828125 0.059375 0.0921875
0 0.4046875 0.01875 0.0640625 0.0375
0 0.43984375 0.48046875 0.0671875 0.0765625
0 0.765625 0.31484375 0.065625 0.103125
0 0.73828125 0.22578125 0.071875 0.1015625
0 0.96640625 0.05078125 0.0671875 0.1015625
0 0.72734375 0.1640625 0.0609375 0.0703125