1 0.08984375 0.7890625 0.1796875 0.3703125
0 0.8296875 0.48515625 0.24375 0.2609375
0 0.4296875 0.29609375 0.1515625 0.284375
0 0.34375 0.1390625 0.1703125 0.1953125
0 0.4796875 0.0859375 0.1390625 0.171875
0 0.45546875 0.6203125 0.1515625 0.240625
0 0.7421875 0.29609375 0.115625 0.20625
0 0.34296875 0.43671875 0.178125 0.2046875
0 0.64140625 0.5203125 0.1296875 0.2234375
0 0.59921875 0.42421875 0.0859375 0.1109375
1 0.76171875 0.1625 0.0796875 0.140625
1 0.3 0.76875 0.23125 0.2453125
0 0.21484375 0.49375 0.11875 0.3015625
0 0.66640625 0.278125 0.065625 0.165625
0 0.32734375 0.2890625 0.0703125 0.1375
0 0.6859375 0.1359375 0.0640625 0.09375
0 0.51484375 0.3140625 0.10625 0.2734375