1 0.34765625 0.14296875 0.1640625 0.1375
0 0.103125 0.45234375 0.1828125 0.0859375
1 0.475 0.1015625 0.109375 0.2
0 0.225 0.50390625 0.10625 0.165625
0 0.39140625 0.690625 0.1875 0.1375
0 0.909375 0.1703125 0.1421875 0.1578125
0 0.77265625 0.10390625 0.1109375 0.203125
0 0.85546875 0.3 0.1640625 0.1484375
0 0.503125 0.8484375 0.1421875 0.2734375
0 0.45390625 0.32734375 0.1078125 0.1078125
1 0.39921875 0.2640625 0.1421875 0.128125
0 0.74296875 0.38046875 0.1171875 0.1828125
0 0.5984375 0.22734375 0.184375 0.15625
0 0.603125 0.72734375 0.171875 0.125
1 0.3890625 0.8984375 0.0515625 0.11875
0 0.6171875 0.5203125 0.103125 0.0921875
1 0.31796875 0.9375 0.0734375 0.10625
0 0.65 0.40859375 0.0765625 0.1421875
0 0.3265625 0.50859375 0.075 0.1046875
0 0.61484375 0.6046875 0.1328125 0.0984375
0 0.315625 0.43046875 0.078125 0.0734375
0 0.41171875 0.48671875 0.0578125 0.1109375
0 0.5859375 0.44453125 0.1078125 0.065625
0 0.46953125 0.49609375 0.0734375 0.0828125
0 0.503125 0.56796875 0.0921875 0.0828125
1 0.2875 0.98125 0.084375 0.0375
0 0.40703125 0.98046875 0.10625 0.0390625
0 0.37578125 0.41875 0.0796875 0.0828125
1 0.4046875 0.98046875 0.1046875 0.0390625
0 0.2921875 0.98203125 0.0921875 0.0359375