0 0.85234375 0.8671875 0.2953125 0.2265625
1 0.5828125 0.41953125 0.2984375 0.221875
1 0.42265625 0.95078125 0.14375 0.0984375
1 0.34140625 0.17109375 0.3125 0.3140625
0 0.5125 0.7671875 0.20625 0.128125
0 0.615625 0.553125 0.296875 0.153125
0 0.23984375 0.72109375 0.1578125 0.153125
0 0.3171875 0.85390625 0.11875 0.1390625
0 0.1578125 0.8546875 0.2078125 0.175
0 0.23359375 0.4015625 0.3578125 0.2203125
0 0.36796875 0.675 0.0984375 0.1703125
1 0.37109375 0.54375 0.1515625 0.1421875
1 0.7203125 0.95234375 0.13125 0.0953125
0 0.421875 0.83046875 0.1140625 0.1421875
0 0.5859375 0.8796875 0.1765625 0.140625