0 0.7640625 0.83203125 0.134375 0.2859375
0 0.22578125 0.56953125 0.2015625 0.153125
0 0.52421875 0.28671875 0.234375 0.1203125
0 0.903125 0.75078125 0.1546875 0.1890625
0 0.39609375 0.73125 0.121875 0.190625
0 0.24765625 0.075 0.2140625 0.15
0 0.60078125 0.69765625 0.1953125 0.15625
0 0.84609375 0.60859375 0.1546875 0.1625
0 0.37265625 0.6109375 0.10625 0.140625
0 0.47734375 0.11484375 0.2390625 0.1890625
0 0.76171875 0.51796875 0.090625 0.19375
0 0.16640625 0.23125 0.3296875 0.1578125
0 0.6375 0.5125 0.0765625 0.115625
1 0.25546875 0.73515625 0.1484375 0.1578125
0 0.3328125 0.4578125 0.1140625 0.1609375
0 0.46015625 0.571875 0.1265625 0.1453125
0 0.5734375 0.59609375 0.0890625 0.075
1 0.68671875 0.46953125 0.08125 0.0625