0 0.1328125 0.3375 0.265625 0.1953125
0 0.27734375 0.4484375 0.20625 0.23125
0 0.28359375 0.159375 0.1796875 0.2578125
0 0.771875 0.48984375 0.165625 0.1390625
0 0.76171875 0.06640625 0.1640625 0.1328125
0 0.78828125 0.8265625 0.203125 0.2953125
0 0.8546875 0.625 0.24375 0.153125
0 0.88984375 0.18203125 0.190625 0.153125
0 0.62890625 0.71015625 0.2125 0.2140625
0 0.66171875 0.15234375 0.15625 0.1328125
0 0.79453125 0.29609375 0.1421875 0.184375
0 0.5640625 0.5609375 0.225 0.134375
0 0.45 0.46015625 0.1078125 0.2171875
0 0.4703125 0.18046875 0.1328125 0.125
0 0.4046875 0.284375 0.2171875 0.1265625
0 0.5171875 0.3828125 0.0765625 0.1296875
0 0.54609375 0.25078125 0.0671875 0.1375
1 0.90625 0.05859375 0.15625 0.1171875
0 0.640625 0.225 0.1046875 0.065625