0 0.83828125 0.53515625 0.3234375 0.290625
0 0.1796875 0.85 0.29375 0.3
1 0.36171875 0.20546875 0.203125 0.35
0 0.28203125 0.59609375 0.265625 0.2796875
0 0.42265625 0.87109375 0.175 0.2578125
0 0.715625 0.7234375 0.14375 0.2234375
0 0.36171875 0.44375 0.20625 0.15
0 0.615625 0.50859375 0.1359375 0.225
0 0.56171875 0.34921875 0.19375 0.2109375
0 0.525 0.765625 0.14375 0.159375
1 0.68046875 0.81171875 0.1296875 0.1875
1 0.88203125 0.75078125 0.2359375 0.2453125
0 0.61640625 0.6828125 0.05 0.1078125