0 0.48671875 0.63828125 0.196875 0.0765625
0 0.2375 0.38984375 0.134375 0.1046875
0 0.54375 0.8546875 0.1796875 0.1171875
0 0.4078125 0.0375 0.125 0.075
0 0.6890625 0.03125 0.1625 0.0625
0 0.60546875 0.75234375 0.134375 0.0734375
0 0.89296875 0.70390625 0.115625 0.0765625
0 0.4578125 0.3 0.1609375 0.10625
0 0.7375 0.69453125 0.109375 0.1125
0 0.81640625 0.81640625 0.1296875 0.0875
0 0.2984375 0.2640625 0.14375 0.1328125
0 0.140625 0.79921875 0.0734375 0.0796875
0 0.9703125 0.4265625 0.059375 0.0859375
0 0.728125 0.54609375 0.128125 0.071875
0 0.209375 0.034375 0.090625 0.0578125
0 0.41484375 0.89375 0.1125 0.0703125
0 0.78046875 0.45234375 0.1125 0.0703125
0 0.39921875 0.959375 0.1765625 0.053125
0 0.4625 0.23359375 0.08125 0.0921875
0 0.38046875 0.7453125 0.053125 0.0984375
0 0.2125 0.784375 0.0734375 0.0703125
0 0.1078125 0.06953125 0.0546875 0.0625
0 0.94140625 0.9203125 0.1125 0.0625
0 0.84140625 0.57421875 0.1015625 0.0734375
0 0.121875 0.44140625 0.134375 0.0546875
0 0.37578125 0.21328125 0.0765625 0.0734375
0 0.5125 0.071875 0.059375 0.084375
0 0.64765625 0.928125 0.1890625 0.084375
0 0.5109375 0.01328125 0.1015625 0.0265625
0 0.35 0.346875 0.0734375 0.0375
0 0.6375 0.95078125 0.16875 0.04375