1 0.76875 0.909375 0.20625 0.18125
0 0.32734375 0.4140625 0.13125 0.2140625
1 0.55546875 0.88046875 0.2078125 0.2390625
0 0.65546875 0.603125 0.16875 0.178125
0 0.8140625 0.3375 0.328125 0.16875
0 0.31171875 0.64296875 0.1484375 0.2203125
0 0.56953125 0.1734375 0.209375 0.278125
0 0.13359375 0.4921875 0.2671875 0.228125
0 0.67421875 0.45078125 0.2015625 0.15
0 0.47109375 0.3453125 0.2375 0.1546875
1 0.8109375 0.12421875 0.28125 0.2484375
0 0.5140625 0.70625 0.1375 0.109375
1 0.49140625 0.471875 0.20625 0.1203125
1 0.765625 0.728125 0.259375 0.1703125
1 0.43125 0.57578125 0.065625 0.115625