0 0.40390625 0.76484375 0.2140625 0.190625
1 0.52890625 0.71875 0.2234375 0.271875
1 0.7625 0.87734375 0.309375 0.2265625
0 0.4953125 0.4171875 0.1921875 0.2296875
0 0.53984375 0.9078125 0.134375 0.165625
1 0.88203125 0.25703125 0.2359375 0.3453125
1 0.61953125 0.98046875 0.2390625 0.0390625
1 0.8265625 0.5828125 0.1734375 0.2765625
0 0.1984375 0.653125 0.2515625 0.184375
0 0.59296875 0.5421875 0.175 0.159375
1 0.703125 0.540625 0.084375 0.1640625
1 0.6890625 0.715625 0.146875 0.1546875
1 0.1671875 0.81484375 0.1390625 0.196875