0 0.21796875 0.8546875 0.084375 0.1984375
0 0.07578125 0.64375 0.08125 0.1875
0 0.365625 0.83125 0.1078125 0.1796875
0 0.93515625 0.91328125 0.0984375 0.0890625
0 0.4015625 0.1515625 0.1296875 0.303125
0 0.40390625 0.43046875 0.1078125 0.1984375
0 0.8328125 0.65703125 0.3140625 0.2984375
0 0.5921875 0.2171875 0.1453125 0.2953125
0 0.41875 0.6109375 0.071875 0.159375
0 0.12265625 0.10546875 0.1328125 0.178125
0 0.40078125 0.92734375 0.2203125 0.1171875
0 0.58984375 0.9078125 0.1578125 0.1359375
0 0.2609375 0.6921875 0.2296875 0.1171875
0 0.75390625 0.9046875 0.1171875 0.08125
0 0.725 0.43515625 0.103125 0.1609375
0 0.22890625 0.01640625 0.125 0.0328125
0 0.096875 0.96796875 0.0546875 0.05625
0 0.784375 0.1640625 0.0734375 0.1078125
0 0.38203125 0.48125 0.075 0.103125
0 0.81640625 0.0421875 0.071875 0.0828125
0 0.571875 0.78828125 0.059375 0.1703125
0 0.36328125 0.025 0.0640625 0.05
0 0.15859375 0.56640625 0.115625 0.140625
0 0.9015625 0.5125 0.0765625 0.128125
0 0.64921875 0.82109375 0.0578125 0.11875
0 0.89765625 0.27578125 0.0640625 0.096875
0 0.1078125 0.90625 0.0671875 0.090625
0 0.021875 0.9515625 0.04375 0.096875