0 0.30390625 0.53046875 0.1625 0.1203125
0 0.475 0.0875 0.1375 0.1234375
0 0.32578125 0.40078125 0.203125 0.16875
0 0.57734375 0.30703125 0.15625 0.0921875
0 0.725 0.23203125 0.2125 0.0828125
0 0.6296875 0.5078125 0.2125 0.1484375
0 0.87734375 0.7671875 0.1375 0.1171875
0 0.6046875 0.05625 0.121875 0.0421875
0 0.34296875 0.68671875 0.1578125 0.1625
0 0.77421875 0.140625 0.146875 0.05625
0 0.3375 0.21796875 0.1578125 0.121875
0 0.8296875 0.6234375 0.128125 0.1078125
0 0.315625 0.84296875 0.096875 0.09375
0 0.12265625 0.2515625 0.09375 0.090625
0 0.16484375 0.678125 0.1484375 0.0890625
0 0.6140625 0.13359375 0.084375 0.0546875
0 0.39375 0.7703125 0.13125 0.1
0 0.2 0.76015625 0.1125 0.090625
0 0.83515625 0.52578125 0.096875 0.0796875
0 0.49765625 0.5625 0.14375 0.075
0 0.965625 0.41015625 0.06875 0.0640625
0 0.2171875 0.02890625 0.15625 0.0390625
0 0.83046875 0.4390625 0.125 0.0578125
0 0.309375 0.11640625 0.0921875 0.05625
0 0.03828125 0.075 0.0765625 0.0625
0 0.7171875 0.33515625 0.18125 0.0609375
0 0.9453125 0.0859375 0.109375 0.05625
0 0.6703125 0.73046875 0.1109375 0.0671875
0 0.465625 0.209375 0.10625 0.0796875
0 0.20625 0.596875 0.1265625 0.0640625
0 0.58359375 0.2171875 0.1125 0.0484375
0 0.72578125 0.603125 0.1078125 0.05625
0 0.48046875 0.46796875 0.109375 0.05625
0 0.85625 0.08515625 0.034375 0.0609375
0 0.7546875 0.15859375 0.178125 0.1140625
0 0.984375 0.86171875 0.03125 0.109375
0 0.178125 0.05078125 0.109375 0.084375