0 0.6703125 0.16484375 0.2265625 0.2859375
0 0.19453125 0.621875 0.3015625 0.1984375
0 0.5359375 0.69921875 0.2140625 0.1875
0 0.4859375 0.30390625 0.2515625 0.1703125
1 0.16171875 0.859375 0.2640625 0.2546875
0 0.78515625 0.5 0.1625 0.1515625
0 0.41875 0.82109375 0.209375 0.24375
0 0.7390625 0.37265625 0.228125 0.134375
0 0.353125 0.49765625 0.178125 0.25
0 0.51796875 0.4328125 0.165625 0.08125
0 0.68828125 0.5875 0.1765625 0.153125
1 0.88046875 0.60625 0.16875 0.1375
1 0.7578125 0.68984375 0.1125 0.1578125