0 0.31328125 0.1015625 0.18125 0.203125
0 0.60234375 0.22265625 0.23125 0.3234375
0 0.08671875 0.5953125 0.1328125 0.24375
0 0.13515625 0.13203125 0.13125 0.2640625
0 0.42890625 0.34453125 0.115625 0.153125
0 0.81015625 0.49921875 0.340625 0.3046875
0 0.56640625 0.54296875 0.0765625 0.1046875
0 0.46484375 0.665625 0.1734375 0.2484375
0 0.0546875 0.8421875 0.109375 0.2015625
0 0.340625 0.4984375 0.1015625 0.121875
0 0.34765625 0.29140625 0.1 0.1375
0 0.0078125 0.2296875 0.015625 0.225
0 0.2265625 0.353125 0.09375 0.171875
0 0.5640625 0.08515625 0.1671875 0.1703125
0 0.259375 0.8328125 0.175 0.2046875
0 0.2625 0.2046875 0.1234375 0.1890625
0 0.109375 0.3515625 0.0671875 0.11875
0 0.28984375 0.675 0.0984375 0.24375
0 0.4859375 0.859375 0.140625 0.134375
0 0.546875 0.92421875 0.1078125 0.08125
0 0.0515625 0.3828125 0.0609375 0.1140625
0 0.190625 0.50703125 0.103125 0.1