0 0.5515625 0.8359375 0.175 0.296875
0 0.50234375 0.175 0.2484375 0.2171875
1 0.859375 0.584375 0.19375 0.29375
0 0.33125 0.39609375 0.16875 0.215625
1 0.178125 0.065625 0.165625 0.13125
0 0.88203125 0.325 0.2359375 0.1625
0 0.12890625 0.21015625 0.2546875 0.1625
0 0.69609375 0.4296875 0.1640625 0.15625
0 0.684375 0.5640625 0.21875 0.2125
0 0.434375 0.615625 0.2265625 0.1171875
1 0.30546875 0.11875 0.0828125 0.15
0 0.784375 0.75234375 0.2546875 0.196875
0 0.57578125 0.49140625 0.0859375 0.203125
0 0.5515625 0.36015625 0.096875 0.2203125