0 0.86953125 0.21484375 0.2296875 0.3171875
1 0.4046875 0.315625 0.1578125 0.290625
0 0.75625 0.51015625 0.14375 0.290625
0 0.64765625 0.19140625 0.16875 0.3203125
0 0.58671875 0.85 0.16875 0.2921875
0 0.45859375 0.6734375 0.1484375 0.096875
0 0.615625 0.65546875 0.165625 0.09375
0 0.57734375 0.3703125 0.1296875 0.11875
0 0.3578125 0.6421875 0.121875 0.259375
1 0.1140625 0.425 0.190625 0.2234375
0 0.64375 0.53125 0.075 0.175
1 0.26640625 0.3515625 0.090625 0.1796875
1 0.25625 0.55625 0.0953125 0.1875