0 0.33984375 0.534375 0.1703125 0.2734375
0 0.75234375 0.15234375 0.221875 0.3046875
0 0.47421875 0.75390625 0.1234375 0.225
0 0.309375 0.82578125 0.228125 0.303125
0 0.859375 0.3453125 0.265625 0.18125
0 0.58359375 0.83671875 0.1546875 0.240625
0 0.73046875 0.5453125 0.1828125 0.2140625
0 0.6921875 0.84765625 0.11875 0.196875
0 0.58984375 0.3171875 0.2515625 0.2078125
1 0.15078125 0.69765625 0.3015625 0.2140625
0 0.72109375 0.65625 0.15 0.146875
0 0.471875 0.5640625 0.0875 0.1453125
1 0.8640625 0.82578125 0.2 0.18125