0 0.17421875 0.12578125 0.3484375 0.2515625
0 0.57890625 0.30546875 0.1640625 0.14375
0 0.81328125 0.43515625 0.3734375 0.3515625
0 0.48125 0.465625 0.1609375 0.1671875
0 0.359375 0.803125 0.2546875 0.184375
0 0.51796875 0.575 0.146875 0.140625
0 0.940625 0.91484375 0.1171875 0.1703125
0 0.89609375 0.7078125 0.1921875 0.146875
0 0.6421875 0.7734375 0.5078125 0.453125
0 0.38359375 0.171875 0.2359375 0.1671875
0 0.29375 0.415625 0.184375 0.16875
0 0.21171875 0.58671875 0.125 0.196875
0 0.184375 0.7421875 0.36875 0.515625
0 0.9734375 0.6703125 0.053125 0.1359375
0 0.0953125 0.61484375 0.190625 0.5265625
0 0.10234375 0.3421875 0.2046875 0.1296875