0 0.11953125 0.83984375 0.215625 0.2609375
0 0.1703125 0.6171875 0.2359375 0.1921875
1 0.85234375 0.59375 0.2609375 0.1984375
0 0.290625 0.15546875 0.19375 0.2515625
0 0.29296875 0.4921875 0.134375 0.203125
0 0.43203125 0.6765625 0.2109375 0.2078125
1 0.640625 0.409375 0.109375 0.203125
0 0.3 0.803125 0.146875 0.240625
0 0.30546875 0.33828125 0.159375 0.1296875
0 0.5640625 0.59609375 0.1359375 0.2078125
0 0.68125 0.6421875 0.1328125 0.2
1 0.578125 0.25390625 0.115625 0.0875
0 0.4578125 0.36328125 0.109375 0.059375
0 0.559375 0.40078125 0.0734375 0.1546875
1 0.42265625 0.13671875 0.0609375 0.128125
0 0.45859375 0.2296875 0.153125 0.18125
0 0.38671875 0.415625 0.0734375 0.10625
1 0.4140625 0.49140625 0.0859375 0.1046875