0 0.8515625 0.1921875 0.296875 0.309375
0 0.35546875 0.52421875 0.2484375 0.31875
0 0.61484375 0.12734375 0.25625 0.2546875
0 0.471875 0.84140625 0.228125 0.28125
0 0.1640625 0.7109375 0.2921875 0.175
0 0.61015625 0.70859375 0.2078125 0.1265625
0 0.5890625 0.30234375 0.2203125 0.1140625
0 0.82265625 0.6359375 0.2046875 0.1109375
0 0.8046875 0.81953125 0.23125 0.290625
0 0.81875 0.44453125 0.2328125 0.184375
0 0.61796875 0.4265625 0.125 0.0609375
0 0.73828125 0.5890625 0.1109375 0.078125
1 0.58515625 0.49140625 0.18125 0.04375
0 0.228125 0.88515625 0.1703125 0.215625
1 0.903125 0.5765625 0.19375 0.1328125
1 0.1046875 0.86484375 0.190625 0.1359375
0 0.603125 0.55 0.1890625 0.1