0 0.46640625 0.79453125 0.13125 0.1375
1 0.8390625 0.371875 0.2640625 0.209375
1 0.5625 0.57734375 0.11875 0.159375
1 0.5140625 0.40390625 0.10625 0.15
1 0.23359375 0.31640625 0.134375 0.3703125
1 0.07578125 0.47734375 0.1140625 0.134375
0 0.6609375 0.209375 0.1390625 0.3609375
0 0.4421875 0.45 0.05 0.078125
1 0.35546875 0.63984375 0.08125 0.096875
1 0.22734375 0.68828125 0.121875 0.2953125
1 0.33984375 0.74296875 0.0984375 0.1234375
1 0.71328125 0.5453125 0.1515625 0.2296875
0 0.5984375 0.49375 0.0578125 0.084375
1 0.33515625 0.36953125 0.065625 0.0578125
1 0.38828125 0.89296875 0.1515625 0.190625
1 0.4234375 0.3859375 0.1 0.06875
1 0.3875 0.31484375 0.0453125 0.090625
1 0.4375 0.72109375 0.0796875 0.0828125
0 0.4296875 0.61484375 0.04375 0.090625
1 0.1359375 0.66328125 0.115625 0.2
1 0.12421875 0.62578125 0.090625 0.2703125
1 0.27421875 0.4484375 0.0609375 0.0875