0 0.87734375 0.43828125 0.2453125 0.265625
0 0.71796875 0.26875 0.234375 0.3953125
0 0.17734375 0.39296875 0.25625 0.25
1 0.153125 0.109375 0.30625 0.21875
0 0.41796875 0.234375 0.23125 0.246875
0 0.79609375 0.653125 0.25625 0.315625
0 0.4109375 0.4421875 0.16875 0.14375
0 0.290625 0.5859375 0.2328125 0.21875
0 0.49140625 0.61484375 0.115625 0.0875
0 0.571875 0.38203125 0.146875 0.2421875
0 0.603125 0.6046875 0.1421875 0.2171875
0 0.31640625 0.84140625 0.2390625 0.290625
0 0.390625 0.52421875 0.1015625 0.140625
0 0.4734375 0.7640625 0.1875 0.240625
1 0.58984375 0.8484375 0.15 0.2828125