0 0.0140625 0.45625 0.028125 0.1140625
0 0.0453125 0.3109375 0.090625 0.1375
0 0.925 0.121875 0.14375 0.1296875
0 0.859375 0.2921875 0.1296875 0.09375
0 0.26015625 0.665625 0.1359375 0.1234375
1 0.24765625 0.1703125 0.2 0.1703125
0 0.43046875 0.5046875 0.1015625 0.0796875
0 0.0515625 0.61796875 0.075 0.090625
0 0.50703125 0.046875 0.1359375 0.059375
1 0.490625 0.36953125 0.1640625 0.2109375
0 0.68671875 0.46484375 0.065625 0.090625
0 0.4421875 0.6359375 0.1375 0.0859375
0 0.38515625 0.19453125 0.128125 0.1171875
0 0.646875 0.30703125 0.0953125 0.0625
0 0.2765625 0.51015625 0.1 0.05625
0 0.1421875 0.85 0.1296875 0.053125
0 0.3375 0.0265625 0.146875 0.03125
0 0.24453125 0.22109375 0.1796875 0.0765625
0 0.759375 0.7609375 0.06875 0.053125