0 0.70390625 0.75078125 0.3796875 0.3140625
0 0.1828125 0.36328125 0.365625 0.2234375
0 0.13984375 0.6140625 0.2796875 0.25
0 0.1828125 0.76484375 0.2796875 0.171875
0 0.46171875 0.28203125 0.1015625 0.15
0 0.3140625 0.6359375 0.1578125 0.1375
0 0.4171875 0.38828125 0.121875 0.0703125
0 0.65 0.1703125 0.228125 0.146875
0 0.28125 0.02734375 0.1265625 0.05
0 0.56875 0.47734375 0.196875 0.1234375
0 0.66953125 0.04765625 0.3828125 0.0953125
0 0.70859375 0.28828125 0.103125 0.0640625
0 0.9390625 0.1921875 0.1140625 0.0890625
0 0.37890625 0.0421875 0.1015625 0.0765625
0 0.41796875 0.84375 0.18125 0.1171875
0 0.48125 0.66484375 0.1359375 0.1109375
0 0.9046875 0.284375 0.190625 0.1359375
0 0.746875 0.353125 0.0671875 0.0484375
0 0.053125 0.13984375 0.1046875 0.11875
0 0.83359375 0.10703125 0.1453125 0.1328125