0 0.4296875 0.59453125 0.1234375 0.159375
1 0.6734375 0.5546875 0.25 0.2140625
1 0.53203125 0.2375 0.1453125 0.103125
1 0.1265625 0.29375 0.196875 0.1921875
1 0.6265625 0.31875 0.190625 0.1765625
1 0.26171875 0.14453125 0.071875 0.159375
1 0.89140625 0.62890625 0.1890625 0.2625
1 0.8859375 0.34609375 0.171875 0.23125
1 0.6453125 0.7609375 0.175 0.2
1 0.740625 0.21484375 0.140625 0.1421875
1 0.47734375 0.34765625 0.103125 0.1078125
1 0.4765625 0.8640625 0.16875 0.203125
1 0.27890625 0.31171875 0.075 0.1453125
1 0.51953125 0.6328125 0.0640625 0.1453125
1 0.3 0.12578125 0.0484375 0.2171875