0 0.1953125 0.31953125 0.33125 0.1703125
0 0.840625 0.54609375 0.2234375 0.1875
0 0.72578125 0.40078125 0.1484375 0.246875
0 0.58125 0.703125 0.28125 0.2515625
0 0.8421875 0.81171875 0.225 0.3359375
0 0.55546875 0.534375 0.1796875 0.1046875
0 0.40078125 0.2109375 0.1109375 0.2125
0 0.40546875 0.43671875 0.1015625 0.2078125
0 0.49375 0.40234375 0.0828125 0.1109375
0 0.50390625 0.2875 0.08125 0.128125
1 0.32109375 0.5078125 0.134375 0.115625
1 0.6203125 0.0765625 0.0953125 0.1
1 0.515625 0.14375 0.121875 0.06875
0 0.48515625 0.221875 0.1046875 0.1015625
0 0.6734375 0.315625 0.1046875 0.0671875
0 0.5984375 0.2453125 0.0734375 0.10625
0 0.6625 0.21171875 0.1265625 0.1296875
1 0.65859375 0.20859375 0.1328125 0.1265625