0 0.26875 0.18046875 0.1234375 0.0796875
0 0.35859375 0.103125 0.1140625 0.1078125
0 0.9328125 0.85 0.1203125 0.1046875
0 0.72890625 0.884375 0.1 0.0875
0 0.80078125 0.7140625 0.1015625 0.11875
0 0.4171875 0.88515625 0.0859375 0.053125
0 0.6234375 0.4984375 0.0875 0.0828125
0 0.37578125 0.26875 0.0765625 0.09375
0 0.46015625 0.80078125 0.0859375 0.121875
0 0.0484375 0.34296875 0.0671875 0.0953125
0 0.66640625 0.09609375 0.1265625 0.065625
0 0.696875 0.69140625 0.103125 0.0765625
0 0.5765625 0.91640625 0.0890625 0.1125
0 0.36328125 0.6546875 0.1 0.1015625
0 0.478125 0.20859375 0.0921875 0.1046875
0 0.6 0.16484375 0.10625 0.0625
0 0.6390625 0.271875 0.1171875 0.0609375
0 0.61640625 0.37109375 0.08125 0.0828125
0 0.3375 0.4875 0.0671875 0.08125
0 0.4796875 0.1140625 0.1140625 0.065625
0 0.55078125 0.3890625 0.0828125 0.0609375
0 0.10390625 0.28046875 0.071875 0.0765625
0 0.13828125 0.69296875 0.1046875 0.0640625
0 0.37578125 0.196875 0.0578125 0.0484375
0 0.52421875 0.61328125 0.06875 0.0828125
0 0.528125 0.47734375 0.0765625 0.1046875
0 0.4671875 0.3546875 0.08125 0.065625
0 0.0828125 0.20859375 0.0796875 0.065625
0 0.40234375 0.4765625 0.075 0.075
0 0.2671875 0.2671875 0.078125 0.053125
0 0.27109375 0.7609375 0.09375 0.0453125
0 0.3359375 0.86640625 0.109375 0.046875
0 0.2640625 0.81953125 0.0609375 0.0875
0 0.2765625 0.6 0.0515625 0.096875
0 0.42734375 0.95703125 0.0828125 0.05
0 0.26328125 0.68984375 0.0953125 0.053125
0 0.05546875 0.6703125 0.04375 0.071875
0 0.3984375 0.57890625 0.0625 0.05
0 0.07421875 0.58359375 0.0453125 0.075
0 0.2109375 0.5578125 0.065625 0.0671875
0 0.6265625 0.803125 0.109375 0.05625
0 0.86640625 0.93203125 0.115625 0.059375
0 0.12890625 0.58359375 0.0875 0.0796875
0 0.053125 0.23984375 0.08125 0.0734375
0 0.83984375 0.80859375 0.090625 0.0703125
0 0.22109375 0.55546875 0.05625 0.06875
0 0.0484375 0.46953125 0.0484375 0.0671875
0 0.0671875 0.584375 0.046875 0.08125
0 0.8453125 0.796875 0.08125 0.05
0 0.5140625 0.475 0.0578125 0.1046875
0 0.56875 0.70546875 0.0546875 0.0953125
0 0.52109375 0.9515625 0.05625 0.053125