1 0.740625 0.85859375 0.3 0.2828125
1 0.203125 0.6328125 0.178125 0.25625
0 0.615625 0.44921875 0.196875 0.146875
1 0.06328125 0.503125 0.125 0.2015625
1 0.34765625 0.45 0.2265625 0.184375
1 0.46171875 0.725 0.2328125 0.1484375
0 0.18046875 0.4375 0.13125 0.1078125
0 0.40234375 0.1625 0.1484375 0.203125
0 0.31015625 0.32421875 0.1609375 0.165625
1 0.26875 0.12265625 0.1625 0.1234375
1 0.3546875 0.590625 0.13125 0.121875
0 0.5015625 0.528125 0.13125 0.1265625
1 0.56640625 0.6203125 0.21875 0.20625
1 0.5015625 0.61953125 0.1078125 0.0546875