0 0.8234375 0.18125 0.2015625 0.2609375
0 0.16328125 0.1046875 0.125 0.203125
0 0.82578125 0.42890625 0.0953125 0.14375
0 0.4375 0.21484375 0.1609375 0.3078125
0 0.35859375 0.5734375 0.1953125 0.20625
0 0.43984375 0.71640625 0.1578125 0.1859375
0 0.31640625 0.20078125 0.115625 0.1984375
0 0.63671875 0.45390625 0.15 0.20625
0 0.13515625 0.23515625 0.1328125 0.11875
0 0.55859375 0.1765625 0.1921875 0.2296875
0 0.82578125 0.6828125 0.1015625 0.109375
0 0.73125 0.0609375 0.1453125 0.06875
0 0.51328125 0.55859375 0.084375 0.134375
0 0.24453125 0.409375 0.1203125 0.1625
0 0.6046875 0.6703125 0.1921875 0.2328125
0 0.93359375 0.6921875 0.0734375 0.16875
0 0.53828125 0.93828125 0.06875 0.1171875
0 0.84609375 0.9375 0.1921875 0.125
0 0.88125 0.5484375 0.0609375 0.078125
0 0.3046875 0.9 0.075 0.090625
0 0.40859375 0.41953125 0.0796875 0.096875
0 0.6609375 0.91328125 0.09375 0.0609375