0 0.35859375 0.13984375 0.2328125 0.2796875
0 0.18671875 0.3078125 0.365625 0.2
0 0.7125 0.43828125 0.1375 0.1984375
0 0.14921875 0.7265625 0.2765625 0.1625
0 0.5671875 0.25859375 0.31875 0.1609375
0 0.3984375 0.84453125 0.23125 0.2046875
0 0.509375 0.75 0.2375 0.1609375
0 0.7 0.64453125 0.13125 0.1921875
0 0.590625 0.47578125 0.0921875 0.1296875
0 0.2859375 0.44375 0.2328125 0.1359375
0 0.54921875 0.403125 0.2484375 0.1140625
1 0.14453125 0.8984375 0.20625 0.2
0 0.3390625 0.59140625 0.2078125 0.134375
0 0.871875 0.5390625 0.25625 0.1828125