1 0.85703125 0.240625 0.2859375 0.375
1 0.40859375 0.9140625 0.215625 0.171875
1 0.33671875 0.640625 0.1953125 0.2578125
1 0.13984375 0.77421875 0.2390625 0.18125
0 0.84375 0.51875 0.3125 0.25
0 0.7328125 0.6078125 0.171875 0.1671875
0 0.50390625 0.80390625 0.2609375 0.1546875
0 0.534375 0.5046875 0.2578125 0.1703125
0 0.57109375 0.26953125 0.321875 0.309375
1 0.15625 0.94296875 0.190625 0.1140625
0 0.77578125 0.85625 0.2765625 0.1734375
0 0.62265625 0.915625 0.2671875 0.16875
0 0.67890625 0.73359375 0.0984375 0.0625
1 0.784375 0.7421875 0.140625 0.1109375
0 0.590625 0.640625 0.115625 0.1171875