1 0.8765625 0.13359375 0.246875 0.265625
0 0.6640625 0.1109375 0.1890625 0.221875
0 0.353125 0.58515625 0.234375 0.1734375
0 0.51875 0.25 0.178125 0.1453125
0 0.58515625 0.6453125 0.215625 0.1328125
0 0.3765625 0.3 0.0953125 0.190625
0 0.18515625 0.3828125 0.3046875 0.1859375
0 0.63828125 0.46953125 0.15625 0.3
1 0.534375 0.8578125 0.1765625 0.2546875
0 0.7875 0.3875 0.1921875 0.2953125
1 0.35625 0.89453125 0.2 0.1390625
0 0.36796875 0.47734375 0.0796875 0.1359375
1 0.3015625 0.78125 0.284375 0.184375
1 0.2921875 0.2640625 0.103125 0.0859375
1 0.77890625 0.50859375 0.1609375 0.11875