0 0.0765625 0.08046875 0.153125 0.159375
0 0.85078125 0.2875 0.2890625 0.290625
0 0.72421875 0.52421875 0.2390625 0.259375
0 0.5375 0.5890625 0.178125 0.2875
0 0.08046875 0.26015625 0.146875 0.19375
0 0.47734375 0.3140625 0.1625 0.209375
1 0.11484375 0.88828125 0.1578125 0.2234375
0 0.09375 0.69296875 0.13125 0.1640625
0 0.22734375 0.13125 0.1953125 0.2421875
0 0.3046875 0.26796875 0.1859375 0.146875
0 0.14453125 0.39453125 0.171875 0.2078125
0 0.35859375 0.58984375 0.18125 0.1359375
0 0.63125 0.2265625 0.2046875 0.3078125
1 0.20859375 0.6890625 0.15625 0.215625
0 0.15859375 0.55859375 0.2140625 0.1828125
0 0.2828125 0.8109375 0.1859375 0.1765625