0 0.98359375 0.88515625 0.0328125 0.1109375
0 0.9203125 0.09609375 0.109375 0.1921875
0 0.59921875 0.0875 0.071875 0.1203125
0 0.3828125 0.8015625 0.071875 0.128125
0 0.146875 0.71875 0.0640625 0.0796875
0 0.4921875 0.615625 0.065625 0.1609375
0 0.61484375 0.01640625 0.125 0.0328125
0 0.971875 0.678125 0.05625 0.128125
0 0.6734375 0.69453125 0.0734375 0.1484375
0 0.94375 0.4203125 0.1125 0.125
0 0.384375 0.2171875 0.05625 0.1140625
0 0.9125 0.63046875 0.0703125 0.1359375
0 0.1140625 0.425 0.0625 0.1125
0 0.9375 0.3375 0.071875 0.0890625
0 0.84375 0.2171875 0.0875 0.0828125
0 0.3328125 0.1296875 0.0640625 0.078125
0 0.29765625 0.27734375 0.0671875 0.0640625
0 0.06640625 0.6671875 0.0640625 0.121875
0 0.809375 0.2765625 0.146875 0.1171875
0 0.046875 0.75859375 0.0203125 0.1171875
0 0.140625 0.6484375 0.0625 0.075
0 0.23125 0.1828125 0.075 0.1171875
0 0.98984375 0.0015625 0.0203125 0.003125
0 0.29609375 0.94921875 0.05 0.0734375
0 0.28046875 0.5640625 0.084375 0.0984375
0 0.52421875 0.8015625 0.075 0.0921875
0 0.79453125 0.825 0.075 0.1203125
0 0.19609375 0.821875 0.0390625 0.0921875
0 0.3359375 0.7421875 0.0484375 0.1046875
0 0.04296875 0.10625 0.075 0.0734375
0 0.11484375 0.8078125 0.0609375 0.09375
0 0.35703125 0.0328125 0.0609375 0.059375
0 0.2671875 0.3359375 0.05625 0.0546875
0 0.17890625 0.3359375 0.0625 0.11875