0 0.51171875 0.265625 0.2703125 0.1984375
0 0.2734375 0.153125 0.3 0.2796875
0 0.540625 0.74765625 0.23125 0.1375
0 0.35546875 0.45625 0.1828125 0.125
0 0.57890625 0.40390625 0.26875 0.1078125
0 0.2046875 0.3421875 0.3390625 0.1484375
0 0.60625 0.6203125 0.1359375 0.1375
0 0.42421875 0.87734375 0.203125 0.184375
0 0.33046875 0.63984375 0.1984375 0.128125
0 0.70390625 0.49609375 0.1625 0.1390625
0 0.825 0.590625 0.30625 0.1875
0 0.171875 0.90546875 0.2328125 0.1609375
0 0.2296875 0.759375 0.2484375 0.1125
0 0.43359375 0.534375 0.2015625 0.0703125
0 0.61015625 0.4921875 0.0671875 0.0875