0 0.72421875 0.31484375 0.178125 0.2421875
0 0.38203125 0.24453125 0.1875 0.3234375
0 0.77421875 0.84140625 0.2046875 0.3171875
0 0.1640625 0.32421875 0.30625 0.2921875
0 0.903125 0.60859375 0.19375 0.203125
0 0.496875 0.56875 0.1203125 0.2109375
0 0.81953125 0.14375 0.18125 0.2453125
0 0.31953125 0.575 0.2484375 0.3234375
0 0.6671875 0.6796875 0.2015625 0.171875
0 0.515625 0.36875 0.121875 0.159375
0 0.60390625 0.38046875 0.115625 0.096875
0 0.79765625 0.47109375 0.1671875 0.2640625
0 0.8640625 0.34609375 0.159375 0.1140625
0 0.6015625 0.58125 0.1453125 0.08125
0 0.70546875 0.475 0.11875 0.1
0 0.58203125 0.49140625 0.1 0.08125
0 0.678125 0.234375 0.1203125 0.13125
0 0.6 0.43828125 0.090625 0.059375
1 0.925 0.7671875 0.15 0.090625