0 0.10703125 0.409375 0.2140625 0.228125
1 0.71953125 0.53203125 0.153125 0.2375
0 0.7 0.20546875 0.171875 0.278125
1 0.86640625 0.390625 0.228125 0.1734375
1 0.59296875 0.3515625 0.125 0.1703125
1 0.25078125 0.2671875 0.1421875 0.228125
0 0.63515625 0.71484375 0.1921875 0.1453125
1 0.89296875 0.1609375 0.2125 0.253125
0 0.403125 0.36796875 0.128125 0.1765625
0 0.44921875 0.74921875 0.1734375 0.1484375
0 0.35703125 0.54765625 0.090625 0.175
0 0.5421875 0.87578125 0.1796875 0.215625
0 0.4578125 0.63125 0.1265625 0.109375
0 0.22578125 0.57265625 0.1625 0.3015625