0 0.64140625 0.190625 0.1109375 0.1875
0 0.9640625 0.79296875 0.071875 0.125
0 0.346875 0.175 0.1171875 0.2203125
0 0.25390625 0.48203125 0.1046875 0.1890625
0 0.91015625 0.84296875 0.0953125 0.1328125
0 0.690625 0.76796875 0.1421875 0.1625
0 0.17109375 0.0359375 0.1484375 0.0578125
0 0.14296875 0.371875 0.11875 0.1859375
0 0.4875 0.73203125 0.1171875 0.1015625
0 0.43046875 0.8890625 0.16875 0.1640625
0 0.58046875 0.81328125 0.0796875 0.1328125
0 0.36796875 0.4609375 0.0984375 0.0953125
0 0.98203125 0.66875 0.0359375 0.1
0 0.0859375 0.56171875 0.0921875 0.134375
0 0.909375 0.190625 0.0765625 0.178125
0 0.1484375 0.171875 0.1265625 0.2171875
0 0.765625 0.5953125 0.06875 0.1109375
0 0.65625 0.91640625 0.0640625 0.0875
0 0.80078125 0.52421875 0.0984375 0.059375
0 0.565625 0.953125 0.0953125 0.09375
0 0.984375 0.57265625 0.03125 0.0921875
0 0.45078125 0.44921875 0.084375 0.0890625
0 0.046875 0.07734375 0.0921875 0.1375
0 0.9484375 0.3765625 0.0875 0.046875
0 0.54765625 0.57265625 0.0703125 0.1046875
0 0.5609375 0.26015625 0.0890625 0.1234375
0 0.49609375 0.08515625 0.0703125 0.10625
0 0.89453125 0.103125 0.1375 0.090625
0 0.528125 0.9140625 0.0796875 0.0734375
0 0.3046875 0.04453125 0.0921875 0.053125
0 0.98515625 0.61640625 0.0296875 0.153125
0 0.3375 0.33828125 0.096875 0.1203125
0 0.640625 0.7046875 0.0859375 0.0625