0 0.24453125 0.66796875 0.2375 0.1859375
0 0.6203125 0.703125 0.1578125 0.0984375
0 0.41328125 0.74296875 0.20625 0.1078125
0 0.6578125 0.92578125 0.2296875 0.1484375
0 0.215625 0.50625 0.1734375 0.078125
0 0.11875 0.8125 0.1125 0.090625
0 0.784375 0.8796875 0.1046875 0.159375
0 0.7609375 0.4015625 0.1609375 0.0609375
0 0.2109375 0.8 0.0984375 0.0609375
0 0.659375 0.56484375 0.084375 0.084375
0 0.70546875 0.31875 0.1078125 0.0765625
0 0.0875 0.1421875 0.1125 0.196875
0 0.60546875 0.31953125 0.0890625 0.053125
0 0.415625 0.121875 0.1 0.065625
0 0.4453125 0.18046875 0.1 0.0640625
0 0.49140625 0.21875 0.0984375 0.0640625
0 0.53125 0.64765625 0.1109375 0.05
0 0.396875 0.2796875 0.0875 0.0609375
0 0.30859375 0.20390625 0.140625 0.046875
0 0.4984375 0.59375 0.0921875 0.05625
0 0.58671875 0.77578125 0.075 0.0515625
0 0.0421875 0.44453125 0.084375 0.109375
0 0.78984375 0.76484375 0.1109375 0.0578125
0 0.7953125 0.078125 0.1 0.05
0 0.90703125 0.02578125 0.078125 0.0515625
0 0.2140625 0.22265625 0.1328125 0.053125
0 0.8109375 0.20703125 0.1 0.046875
0 0.32265625 0.8796875 0.0453125 0.0453125
0 0.0859375 0.3875 0.06875 0.065625
0 0.45390625 0.32890625 0.0875 0.059375
0 0.69453125 0.50078125 0.05 0.0328125
0 0.03828125 0.04921875 0.0765625 0.0703125
0 0.3359375 0.38203125 0.0734375 0.0625
0 0.53125 0.1421875 0.0390625 0.0625