0 0.43515625 0.30078125 0.2109375 0.1296875
1 0.56484375 0.08046875 0.1671875 0.1609375
0 0.53125 0.6609375 0.2453125 0.14375
0 0.878125 0.8390625 0.24375 0.2125
0 0.3203125 0.64765625 0.1375 0.21875
0 0.2453125 0.4109375 0.15 0.234375
0 0.6140625 0.78828125 0.253125 0.2328125
0 0.72734375 0.528125 0.1765625 0.190625
1 0.49453125 0.20234375 0.1125 0.1078125
0 0.86796875 0.6046875 0.2640625 0.2203125
0 0.6296875 0.46171875 0.1109375 0.1015625
1 0.62890625 0.1890625 0.1234375 0.096875
1 0.75 0.303125 0.0828125 0.1
0 0.53203125 0.38515625 0.1046875 0.0984375
0 0.43359375 0.5828125 0.1296875 0.14375
0 0.41171875 0.446875 0.075 0.1203125
1 0.4234375 0.359375 0.134375 0.0578125
0 0.6359375 0.29609375 0.165625 0.221875
0 0.13671875 0.5609375 0.21875 0.190625