0 0.1890625 0.66328125 0.25 0.159375
0 0.309375 0.340625 0.3515625 0.153125
0 0.1640625 0.8671875 0.2546875 0.25
0 0.3703125 0.7828125 0.1515625 0.14375
0 0.621875 0.38125 0.1625 0.1203125
0 0.65390625 0.2390625 0.284375 0.1984375
0 0.32421875 0.56953125 0.1921875 0.18125
0 0.50078125 0.69296875 0.1890625 0.11875
0 0.43203125 0.46484375 0.2046875 0.1375
1 0.425 0.14296875 0.2109375 0.2640625
0 0.7890625 0.509375 0.1140625 0.146875
0 0.71328125 0.6703125 0.1015625 0.1625
0 0.68671875 0.50625 0.071875 0.1234375
0 0.86875 0.64453125 0.2078125 0.1296875
0 0.61484375 0.60234375 0.103125 0.0765625
1 0.5796875 0.54609375 0.1015625 0.0765625
0 0.8875 0.546875 0.128125 0.096875