0 0.86640625 0.63515625 0.2671875 0.25
0 0.303125 0.14765625 0.1765625 0.2953125
0 0.69765625 0.80625 0.2453125 0.3140625
0 0.41640625 0.46015625 0.0890625 0.1703125
0 0.6875 0.48046875 0.175 0.3171875
0 0.4875 0.68671875 0.14375 0.2765625
1 0.13125 0.42421875 0.1484375 0.153125
0 0.578125 0.6890625 0.1828125 0.1765625
0 0.19375 0.37109375 0.134375 0.1734375
0 0.31875 0.4046875 0.1625 0.275
1 0.340625 0.8515625 0.1046875 0.2125
1 0.821875 0.38984375 0.2109375 0.2265625
1 0.571875 0.5765625 0.0640625 0.103125
1 0.8234375 0.83203125 0.078125 0.1546875
1 0.25234375 0.55625 0.1453125 0.2640625
0 0.5 0.36875 0.1703125 0.1109375