0 0.66328125 0.215625 0.25625 0.3359375
0 0.5609375 0.3984375 0.2609375 0.184375
0 0.35859375 0.86953125 0.2140625 0.2609375
0 0.8453125 0.4390625 0.296875 0.190625
1 0.17265625 0.74140625 0.2875 0.2453125
0 0.6171875 0.87265625 0.153125 0.2546875
0 0.48984375 0.628125 0.1171875 0.1578125
0 0.7375 0.921875 0.146875 0.15625
0 0.5125 0.81484375 0.128125 0.221875
1 0.903125 0.921875 0.19375 0.15625
0 0.77890625 0.72421875 0.15 0.2109375
0 0.7078125 0.61484375 0.14375 0.2375
0 0.3234375 0.58671875 0.2 0.29375
0 0.07890625 0.596875 0.1078125 0.0984375