0 0.8828125 0.215625 0.196875 0.3203125
0 0.5078125 0.64140625 0.171875 0.3609375
0 0.7046875 0.8375 0.215625 0.325
0 0.53984375 0.89765625 0.121875 0.2046875
0 0.21875 0.2171875 0.3578125 0.29375
0 0.565625 0.1671875 0.2140625 0.303125
0 0.3890625 0.1265625 0.18125 0.1625
0 0.26875 0.70390625 0.146875 0.1265625
0 0.90078125 0.484375 0.09375 0.165625
0 0.96953125 0.87109375 0.034375 0.2046875
0 0.7578125 0.45390625 0.0640625 0.1046875
0 0.63203125 0.36015625 0.0734375 0.0984375
0 0.74140625 0.353125 0.1375 0.1671875
0 0.0390625 0.93046875 0.078125 0.1390625
0 0.85078125 0.64453125 0.1015625 0.15625
0 0.97265625 0.35546875 0.046875 0.1875
0 0.3015625 0.528125 0.2375 0.1828125
0 0.7046875 0.5546875 0.0765625 0.109375
0 0.34296875 0.9796875 0.0703125 0.040625
0 0.98359375 0.46015625 0.0171875 0.115625