0 0.98125 0.68828125 0.0375 0.20625
0 0.82578125 0.31171875 0.0796875 0.215625
0 0.50078125 0.59296875 0.1453125 0.2625
0 0.5171875 0.2265625 0.1546875 0.2546875
0 0.365625 0.7765625 0.11875 0.075
0 0.61015625 0.48125 0.065625 0.11875
0 0.7125 0.990625 0.125 0.01875
0 0.375 0.86484375 0.09375 0.0734375
0 0.80859375 0.49140625 0.065625 0.115625
0 0.69921875 0.709375 0.1 0.2828125
0 0.88359375 0.8203125 0.0671875 0.1625
0 0.94453125 0.42421875 0.1109375 0.1890625
0 0.8390625 0.659375 0.065625 0.1078125
0 0.30390625 0.48359375 0.1703125 0.215625
0 0.18671875 0.95546875 0.090625 0.0890625
0 0.66875 0.26484375 0.0953125 0.190625
0 0.8484375 0.95234375 0.08125 0.0953125
0 0.75 0.4546875 0.059375 0.1265625
0 0.4359375 0.73125 0.0625 0.0734375
0 0.11171875 0.4421875 0.0671875 0.06875
0 0.93984375 0.93046875 0.0734375 0.1390625
0 0.28046875 0.94375 0.075 0.1125
0 0.79140625 0.565625 0.06875 0.0828125