0 0.83359375 0.775 0.190625 0.103125
0 0.53515625 0.21640625 0.134375 0.1
0 0.14140625 0.50546875 0.209375 0.1234375
0 0.48671875 0.6265625 0.1515625 0.0765625
0 0.32578125 0.72578125 0.2296875 0.13125
0 0.18984375 0.72890625 0.175 0.1296875
0 0.80234375 0.246875 0.153125 0.0734375
0 0.2765625 0.90625 0.1484375 0.1375
0 0.40390625 0.5109375 0.1390625 0.0625
0 0.1859375 0.0640625 0.1375 0.1046875
0 0.78359375 0.5078125 0.0953125 0.1234375
0 0.04609375 0.2890625 0.0921875 0.0671875
0 0.38515625 0.2671875 0.1796875 0.071875
0 0.3390625 0.59140625 0.1328125 0.0921875
0 0.19296875 0.296875 0.140625 0.059375
0 0.7984375 0.678125 0.103125 0.084375
0 0.3984375 0.36875 0.115625 0.0953125
0 0.10234375 0.221875 0.10625 0.0625
0 0.521875 0.40078125 0.0828125 0.0921875
0 0.72734375 0.3609375 0.1421875 0.0546875
0 0.178125 0.36328125 0.115625 0.053125
0 0.53125 0.7390625 0.103125 0.09375
0 0.22421875 0.22109375 0.134375 0.059375
0 0.42265625 0.4609375 0.1375 0.053125
0 0.92578125 0.69296875 0.0984375 0.1234375
0 0.39765625 0.153125 0.0890625 0.08125
0 0.0234375 0.07890625 0.046875 0.06875
0 0.8828125 0.09921875 0.06875 0.046875
0 0.31640625 0.09140625 0.0875 0.0640625
0 0.421875 0.46796875 0.1234375 0.0453125
0 0.915625 0.43984375 0.1390625 0.0671875
0 0.921875 0.6734375 0.1046875 0.1671875
0 0.9578125 0.20703125 0.0703125 0.0765625
0 0.87890625 0.084375 0.065625 0.0703125