0 0.20234375 0.7359375 0.1390625 0.0734375
0 0.3359375 0.1109375 0.146875 0.075
0 0.42109375 0.5890625 0.115625 0.0859375
0 0.7390625 0.6140625 0.1703125 0.1484375
0 0.5453125 0.409375 0.125 0.0609375
0 0.2953125 0.19609375 0.0921875 0.084375
0 0.275 0.49921875 0.1265625 0.05
0 0.82890625 0.27109375 0.1046875 0.103125
0 0.49296875 0.328125 0.2046875 0.0984375
0 0.7171875 0.4484375 0.1546875 0.0640625
0 0.74375 0.39375 0.10625 0.0609375
0 0.6171875 0.62578125 0.0953125 0.0625
0 0.746875 0.134375 0.125 0.0609375
0 0.24375 0.36484375 0.1828125 0.18125
0 0.15 0.63828125 0.1125 0.05
0 0.44921875 0.08203125 0.09375 0.1171875
0 0.68125 0.75234375 0.0796875 0.0515625
0 0.45390625 0.26484375 0.11875 0.04375
0 0.37890625 0.22265625 0.0890625 0.0578125
0 0.08828125 0.4109375 0.09375 0.0609375
0 0.58671875 0.24296875 0.10625 0.046875
0 0.03984375 0.515625 0.0453125 0.075
0 0.525 0.615625 0.084375 0.13125
0 0.2109375 0.1703125 0.103125 0.040625
0 0.78671875 0.72421875 0.1671875 0.1109375
0 0.234375 0.553125 0.0796875 0.0640625
0 0.84765625 0.36484375 0.0828125 0.0515625
0 0.63984375 0.04296875 0.0421875 0.0859375
0 0.6796875 0.303125 0.0984375 0.0484375
0 0.98046875 0.2859375 0.0390625 0.075
0 0.5796875 0.521875 0.1328125 0.0625
0 0.6140625 0.475 0.065625 0.0609375
0 0.8828125 0.053125 0.228125 0.0828125
0 0.59375 0.70625 0.084375 0.0828125
0 0.3828125 0.39765625 0.11875 0.046875
0 0.0203125 0.73515625 0.0390625 0.0703125