0 0.47265625 0.66171875 0.1734375 0.1046875
0 0.6171875 0.409375 0.4171875 0.2125
0 0.53515625 0.55859375 0.23125 0.1390625
0 0.36796875 0.19453125 0.30625 0.3359375
0 0.23203125 0.5421875 0.3265625 0.1671875
0 0.5578125 0.9703125 0.240625 0.059375
0 0.1984375 0.38125 0.3625 0.175
1 0.7609375 0.871875 0.265625 0.21875
0 0.74140625 0.6171875 0.2796875 0.1953125
1 0.8640625 0.990625 0.271875 0.01875
0 0.27734375 0.7375 0.2015625 0.115625
0 0.53828125 0.7765625 0.0984375 0.121875
0 0.55625 0.87421875 0.1296875 0.1203125
1 0.10390625 0.86171875 0.1140625 0.1390625
0 0.64140625 0.734375 0.1234375 0.0953125
0 0.4203125 0.76875 0.1125 0.1671875
1 0.246875 0.97578125 0.128125 0.0484375