0 0.8625 0.64453125 0.275 0.2734375
1 0.14765625 0.74921875 0.2109375 0.2859375
1 0.2109375 0.51796875 0.1796875 0.1921875
0 0.7140625 0.77734375 0.171875 0.3875
0 0.71875 0.41953125 0.1515625 0.2859375
1 0.4390625 0.7109375 0.1671875 0.11875
0 0.54453125 0.625 0.09375 0.14375
0 0.3109375 0.34140625 0.16875 0.1578125
0 0.47578125 0.2328125 0.225 0.165625
0 0.47734375 0.43984375 0.1703125 0.1359375
1 0.28046875 0.73203125 0.084375 0.140625
0 0.55859375 0.5015625 0.0546875 0.1125
0 0.29921875 0.15859375 0.2046875 0.1546875
1 0.4046875 0.09140625 0.1078125 0.1796875
0 0.4765625 0.35390625 0.1359375 0.0625