0 0.54765625 0.88359375 0.25 0.2203125
0 0.675 0.609375 0.259375 0.1453125
0 0.7765625 0.48046875 0.2421875 0.1515625
0 0.68046875 0.75546875 0.2421875 0.1640625
0 0.51015625 0.2203125 0.2 0.1734375
0 0.6734375 0.12578125 0.2109375 0.2515625
0 0.43671875 0.6078125 0.2125 0.11875
0 0.421875 0.32421875 0.1359375 0.1546875
0 0.396875 0.48828125 0.146875 0.190625
0 0.73671875 0.353125 0.203125 0.18125
1 0.265625 0.290625 0.2328125 0.2203125
0 0.24296875 0.4984375 0.2015625 0.20625
1 0.88203125 0.196875 0.209375 0.18125
0 0.39296875 0.75390625 0.290625 0.1734375
1 0.53671875 0.35625 0.0796875 0.0859375
1 0.0953125 0.4 0.1578125 0.178125