0 0.07578125 0.35625 0.1515625 0.1359375
0 0.38203125 0.04609375 0.13125 0.0890625
1 0.52734375 0.3921875 0.153125 0.2078125
0 0.05 0.48828125 0.1 0.09375
0 0.93203125 0.146875 0.1359375 0.11875
0 0.528125 0.06484375 0.1453125 0.109375
1 0.3015625 0.22109375 0.1828125 0.153125
0 0.31796875 0.6734375 0.128125 0.1046875
0 0.87265625 0.30078125 0.1203125 0.0703125
0 0.434375 0.22734375 0.115625 0.11875
0 0.33203125 0.53125 0.084375 0.0484375
0 0.91796875 0.0265625 0.0921875 0.053125
0 0.475 0.5171875 0.090625 0.071875
0 0.671875 0.328125 0.0859375 0.05625
0 0.7171875 0.4734375 0.0640625 0.0796875
0 0.0390625 0.615625 0.078125 0.065625
0 0.25 0.015625 0.159375 0.03125
0 0.209375 0.8515625 0.11875 0.053125
0 0.8125 0.01953125 0.09375 0.0390625
0 0.78515625 0.7484375 0.0625 0.0515625
0 0.12578125 0.63828125 0.0890625 0.090625
0 0.303125 0.26015625 0.1375 0.0703125
0 0.490625 0.65625 0.0890625 0.0671875