0 0.4625 0.13125 0.24375 0.2625
0 0.3171875 0.2953125 0.3640625 0.2
0 0.46796875 0.8015625 0.2296875 0.2265625
1 0.1625 0.828125 0.284375 0.3046875
0 0.30546875 0.57265625 0.228125 0.2046875
0 0.6703125 0.2390625 0.290625 0.221875
0 0.49921875 0.5875 0.13125 0.1515625
0 0.63984375 0.70546875 0.2 0.20625
0 0.65390625 0.5203125 0.0796875 0.103125
0 0.4328125 0.4359375 0.221875 0.1265625
0 0.6375 0.41640625 0.2 0.121875
0 0.871875 0.69296875 0.25625 0.209375
0 0.57578125 0.61015625 0.1296875 0.0890625
0 0.79375 0.54375 0.2203125 0.1640625
1 0.86484375 0.4390625 0.259375 0.1265625