0 0.784375 0.82734375 0.334375 0.3453125
0 0.13359375 0.89921875 0.2671875 0.2015625
0 0.15625 0.69296875 0.271875 0.2109375
0 0.40703125 0.89140625 0.2625 0.2171875
0 0.7875 0.45 0.2890625 0.1578125
0 0.484375 0.76640625 0.1421875 0.1234375
0 0.40859375 0.628125 0.1125 0.16875
0 0.58828125 0.7453125 0.1078125 0.1609375
0 0.65 0.63125 0.1234375 0.1109375
0 0.07578125 0.03203125 0.1515625 0.0640625
0 0.54765625 0.13125 0.346875 0.25
1 0.8984375 0.6078125 0.1203125 0.1125
1 0.7109375 0.346875 0.1875 0.0875
1 0.44921875 0.315625 0.28125 0.1234375
1 0.49765625 0.4265625 0.171875 0.09375