0 0.67109375 0.059375 0.1171875 0.11875
0 0.153125 0.928125 0.1328125 0.0875
0 0.31484375 0.1453125 0.3875 0.290625
0 0.53515625 0.66640625 0.4421875 0.3609375
0 0.221875 0.83828125 0.171875 0.1734375
0 0.94453125 0.48515625 0.1109375 0.10625
1 0.52421875 0.353125 0.234375 0.2921875
0 0.128125 0.184375 0.1796875 0.196875
0 0.93359375 0.6234375 0.0890625 0.0734375
0 0.9796875 0.18515625 0.040625 0.0796875
0 0.9765625 0.05546875 0.046875 0.1109375
0 0.971875 0.7375 0.05625 0.1421875
0 0.9859375 0.3859375 0.028125 0.1875
0 0.8484375 0.3578125 0.0875 0.0546875
0 0.04765625 0.7703125 0.0953125 0.2421875