0 0.22890625 0.58125 0.253125 0.153125
0 0.41875 0.9359375 0.1140625 0.1265625
0 0.10390625 0.3140625 0.18125 0.15
0 0.5453125 0.3671875 0.16875 0.0859375
0 0.30625 0.8328125 0.2109375 0.26875
0 0.29921875 0.17578125 0.196875 0.1171875
0 0.5234375 0.85625 0.15 0.0890625
0 0.55 0.14609375 0.125 0.1046875
0 0.353125 0.39765625 0.1859375 0.1078125
0 0.59921875 0.0640625 0.1328125 0.128125
0 0.853125 0.51796875 0.1328125 0.10625
0 0.065625 0.56484375 0.1296875 0.0671875
0 0.71875 0.525 0.121875 0.1359375
0 0.76640625 0.7703125 0.078125 0.0890625
1 0.5640625 0.63671875 0.2265625 0.140625
0 0.1671875 0.86796875 0.0921875 0.103125
0 0.0546875 0.684375 0.109375 0.10625
0 0.12578125 0.0453125 0.1375 0.0859375
0 0.7828125 0.32109375 0.134375 0.0765625
0 0.828125 0.4359375 0.1484375 0.0859375
0 0.0640625 0.81015625 0.1078125 0.078125
0 0.071875 0.15390625 0.0828125 0.0546875
0 0.92109375 0.6890625 0.15625 0.1015625
0 0.03515625 0.478125 0.06875 0.0671875
0 0.79296875 0.65078125 0.1 0.1234375
0 0.91875 0.15625 0.1625 0.3109375
0 0.503125 0.021875 0.1390625 0.040625
0 0.0234375 0.1828125 0.046875 0.1
0 0.89453125 0.03671875 0.096875 0.0703125
0 0.146875 0.2078125 0.0875 0.0609375
0 0.1046875 0.11328125 0.078125 0.0421875
0 0.3734375 0.1140625 0.075 0.046875
0 0.9109375 0.2921875 0.1140625 0.078125
0 0.29609375 0.0734375 0.0953125 0.046875
0 0.01875 0.74609375 0.0359375 0.08125
0 0.56015625 0.5546875 0.2 0.1828125
0 0.8546875 0.39375 0.159375 0.16875