0 0.88671875 0.36875 0.1015625 0.1078125
0 0.209375 0.4328125 0.1234375 0.0796875
0 0.04765625 0.8109375 0.0953125 0.096875
0 0.275 0.75859375 0.115625 0.10625
0 0.815625 0.278125 0.0765625 0.1109375
0 0.14296875 0.87734375 0.10625 0.1171875
0 0.04453125 0.3953125 0.0890625 0.0796875
0 0.03203125 0.95546875 0.0640625 0.0890625
0 0.79453125 0.37734375 0.046875 0.0515625
0 0.12109375 0.68515625 0.0890625 0.0984375
0 0.09296875 0.53671875 0.1171875 0.0796875
0 0.6375 0.4578125 0.065625 0.06875
0 0.615625 0.59609375 0.08125 0.0875
0 0.5203125 0.51171875 0.1 0.0734375
0 0.7234375 0.37265625 0.0828125 0.0640625
0 0.7265625 0.11328125 0.071875 0.0734375
0 0.51484375 0.32578125 0.08125 0.059375
0 0.6 0.53671875 0.059375 0.071875
0 0.3296875 0.125 0.0625 0.0921875
0 0.7296875 0.26953125 0.0421875 0.071875
0 0.49296875 0.6015625 0.08125 0.0796875
0 0.36484375 0.3390625 0.121875 0.084375
0 0.771875 0.4703125 0.0890625 0.0984375
0 0.79375 0.0984375 0.0703125 0.08125
0 0.3046875 0.66171875 0.0703125 0.0953125
0 0.671875 0.0546875 0.0828125 0.0703125
0 0.41484375 0.259375 0.0890625 0.046875
0 0.81328125 0.5859375 0.0546875 0.1046875
0 0.7109375 0.625 0.0546875 0.1078125
0 0.52109375 0.38671875 0.0703125 0.075
0 0.259375 0.253125 0.0453125 0.0890625
0 0.38828125 0.50703125 0.0765625 0.0734375
0 0.4390625 0.125 0.0890625 0.078125
0 0.35546875 0.0390625 0.06875 0.053125
0 0.86796875 0.48671875 0.0625 0.0953125
0 0.1328125 0.384375 0.0515625 0.0765625
0 0.87734375 0.65703125 0.0609375 0.1140625
0 0.20234375 0.2375 0.0859375 0.0546875
0 0.525 0.446875 0.0421875 0.0640625
0 0.4546875 0.2078125 0.065625 0.059375
0 0.0171875 0.478125 0.034375 0.090625
0 0.20078125 0.59140625 0.0546875 0.1
0 0.34453125 0.5828125 0.059375 0.084375
0 0.97734375 0.08671875 0.0453125 0.0765625
0 0.01640625 0.6875 0.0328125 0.075
0 0.4359375 0.071875 0.0765625 0.0375
0 0.77890625 0.04375 0.053125 0.0875
0 0.55625 0.0390625 0.071875 0.0671875
0 0.06015625 0.4765625 0.0546875 0.053125
0 0.19921875 0.8 0.040625 0.06875
0 0.1546875 0.29296875 0.034375 0.0875
0 0.67578125 0.0140625 0.059375 0.028125
0 0.2546875 0.925 0.0390625 0.0828125
0 0.4265625 0.38359375 0.046875 0.05625
0 0.28203125 0.52109375 0.0765625 0.0640625
0 0.4625 0.46640625 0.046875 0.0453125
0 0.92109375 0.25390625 0.05625 0.0484375
0 0.4515625 0.12421875 0.059375 0.075