0 0.61328125 0.08828125 0.26875 0.1765625
1 0.6671875 0.58515625 0.184375 0.140625
0 0.23671875 0.4421875 0.165625 0.1875
0 0.65234375 0.375 0.1953125 0.1390625
0 0.10703125 0.559375 0.2140625 0.19375
0 0.44296875 0.18671875 0.3171875 0.178125
0 0.27421875 0.64921875 0.1625 0.2171875
0 0.45703125 0.3375 0.190625 0.1046875
0 0.82890625 0.68984375 0.3078125 0.1765625
1 0.86953125 0.87578125 0.2609375 0.1859375
1 0.4765625 0.734375 0.24375 0.1796875
1 0.6359375 0.86484375 0.19375 0.225
0 0.36328125 0.44921875 0.1265625 0.140625
1 0.7546875 0.2015625 0.2671875 0.16875
0 0.41015625 0.5640625 0.1125 0.1078125