0 0.1390625 0.31171875 0.1390625 0.0640625
0 0.08671875 0.1828125 0.1390625 0.0953125
0 0.41015625 0.16875 0.1640625 0.059375
0 0.384375 0.33984375 0.1453125 0.0671875
0 0.65390625 0.46796875 0.1140625 0.0640625
0 0.421875 0.45078125 0.128125 0.059375
0 0.8921875 0.3015625 0.078125 0.065625
0 0.4796875 0.384375 0.103125 0.059375
0 0.90234375 0.671875 0.0765625 0.0625
0 0.728125 0.271875 0.1203125 0.0625
0 0.15859375 0.4421875 0.1078125 0.06875
0 0.94296875 0.21484375 0.05625 0.08125
0 0.60859375 0.20703125 0.0828125 0.0828125
0 0.8015625 0.346875 0.09375 0.078125
0 0.59296875 0.39765625 0.0828125 0.0546875
0 0.98125 0.6171875 0.028125 0.0859375
0 0.27734375 0.6578125 0.0671875 0.0703125
0 0.54609375 0.478125 0.0890625 0.0703125
0 0.91640625 0.75234375 0.0921875 0.0578125
0 0.5109375 0.55390625 0.1046875 0.06875
0 0.72734375 0.55859375 0.09375 0.0625
0 0.35625 0.51328125 0.1 0.053125
0 0.3140625 0.6 0.0875 0.046875
1 0.05 0.553125 0.1 0.0890625
0 0.46484375 0.27109375 0.1203125 0.090625
0 0.61484375 0.29375 0.059375 0.0546875
0 0.865625 0.1890625 0.0796875 0.05625
0 0.15234375 0.66484375 0.0828125 0.09375
0 0.671875 0.34765625 0.0875 0.096875
0 0.73828125 0.84296875 0.0734375 0.046875
0 0.7703125 0.19375 0.0671875 0.05625
0 0.2046875 0.49296875 0.103125 0.0578125
0 0.34140625 0.43359375 0.0859375 0.065625
0 0.07421875 0.41875 0.1296875 0.1140625
0 0.53984375 0.01484375 0.146875 0.0265625
0 0.18203125 0.01328125 0.1234375 0.0234375
0 0.61484375 0.5359375 0.046875 0.0765625
0 0.56171875 0.346875 0.0671875 0.046875
0 0.4484375 0.096875 0.0796875 0.046875
0 0.01484375 0.10703125 0.0296875 0.1046875
0 0.75 0.053125 0.13125 0.09375
0 0.9703125 0.07265625 0.05625 0.0640625
0 0.2078125 0.5671875 0.1 0.065625
0 0.9765625 0.2921875 0.046875 0.059375