0 0.35390625 0.5375 0.1671875 0.1375
0 0.228125 0.721875 0.2796875 0.14375
0 0.59140625 0.359375 0.1953125 0.128125
0 0.81640625 0.88515625 0.1546875 0.20625
0 0.784375 0.64140625 0.0953125 0.096875
0 0.84453125 0.46796875 0.265625 0.178125
0 0.65390625 0.6421875 0.1765625 0.1046875
1 0.8453125 0.215625 0.11875 0.1234375
1 0.5328125 0.5875 0.2015625 0.1140625
0 0.60234375 0.90546875 0.225 0.121875
0 0.65 0.7578125 0.221875 0.140625
0 0.52421875 0.75 0.2375 0.1484375
1 0.71171875 0.153125 0.134375 0.2
1 0.8109375 0.3171875 0.1203125 0.078125
1 0.4328125 0.6671875 0.109375 0.09375
0 0.7109375 0.25 0.0921875 0.08125
1 0.4265625 0.8609375 0.1671875 0.19375