0 0.86953125 0.784375 0.2015625 0.2015625
0 0.040625 0.94765625 0.08125 0.103125
0 0.0828125 0.57890625 0.125 0.0921875
0 0.29609375 0.33515625 0.18125 0.0953125
0 0.31015625 0.04296875 0.159375 0.084375
0 0.25859375 0.17890625 0.2 0.1296875
0 0.7109375 0.20078125 0.1875 0.0703125
0 0.2609375 0.47421875 0.215625 0.1125
0 0.24296875 0.8 0.184375 0.1421875
0 0.6109375 0.075 0.1015625 0.10625
0 0.621875 0.49375 0.0953125 0.08125
0 0.78046875 0.953125 0.1828125 0.0921875
0 0.30703125 0.6453125 0.18125 0.078125
0 0.60234375 0.81015625 0.125 0.15625
0 0.46640625 0.80859375 0.1359375 0.0625
0 0.8671875 0.20546875 0.125 0.0859375
0 0.5640625 0.51796875 0.0921875 0.065625
0 0.578125 0.25 0.0953125 0.06875
0 0.609375 0.59765625 0.103125 0.071875
0 0.63203125 0.4078125 0.0640625 0.046875
0 0.53828125 0.73203125 0.0921875 0.0703125
0 0.53125 0.89765625 0.0609375 0.05625
0 0.5390625 0.621875 0.0953125 0.065625
0 0.43359375 0.90078125 0.0859375 0.0703125
0 0.74296875 0.0640625 0.134375 0.05
0 0.5296875 0.38671875 0.084375 0.0796875
0 0.3953125 0.95390625 0.11875 0.0921875
0 0.20390625 0.01796875 0.1390625 0.0359375
0 0.91328125 0.9625 0.1109375 0.075
0 0.45703125 0.31484375 0.121875 0.084375
0 0.0234375 0.26171875 0.046875 0.071875
0 0.92109375 0.5828125 0.0546875 0.065625
0 0.971875 0.85703125 0.05625 0.1453125
0 0.0421875 0.35078125 0.084375 0.046875
0 0.5609375 0.3953125 0.04375 0.0625
0 0.459375 0.3375 0.1109375 0.0453125
0 0.478125 0.04375 0.1609375 0.071875
0 0.54140625 0.390625 0.0796875 0.0734375
0 0.15546875 0.88828125 0.1171875 0.0703125
0 0.0203125 0.7234375 0.040625 0.1
0 0.91171875 0.58515625 0.0765625 0.0671875
0 0.01328125 0.5015625 0.0265625 0.0734375
0 0.97421875 0.6515625 0.0515625 0.0734375
0 0.57109375 0.98125 0.090625 0.0375
0 0.34765625 0.99140625 0.0875 0.0171875
0 0.44375 0.5109375 0.0734375 0.0375
0 0.02109375 0.075 0.0421875 0.0421875