0 0.46640625 0.36328125 0.15 0.1375
0 0.73515625 0.7046875 0.1140625 0.0921875
0 0.72109375 0.228125 0.16875 0.1875
0 0.82578125 0.62265625 0.140625 0.096875
0 0.15859375 0.71171875 0.16875 0.19375
0 0.31015625 0.865625 0.1140625 0.05625
0 0.5078125 0.17890625 0.1390625 0.1046875
0 0.44296875 0.91875 0.0765625 0.096875
0 0.94765625 0.328125 0.0953125 0.08125
0 0.93828125 0.71171875 0.0796875 0.125
0 0.421875 0.79140625 0.103125 0.128125
0 0.64296875 0.296875 0.153125 0.11875
0 0.33125 0.703125 0.1171875 0.0765625
0 0.71484375 0.64296875 0.1078125 0.059375
0 0.5859375 0.81015625 0.040625 0.0859375
0 0.26796875 0.3078125 0.121875 0.0421875
0 0.653125 0.8390625 0.065625 0.0796875
0 0.74765625 0.54921875 0.1109375 0.065625
0 0.16875 0.8234375 0.09375 0.059375
0 0.41640625 0.0390625 0.1609375 0.0625
0 0.053125 0.08125 0.096875 0.05625
0 0.04609375 0.7140625 0.0921875 0.0578125
0 0.85625 0.84921875 0.1453125 0.0875
0 0.03125 0.59609375 0.0625 0.0875
0 0.96640625 0.446875 0.0671875 0.071875
0 0.93515625 0.2359375 0.0921875 0.0515625
0 0.46484375 0.56328125 0.0921875 0.05
0 0.58515625 0.140625 0.09375 0.05625
0 0.04765625 0.3765625 0.0953125 0.053125
0 0.3546875 0.60625 0.1140625 0.059375
0 0.478125 0.125 0.125 0.05625
0 0.3359375 0.12734375 0.0859375 0.0640625
0 0.17890625 0.54609375 0.125 0.053125
0 0.57109375 0.61484375 0.0578125 0.0640625