1 0.16875 0.63515625 0.3109375 0.3546875
0 0.28359375 0.315625 0.2359375 0.296875
0 0.71171875 0.7609375 0.1609375 0.3515625
0 0.46796875 0.234375 0.140625 0.3140625
0 0.72265625 0.1546875 0.1546875 0.246875
0 0.8765625 0.7984375 0.215625 0.340625
0 0.8453125 0.5234375 0.184375 0.2015625
0 0.88125 0.36171875 0.1984375 0.1625
0 0.41640625 0.659375 0.178125 0.40625
0 0.6375 0.57109375 0.1453125 0.140625
0 0.52109375 0.5328125 0.1125 0.196875
0 0.6078125 0.26171875 0.1296875 0.121875
0 0.72890625 0.40703125 0.09375 0.259375
0 0.63515625 0.10078125 0.0578125 0.140625