0 0.2796875 0.74609375 0.178125 0.3109375
0 0.8234375 0.76875 0.278125 0.2609375
0 0.12578125 0.73515625 0.1546875 0.2015625
0 0.45 0.665625 0.1203125 0.2296875
0 0.0328125 0.7390625 0.065625 0.2046875
0 0.221875 0.39453125 0.2078125 0.31875
1 0.52421875 0.0625 0.1828125 0.125
0 0.58515625 0.771875 0.1453125 0.1359375
0 0.071875 0.55234375 0.14375 0.184375
0 0.7078125 0.3453125 0.2484375 0.178125
1 0.63125 0.1390625 0.2125 0.278125
0 0.69453125 0.87265625 0.1109375 0.2015625
0 0.58671875 0.49375 0.1609375 0.184375
0 0.415625 0.41328125 0.1859375 0.1125
0 0.478125 0.2484375 0.175 0.2078125
1 0.38359375 0.14765625 0.234375 0.165625
0 0.54140625 0.66484375 0.153125 0.1546875