1 0.7609375 0.1375 0.0828125 0.165625
0 0.79921875 0.39140625 0.321875 0.2109375
0 0.62578125 0.16171875 0.1828125 0.259375
1 0.3890625 0.1515625 0.203125 0.1234375
0 0.4171875 0.334375 0.1 0.165625
1 0.13828125 0.44453125 0.25625 0.1796875
1 0.63515625 0.853125 0.2546875 0.24375
1 0.6953125 0.57109375 0.2015625 0.159375
1 0.340625 0.52578125 0.121875 0.1375
1 0.4828125 0.66875 0.1828125 0.1609375
0 0.4515625 0.50859375 0.1171875 0.1546875
0 0.5234375 0.29921875 0.1140625 0.1125
0 0.5953125 0.4375 0.096875 0.15
1 0.33828125 0.38671875 0.0640625 0.1
0 0.865625 0.16796875 0.121875 0.221875