0 0.58515625 0.31328125 0.2921875 0.2703125
0 0.84609375 0.2046875 0.3078125 0.409375
0 0.80546875 0.6015625 0.309375 0.3453125
1 0.453125 0.89609375 0.18125 0.109375
1 0.24375 0.753125 0.1375 0.2078125
0 0.56640625 0.846875 0.159375 0.28125
0 0.45546875 0.5875 0.1453125 0.18125
0 0.403125 0.803125 0.1375 0.2078125
0 0.64140625 0.6109375 0.0828125 0.165625
0 0.53046875 0.478125 0.234375 0.128125
1 0.125 0.59921875 0.171875 0.171875
1 0.271875 0.51640625 0.1578125 0.2296875
1 0.73203125 0.9 0.1484375 0.165625