0 0.62265625 0.13515625 0.1796875 0.26875
0 0.76953125 0.33515625 0.259375 0.1875
0 0.4609375 0.2546875 0.234375 0.1796875
0 0.60625 0.79765625 0.271875 0.1484375
1 0.84921875 0.153125 0.2859375 0.1890625
0 0.36171875 0.82734375 0.2015625 0.146875
0 0.11640625 0.3046875 0.190625 0.15625
0 0.27734375 0.25390625 0.1515625 0.1875
0 0.51484375 0.91953125 0.215625 0.1578125
0 0.31484375 0.6859375 0.271875 0.13125
0 0.5953125 0.65390625 0.2453125 0.13125
0 0.14453125 0.5640625 0.153125 0.175
0 0.3765625 0.33828125 0.146875 0.1203125
0 0.565625 0.48125 0.2125 0.1296875
0 0.26640625 0.56484375 0.1421875 0.1546875
0 0.38984375 0.59296875 0.1109375 0.0625
0 0.14609375 0.40703125 0.1671875 0.1203125
0 0.284375 0.465625 0.08125 0.140625
0 0.42734375 0.453125 0.059375 0.0875
1 0.0359375 0.44375 0.071875 0.1171875