0 0.140625 0.07734375 0.28125 0.1546875
0 0.690625 0.1265625 0.2109375 0.2515625
0 0.16796875 0.60078125 0.271875 0.253125
0 0.4765625 0.16484375 0.2265625 0.321875
0 0.42109375 0.72109375 0.178125 0.3140625
0 0.32421875 0.0984375 0.1203125 0.196875
0 0.925 0.42265625 0.121875 0.2953125
0 0.715625 0.32890625 0.1109375 0.1484375
0 0.68359375 0.56328125 0.1484375 0.215625
0 0.5609375 0.61171875 0.096875 0.1703125
0 0.9421875 0.09140625 0.115625 0.1796875
0 0.4984375 0.384375 0.0953125 0.1109375
0 0.35078125 0.3421875 0.1921875 0.265625
0 0.171875 0.34453125 0.121875 0.1265625
0 0.45703125 0.4984375 0.075 0.0890625
0 0.78984375 0.69375 0.0875 0.128125
0 0.90390625 0.64609375 0.059375 0.128125
0 0.0921875 0.93828125 0.0828125 0.1234375
0 0.95859375 0.93671875 0.0828125 0.0421875
0 0.646875 0.79609375 0.0453125 0.0671875