0 0.76484375 0.07890625 0.1234375 0.1546875
0 0.91640625 0.09453125 0.08125 0.1546875
1 0.37734375 0.4171875 0.4265625 0.76875
0 0.0890625 0.5734375 0.1703125 0.20625
0 0.13359375 0.2078125 0.0734375 0.1078125
0 0.825 0.134375 0.090625 0.1078125
0 0.6484375 0.0359375 0.265625 0.071875
0 0.8328125 0.20625 0.09375 0.0671875
0 0.84921875 0.32890625 0.0921875 0.0609375
0 0.4140625 0.91015625 0.0421875 0.128125
0 0.20625 0.67265625 0.08125 0.125
0 0.88359375 0.29765625 0.053125 0.059375
0 0.85390625 0.41953125 0.0796875 0.0578125