0 0.3078125 0.60625 0.225 0.14375
0 0.76875 0.08671875 0.140625 0.0921875
0 0.32734375 0.0515625 0.1484375 0.0890625
0 0.33203125 0.74609375 0.1515625 0.140625
0 0.54375 0.8609375 0.171875 0.1828125
0 0.0796875 0.68984375 0.153125 0.1390625
0 0.19921875 0.715625 0.115625 0.1296875
0 0.36015625 0.43125 0.221875 0.078125
0 0.77734375 0.38828125 0.1921875 0.1703125
0 0.0796875 0.9015625 0.1578125 0.196875
0 0.9109375 0.034375 0.175 0.0671875
0 0.74296875 0.475 0.2328125 0.1015625
0 0.91484375 0.49921875 0.125 0.0625
0 0.04609375 0.24296875 0.0921875 0.0484375
0 0.67265625 0.56328125 0.1296875 0.1171875
0 0.49609375 0.2546875 0.1046875 0.096875
0 0.51484375 0.63984375 0.184375 0.2
0 0.14296875 0.26875 0.0609375 0.06875
0 0.85078125 0.57109375 0.1078125 0.0703125
0 0.475 0.10625 0.153125 0.09375
0 0.78671875 0.19609375 0.121875 0.05625
0 0.1953125 0.89453125 0.153125 0.2109375
0 0.1078125 0.33203125 0.1296875 0.04375
0 0.73984375 0.55078125 0.10625 0.1640625