0 0.83984375 0.5703125 0.25625 0.2265625
0 0.565625 0.77109375 0.1875 0.3
0 0.221875 0.56328125 0.1421875 0.35
0 0.0640625 0.41640625 0.128125 0.3515625
0 0.69453125 0.4078125 0.1703125 0.2375
0 0.86015625 0.0484375 0.2140625 0.096875
0 0.31171875 0.28671875 0.13125 0.221875
0 0.625 0.09375 0.125 0.184375
0 0.68359375 0.66953125 0.2109375 0.1890625
0 0.32109375 0.53125 0.1 0.2296875
0 0.54765625 0.4578125 0.13125 0.175
0 0.55078125 0.25 0.0859375 0.1328125
0 0.13359375 0.9 0.1640625 0.184375
0 0.4421875 0.19609375 0.0734375 0.1609375
0 0.46953125 0.84375 0.290625 0.2484375
0 0.2015625 0.27421875 0.0875 0.1484375
0 0.13359375 0.66640625 0.0765625 0.165625
0 0.0171875 0.7109375 0.034375 0.1609375
0 0.459375 0.02890625 0.0859375 0.0578125
0 0.04296875 0.77421875 0.071875 0.0921875
0 0.425 0.52890625 0.1140625 0.18125