0 0.12578125 0.8515625 0.209375 0.1703125
0 0.315625 0.16953125 0.240625 0.2375
0 0.5234375 0.28828125 0.215625 0.1953125
0 0.5859375 0.4515625 0.2421875 0.1421875
0 0.31875 0.85625 0.1625 0.165625
0 0.3515625 0.49296875 0.175 0.1328125
1 0.878125 0.8375 0.225 0.14375
0 0.69140625 0.86953125 0.1359375 0.16875
0 0.20234375 0.7 0.2015625 0.159375
0 0.31796875 0.63984375 0.11875 0.1546875
0 0.43203125 0.7828125 0.1734375 0.140625
0 0.59296875 0.60546875 0.109375 0.15
0 0.27109375 0.35625 0.2578125 0.1640625
1 0.68359375 0.73984375 0.1796875 0.1265625
0 0.57265625 0.77734375 0.15 0.178125
0 0.7859375 0.68046875 0.14375 0.153125