0 0.5234375 0.59140625 0.2359375 0.196875
0 0.8421875 0.43125 0.315625 0.234375
0 0.33359375 0.3375 0.115625 0.1234375
0 0.82890625 0.70390625 0.1109375 0.1421875
0 0.6046875 0.45390625 0.14375 0.1140625
0 0.70625 0.68203125 0.159375 0.1421875
0 0.321875 0.675 0.175 0.1203125
0 0.62421875 0.23359375 0.365625 0.2171875
0 0.23359375 0.465625 0.2015625 0.1234375
0 0.8953125 0.803125 0.115625 0.084375
0 0.3015625 0.2078125 0.1140625 0.0875
0 0.9515625 0.03046875 0.096875 0.0609375
0 0.03671875 0.11953125 0.0734375 0.1484375
0 0.02578125 0.584375 0.0515625 0.096875
0 0.76640625 0.04453125 0.115625 0.0859375
0 0.128125 0.703125 0.0765625 0.0765625
0 0.140625 0.61875 0.1 0.0609375
0 0.0515625 0.684375 0.103125 0.096875
0 0.23828125 0.159375 0.15 0.0640625
0 0.09609375 0.065625 0.1796875 0.0609375
0 0.51171875 0.78671875 0.0328125 0.0609375
0 0.653125 0.02578125 0.13125 0.040625
0 0.34765625 0.065625 0.0765625 0.0734375
0 0.9359375 0.16640625 0.128125 0.0890625
0 0.0421875 0.9359375 0.0734375 0.0546875
0 0.06796875 0.9875 0.0609375 0.025
0 0.259375 0.30390625 0.05 0.0640625
0 0.1453125 0.77265625 0.1140625 0.071875
0 0.03984375 0.24140625 0.0796875 0.0859375
0 0.075 0.5921875 0.0765625 0.065625
0 0.975 0.59375 0.05 0.0546875