0 0.77890625 0.8421875 0.1875 0.2890625
0 0.27578125 0.190625 0.1703125 0.2515625
0 0.13984375 0.35234375 0.25625 0.175
0 0.28125 0.4578125 0.1921875 0.2140625
0 0.746875 0.5171875 0.15625 0.1296875
0 0.85234375 0.6453125 0.265625 0.1390625
0 0.61875 0.71796875 0.1921875 0.1953125
0 0.84375 0.23125 0.184375 0.1421875
0 0.55703125 0.57890625 0.209375 0.11875
0 0.71953125 0.10390625 0.15625 0.1578125
1 0.85625 0.09921875 0.1421875 0.1359375
0 0.63203125 0.19609375 0.146875 0.1265625
0 0.7609375 0.33125 0.140625 0.1765625
0 0.4453125 0.4796875 0.1 0.20625
0 0.39296875 0.3109375 0.20625 0.11875
0 0.44921875 0.21640625 0.1328125 0.11875
0 0.5015625 0.40703125 0.06875 0.1203125
0 0.61328125 0.26328125 0.0953125 0.059375
0 0.5234375 0.28515625 0.0609375 0.11875