0 0.5796875 0.82421875 0.11875 0.1890625
0 0.603125 0.42421875 0.23125 0.1421875
0 0.37890625 0.48828125 0.19375 0.15625
0 0.3421875 0.62734375 0.1265625 0.1765625
0 0.56875 0.2453125 0.25 0.2125
0 0.12890625 0.87109375 0.2453125 0.2171875
0 0.2234375 0.69140625 0.19375 0.178125
0 0.3328125 0.878125 0.1546875 0.234375
0 0.684375 0.6390625 0.1625 0.16875
0 0.34765625 0.1296875 0.203125 0.234375
0 0.44296875 0.796875 0.1578125 0.178125
0 0.5875 0.596875 0.0796875 0.1390625
0 0.29296875 0.3078125 0.2703125 0.1640625
0 0.51796875 0.7234375 0.128125 0.09375
1 0.73515625 0.84609375 0.1546875 0.1109375
0 0.4609375 0.565625 0.090625 0.14375
0 0.70078125 0.775 0.1375 0.1109375
1 0.89453125 0.825 0.203125 0.1328125