0 0.15078125 0.25546875 0.3 0.2421875
1 0.81796875 0.64765625 0.228125 0.1515625
0 0.37265625 0.1609375 0.1640625 0.303125
0 0.27578125 0.453125 0.2515625 0.2375
0 0.89140625 0.184375 0.196875 0.203125
0 0.7234375 0.52890625 0.1453125 0.1265625
0 0.44140625 0.4734375 0.1265625 0.2015625
0 0.49609375 0.28671875 0.125 0.16875
0 0.58125 0.50390625 0.1015625 0.171875
0 0.7171875 0.39140625 0.109375 0.13125
0 0.828125 0.3703125 0.1734375 0.1828125
0 0.73671875 0.1421875 0.1328125 0.2515625
0 0.6421875 0.27578125 0.146875 0.13125
1 0.61796875 0.69921875 0.14375 0.184375
0 0.53828125 0.59375 0.1828125 0.146875
1 0.76328125 0.85390625 0.196875 0.2359375