0 0.7140625 0.2015625 0.1765625 0.3453125
0 0.521875 0.35078125 0.128125 0.1515625
0 0.3578125 0.7875 0.2109375 0.1125
0 0.59296875 0.5296875 0.1125 0.165625
0 0.51328125 0.8953125 0.175 0.1703125
0 0.54921875 0.6625 0.1609375 0.09375
0 0.78046875 0.5078125 0.23125 0.2328125
0 0.57578125 0.76953125 0.1921875 0.1109375
0 0.38515625 0.6625 0.1375 0.071875
0 0.309375 0.428125 0.2203125 0.1953125
0 0.45234375 0.45390625 0.0796875 0.1296875
1 0.86015625 0.33125 0.234375 0.221875
1 0.25234375 0.55234375 0.109375 0.059375
0 0.375 0.565625 0.0953125 0.1171875
1 0.1109375 0.52109375 0.1875 0.0828125