0 0.78046875 0.8859375 0.3546875 0.228125
1 0.68515625 0.3921875 0.321875 0.1890625
0 0.46171875 0.7640625 0.321875 0.1734375
0 0.8109375 0.6640625 0.346875 0.203125
0 0.12890625 0.5609375 0.2578125 0.2
0 0.29296875 0.43046875 0.1109375 0.16875
0 0.3078125 0.603125 0.1078125 0.184375
0 0.6203125 0.57734375 0.1328125 0.146875
0 0.33046875 0.321875 0.284375 0.146875
1 0.57578125 0.10078125 0.2484375 0.153125
0 0.44296875 0.640625 0.19375 0.090625
1 0.65078125 0.23828125 0.1984375 0.1078125
1 0.42734375 0.215625 0.20625 0.1140625