0 0.77421875 0.09140625 0.2171875 0.1828125
0 0.596875 0.1859375 0.2046875 0.1890625
0 0.5609375 0.31796875 0.1578125 0.10625
0 0.290625 0.3828125 0.153125 0.209375
0 0.73828125 0.37109375 0.178125 0.1421875
1 0.778125 0.82265625 0.19375 0.2015625
0 0.83046875 0.65234375 0.24375 0.1390625
1 0.5359375 0.65390625 0.19375 0.1375
0 0.125 0.50234375 0.25 0.1875
0 0.4359375 0.38671875 0.13125 0.1796875
0 0.42109375 0.5671875 0.103125 0.159375
0 0.609375 0.7765625 0.1703125 0.19375
1 0.8546875 0.21171875 0.2546875 0.1234375
0 0.7375 0.546875 0.1484375 0.103125
0 0.5390625 0.5484375 0.075 0.0890625
1 0.27421875 0.60078125 0.1625 0.2046875
0 0.64609375 0.58671875 0.15 0.14375
0 0.27265625 0.5984375 0.1625 0.2109375