0 0.2890625 0.7625 0.146875 0.2453125
1 0.28828125 0.49921875 0.1453125 0.2328125
0 0.67734375 0.5171875 0.2609375 0.209375
1 0.73359375 0.82265625 0.19375 0.2796875
0 0.45390625 0.41953125 0.184375 0.1484375
1 0.1546875 0.51171875 0.15 0.1828125
1 0.5359375 0.82734375 0.1359375 0.2390625
1 0.7015625 0.1984375 0.334375 0.396875
1 0.134375 0.7390625 0.171875 0.2125
1 0.621875 0.62109375 0.15625 0.1578125
0 0.51328125 0.5484375 0.0828125 0.1078125
0 0.440625 0.64296875 0.125 0.175
1 0.0375 0.66796875 0.075 0.1953125