0 0.29375 0.6359375 0.1046875 0.159375
0 0.2546875 0.425 0.1140625 0.21875
0 0.1765625 0.121875 0.115625 0.1390625
0 0.49375 0.23203125 0.0890625 0.18125
0 0.3390625 0.23828125 0.2046875 0.2703125
0 0.7796875 0.51875 0.065625 0.1046875
0 0.92109375 0.82890625 0.046875 0.0921875
0 0.721875 0.42421875 0.059375 0.0859375
0 0.07265625 0.69375 0.1453125 0.1921875
0 0.68671875 0.7328125 0.0875 0.128125
0 0.596875 0.7828125 0.059375 0.159375
0 0.228125 0.803125 0.05625 0.1140625
0 0.79921875 0.328125 0.04375 0.1078125
0 0.4265625 0.68203125 0.103125 0.096875
0 0.884375 0.44921875 0.065625 0.1078125
0 0.55234375 0.0625 0.1046875 0.0890625
0 0.6765625 0.63203125 0.053125 0.1046875
0 0.8234375 0.478125 0.06875 0.103125
0 0.97421875 0.9484375 0.040625 0.084375
0 0.2171875 0.596875 0.053125 0.0828125
0 0.35078125 0.54453125 0.05625 0.1046875
0 0.40859375 0.515625 0.0640625 0.109375
0 0.96484375 0.075 0.0703125 0.084375
0 0.79609375 0.83828125 0.0546875 0.121875
0 0.78359375 0.22734375 0.0546875 0.1359375
0 0.06484375 0.6171875 0.1296875 0.134375
0 0.11875 0.7953125 0.16875 0.115625
0 0.86015625 0.1234375 0.1671875 0.1234375
0 0.95859375 0.65546875 0.065625 0.128125
0 0.19609375 0.2203125 0.05625 0.0890625
0 0.05703125 0.021875 0.1140625 0.04375