0 0.3328125 0.1625 0.2859375 0.30625
0 0.3796875 0.909375 0.2640625 0.18125
0 0.5875 0.51328125 0.346875 0.1578125
0 0.559375 0.33125 0.315625 0.1796875
0 0.75546875 0.73828125 0.215625 0.221875
0 0.1359375 0.7875 0.24375 0.1625
0 0.26171875 0.6921875 0.153125 0.196875
0 0.265625 0.53203125 0.2671875 0.134375
0 0.56328125 0.65703125 0.2609375 0.1421875
0 0.58984375 0.74453125 0.153125 0.146875
1 0.890625 0.921875 0.21875 0.15625
0 0.13671875 0.93203125 0.2421875 0.1359375
1 0.28359375 0.3578125 0.165625 0.1171875
0 0.55234375 0.909375 0.15625 0.1671875
0 0.4234375 0.79609375 0.1921875 0.090625
0 0.71640625 0.94375 0.165625 0.1125
0 0.39140625 0.65703125 0.090625 0.0921875
1 0.14375 0.30703125 0.134375 0.071875