0 0.646875 0.78671875 0.165625 0.3359375
0 0.26796875 0.578125 0.2265625 0.2828125
0 0.7578125 0.47578125 0.2453125 0.3
0 0.16796875 0.2 0.1484375 0.1953125
0 0.47421875 0.621875 0.165625 0.1890625
1 0.41484375 0.1265625 0.1875 0.2515625
1 0.8421875 0.60390625 0.2390625 0.234375
0 0.6171875 0.44453125 0.1375 0.1875
1 0.0875 0.6109375 0.175 0.18125
0 0.42265625 0.50703125 0.0765625 0.1515625
1 0.68671875 0.09453125 0.2671875 0.1890625
1 0.51953125 0.06796875 0.0921875 0.1359375
0 0.3578125 0.36953125 0.103125 0.1140625
0 0.646875 0.3140625 0.3015625 0.1484375
1 0.21953125 0.42265625 0.0734375 0.065625
1 0.36015625 0.2828125 0.1203125 0.109375
1 0.3828125 0.28671875 0.165625 0.1140625