1 0.15390625 0.70625 0.159375 0.1296875
0 0.80078125 0.56328125 0.228125 0.16875
0 0.2578125 0.13203125 0.2296875 0.1484375
0 0.3875 0.78515625 0.225 0.090625
0 0.49375 0.365625 0.203125 0.184375
0 0.7921875 0.1890625 0.153125 0.0875
0 0.9203125 0.40859375 0.159375 0.3078125
0 0.28515625 0.478125 0.15625 0.1578125
0 0.4984375 0.21796875 0.190625 0.096875
0 0.7328125 0.3578125 0.2625 0.309375
0 0.52421875 0.60234375 0.084375 0.075
0 0.44609375 0.87265625 0.121875 0.1140625
0 0.57265625 0.9078125 0.128125 0.1609375
0 0.753125 0.84375 0.115625 0.1578125
0 0.74375 0.1171875 0.1390625 0.06875
0 0.20390625 0.35078125 0.1703125 0.1296875
0 0.78203125 0.03125 0.1359375 0.0578125
0 0.08984375 0.6296875 0.103125 0.059375
0 0.1390625 0.56640625 0.0953125 0.1140625
0 0.85234375 0.9171875 0.15625 0.1609375
0 0.43125 0.60390625 0.134375 0.1140625
0 0.56953125 0.034375 0.103125 0.0671875
0 0.69296875 0.6453125 0.2375 0.196875
0 0.62109375 0.46796875 0.09375 0.0625