0 0.5109375 0.22734375 0.2359375 0.3515625
0 0.5921875 0.8453125 0.1921875 0.309375
0 0.45625 0.628125 0.190625 0.3359375
0 0.95859375 0.975 0.0828125 0.05
0 0.190625 0.20703125 0.3546875 0.30625
0 0.76484375 0.915625 0.125 0.16875
0 0.80703125 0.7015625 0.115625 0.1859375
0 0.6 0.48046875 0.096875 0.1453125
0 0.771875 0.45546875 0.2578125 0.3546875
0 0.72578125 0.090625 0.0953125 0.0703125
0 0.6984375 0.2375 0.1375 0.2921875
0 0.9 0.08984375 0.140625 0.04375
0 0.47734375 0.0609375 0.146875 0.05625
0 0.4140625 0.303125 0.071875 0.1140625
0 0.4046875 0.88046875 0.0703125 0.14375