1 0.72109375 0.621875 0.153125 0.2203125
1 0.85859375 0.4671875 0.2828125 0.2375
1 0.56796875 0.5796875 0.103125 0.1453125
0 0.4703125 0.61875 0.1171875 0.215625
0 0.171875 0.42265625 0.2140625 0.1703125
1 0.49375 0.77109375 0.159375 0.1265625
1 0.54140625 0.43671875 0.078125 0.1171875
0 0.32109375 0.48984375 0.0828125 0.1546875
1 0.2609375 0.71015625 0.2234375 0.1296875
0 0.12578125 0.1765625 0.228125 0.325
1 0.30234375 0.26953125 0.15 0.1796875
1 0.35625 0.3671875 0.053125 0.11875
1 0.365625 0.88671875 0.20625 0.2265625
1 0.396875 0.1234375 0.1140625 0.196875
1 0.36328125 0.59453125 0.0953125 0.0984375
1 0.48984375 0.2234375 0.090625 0.1046875
1 0.63125 0.33984375 0.1859375 0.309375