0 0.56953125 0.690625 0.2703125 0.146875
1 0.48515625 0.21328125 0.2015625 0.14375
1 0.26484375 0.12890625 0.2734375 0.2140625
0 0.65546875 0.30078125 0.153125 0.1640625
0 0.334375 0.84921875 0.253125 0.2828125
0 0.209375 0.6640625 0.3625 0.1515625
0 0.37109375 0.5171875 0.134375 0.0921875
0 0.74609375 0.4765625 0.146875 0.215625
1 0.28359375 0.253125 0.1421875 0.0765625
1 0.29375 0.4078125 0.121875 0.1578125
1 0.89453125 0.41796875 0.1515625 0.1125
0 0.5765625 0.4546875 0.1484375 0.1515625
0 0.4796875 0.53671875 0.0890625 0.0421875