0 0.34921875 0.20078125 0.15 0.3546875
0 0.14375 0.33125 0.2875 0.246875
0 0.30078125 0.5375 0.171875 0.290625
0 0.7125 0.246875 0.2125 0.2625
0 0.73671875 0.78125 0.165625 0.134375
0 0.65546875 0.91328125 0.15 0.171875
0 0.51640625 0.79296875 0.23125 0.1328125
0 0.54375 0.6453125 0.165625 0.1171875
1 0.90625 0.30390625 0.171875 0.1421875
0 0.7046875 0.428125 0.1484375 0.084375
0 0.459375 0.48828125 0.0890625 0.14375
0 0.56640625 0.3765625 0.128125 0.08125
0 0.48671875 0.32578125 0.1203125 0.159375
0 0.70859375 0.6109375 0.134375 0.1578125
0 0.5921875 0.525 0.1234375 0.1046875