1 0.284375 0.11328125 0.1890625 0.2265625
0 0.684375 0.73828125 0.1375 0.1578125
0 0.828125 0.01640625 0.0828125 0.0328125
0 0.896875 0.7921875 0.1625 0.19375
0 0.8390625 0.93359375 0.1390625 0.125
0 0.33671875 0.75078125 0.20625 0.1734375
0 0.92734375 0.0671875 0.0890625 0.134375
0 0.853125 0.246875 0.0734375 0.1328125
0 0.8390625 0.43515625 0.0828125 0.109375
0 0.35390625 0.915625 0.1578125 0.1296875
0 0.33828125 0.38359375 0.13125 0.1765625
0 0.8859375 0.5578125 0.0453125 0.1296875
0 0.47734375 0.59453125 0.075 0.10625
0 0.42265625 0.434375 0.0953125 0.115625
0 0.665625 0.55078125 0.153125 0.1859375
0 0.78046875 0.22421875 0.0625 0.115625
0 0.29609375 0.56484375 0.16875 0.18125
0 0.1875 0.70859375 0.1171875 0.0765625
0 0.43515625 0.0125 0.0796875 0.025
0 0.921875 0.41953125 0.06875 0.075
0 0.9890625 0.7078125 0.021875 0.0640625
0 0.75546875 0.01796875 0.0765625 0.0359375
0 0.15625 0.3796875 0.0734375 0.0625
0 0.52734375 0.06484375 0.09375 0.109375
0 0.5359375 0.321875 0.184375 0.1765625
0 0.78828125 0.61015625 0.0671875 0.1171875
0 0.6828125 0.090625 0.14375 0.0765625
0 0.50859375 0.3609375 0.1296875 0.1015625
0 0.6359375 0.93359375 0.1203125 0.1265625
0 0.54765625 0.4671875 0.08125 0.10625
0 0.61015625 0.8171875 0.1078125 0.11875
0 0.984375 0.16953125 0.03125 0.04375
0 0.60390625 0.6046875 0.084375 0.1
0 0.40390625 0.22578125 0.059375 0.0875
0 0.96796875 0.39296875 0.0515625 0.090625
0 0.2234375 0.92109375 0.0640625 0.078125
0 0.95 0.4046875 0.0640625 0.103125