0 0.72578125 0.596875 0.1140625 0.1546875
0 0.075 0.64921875 0.15 0.1375
0 0.33671875 0.4890625 0.075 0.090625
0 0.471875 0.8828125 0.24375 0.1765625
0 0.290625 0.34375 0.065625 0.1421875
0 0.27265625 0.5515625 0.0875 0.140625
0 0.159375 0.46328125 0.1359375 0.1078125
0 0.871875 0.64296875 0.1109375 0.146875
0 0.0984375 0.39609375 0.08125 0.1265625
0 0.03046875 0.38984375 0.0609375 0.0796875
0 0.63984375 0.2046875 0.0703125 0.134375
0 0.2140625 0.3765625 0.0625 0.0953125
0 0.715625 0.22265625 0.0578125 0.1640625
0 0.72734375 0.08828125 0.0671875 0.0953125
0 0.25703125 0.8640625 0.078125 0.1765625
0 0.75234375 0.3859375 0.075 0.1203125
0 0.628125 0.68125 0.0625 0.1015625
0 0.18828125 0.925 0.065625 0.15
0 0.296875 0.25390625 0.109375 0.0734375
0 0.4078125 0.30078125 0.0890625 0.1046875
0 0.52109375 0.59921875 0.15625 0.15
0 0.42265625 0.51015625 0.0625 0.0921875
0 0.53359375 0.0953125 0.0734375 0.1078125
0 0.95625 0.21171875 0.05625 0.09375
0 0.471875 0.0953125 0.0578125 0.1125
0 0.8015625 0.8265625 0.128125 0.1453125
0 0.0671875 0.86484375 0.096875 0.0796875
0 0.74140625 0.95703125 0.140625 0.0859375
0 0.528125 0.71015625 0.0640625 0.103125
0 0.61953125 0.34921875 0.0640625 0.1734375
0 0.34453125 0.05703125 0.05625 0.0875
0 0.38671875 0.13828125 0.05 0.09375
0 0.81484375 0.16796875 0.040625 0.109375
0 0.95546875 0.6921875 0.04375 0.153125
0 0.94375 0.4109375 0.0390625 0.1125
0 0.58671875 0.96171875 0.1328125 0.0765625
0 0.45546875 0.22578125 0.15625 0.121875