0 0.5625 0.30546875 0.165625 0.23125
0 0.43984375 0.63984375 0.128125 0.0984375
0 0.365625 0.2453125 0.2046875 0.2609375
0 0.21328125 0.46796875 0.19375 0.25625
1 0.8828125 0.303125 0.2265625 0.2359375
1 0.70078125 0.24140625 0.1609375 0.3125
0 0.0953125 0.125 0.190625 0.25
0 0.1171875 0.346875 0.234375 0.246875
0 0.79375 0.5453125 0.228125 0.2765625
0 0.33515625 0.89921875 0.2125 0.2015625
0 0.23671875 0.75390625 0.2171875 0.1671875
0 0.5234375 0.4625 0.2 0.13125
0 0.6203125 0.62578125 0.1734375 0.2765625
0 0.45234375 0.78828125 0.225 0.1875
0 0.28828125 0.6265625 0.1421875 0.11875
0 0.253125 0.13984375 0.18125 0.2578125