0 0.6078125 0.28203125 0.2109375 0.4234375
0 0.275 0.31796875 0.215625 0.38125
0 0.40390625 0.140625 0.209375 0.2296875
0 0.95234375 0.21875 0.0953125 0.278125
0 0.6921875 0.84765625 0.2890625 0.2484375
0 0.89375 0.5359375 0.2125 0.3484375
0 0.9953125 0.5828125 0.009375 0.315625
0 0.17109375 0.58359375 0.190625 0.225
0 0.29765625 0.5109375 0.2109375 0.21875
0 0.51484375 0.95546875 0.1796875 0.0890625
0 0.4546875 0.67890625 0.178125 0.2046875
0 0.4671875 0.053125 0.121875 0.0359375
0 0.8515625 0.09765625 0.234375 0.0671875
0 0.3828125 0.9265625 0.196875 0.146875