0 0.615625 0.26796875 0.140625 0.10625
0 0.67421875 0.87109375 0.125 0.14375
0 0.521875 0.62578125 0.0828125 0.0703125
0 0.8828125 0.50234375 0.159375 0.2234375
0 0.38984375 0.66875 0.1296875 0.059375
0 0.8171875 0.965625 0.115625 0.065625
0 0.58125 0.68515625 0.128125 0.08125
0 0.50078125 0.78984375 0.096875 0.125
0 0.65625 0.1328125 0.1328125 0.103125
0 0.440625 0.84609375 0.115625 0.075
0 0.4359375 0.91875 0.071875 0.0765625
0 0.25625 0.346875 0.121875 0.065625
0 0.42109375 0.7390625 0.0875 0.0578125
0 0.27109375 0.27734375 0.1484375 0.053125
0 0.146875 0.265625 0.0875 0.0625
0 0.86875 0.7 0.1609375 0.0734375
0 0.42109375 0.24296875 0.1109375 0.06875
0 0.6953125 0.3578125 0.09375 0.05625
0 0.92890625 0.76328125 0.140625 0.0609375
0 0.30625 0.66328125 0.0671875 0.1015625
0 0.34765625 0.5609375 0.096875 0.0828125
0 0.03828125 0.65703125 0.075 0.0578125
0 0.62109375 0.45625 0.1359375 0.14375
0 0.54140625 0.546875 0.0828125 0.0578125
0 0.15625 0.4453125 0.1 0.06875
0 0.25703125 0.0546875 0.0859375 0.0515625
0 0.04609375 0.56328125 0.0875 0.0546875
0 0.15703125 0.50234375 0.103125 0.053125
0 0.82578125 0.1984375 0.1328125 0.1171875
0 0.87265625 0.875 0.071875 0.090625
0 0.95390625 0.253125 0.0890625 0.1296875
0 0.72265625 0.45 0.09375 0.059375
0 0.3890625 0.365625 0.1578125 0.059375
0 0.63203125 0.98046875 0.1046875 0.0390625
0 0.12421875 0.61875 0.078125 0.0515625
0 0.19765625 0.5796875 0.0859375 0.046875
0 0.21875 0.1859375 0.1015625 0.0390625
0 0.7 0.05625 0.140625 0.040625
0 0.440625 0.0671875 0.1046875 0.0359375
0 0.96015625 0.396875 0.0796875 0.1234375
0 0.278125 0.5171875 0.109375 0.1453125