0 0.79453125 0.13515625 0.2234375 0.2203125
0 0.18125 0.134375 0.1 0.128125
0 0.0453125 0.40390625 0.090625 0.1
0 0.48359375 0.39609375 0.090625 0.1125
0 0.30625 0.74296875 0.10625 0.1875
0 0.29140625 0.57109375 0.1 0.134375
0 0.165625 0.30703125 0.084375 0.2
0 0.80703125 0.80625 0.1546875 0.1921875
0 0.39140625 0.3859375 0.053125 0.06875
0 0.2234375 0.44609375 0.0765625 0.10625
0 0.5953125 0.40703125 0.08125 0.10625
0 0.45390625 0.78125 0.1171875 0.23125
0 0.1328125 0.77890625 0.134375 0.2125
0 0.5640625 0.95546875 0.1046875 0.0875
0 0.95859375 0.23671875 0.071875 0.2171875
0 0.51484375 0.46171875 0.071875 0.109375
0 0.81796875 0.56328125 0.0703125 0.1421875
0 0.63203125 0.7390625 0.096875 0.2046875
0 0.0265625 0.27421875 0.053125 0.1515625
0 0.91484375 0.49375 0.0625 0.06875
0 0.74140625 0.4859375 0.075 0.0953125
0 0.6203125 0.4875 0.0640625 0.0984375
0 0.9546875 0.66953125 0.071875 0.09375
0 0.3625 0.5078125 0.071875 0.0671875
0 0.971875 0.08515625 0.053125 0.1265625
0 0.0640625 0.54765625 0.0640625 0.115625
0 0.815625 0.41875 0.1578125 0.13125
0 0.91875 0.596875 0.078125 0.0921875
0 0.58671875 0.08671875 0.084375 0.078125
0 0.6609375 0.5890625 0.071875 0.1109375
0 0.378125 0.47265625 0.0765625 0.06875
0 0.03984375 0.1375 0.0796875 0.084375
0 0.01875 0.76328125 0.0375 0.1828125