0 0.42109375 0.09375 0.1109375 0.175
0 0.1546875 0.69296875 0.1328125 0.1875
0 0.56328125 0.15546875 0.0890625 0.1671875
0 0.0171875 0.478125 0.034375 0.134375
0 0.046875 0.15078125 0.09375 0.228125
0 0.878125 0.86171875 0.0609375 0.1265625
0 0.51328125 0.02890625 0.0421875 0.0578125
0 0.2421875 0.4671875 0.0859375 0.1015625
0 0.6234375 0.8953125 0.065625 0.0828125
0 0.58203125 0.27734375 0.125 0.1390625
0 0.89296875 0.3359375 0.0640625 0.115625
0 0.853125 0.57578125 0.084375 0.215625
0 0.97734375 0.5453125 0.0375 0.0921875
0 0.14609375 0.4078125 0.059375 0.09375
0 0.21875 0.96015625 0.15 0.05625
0 0.315625 0.0265625 0.046875 0.053125
0 0.95390625 0.440625 0.0546875 0.1421875
0 0.04453125 0.02109375 0.0890625 0.0421875
0 0.97265625 0.76484375 0.04375 0.090625
0 0.68125 0.91875 0.11875 0.059375
0 0.76171875 0.47265625 0.065625 0.06875
0 0.871875 0.7625 0.071875 0.0796875
0 0.90390625 0.42265625 0.0578125 0.0859375
0 0.40078125 0.8875 0.05625 0.1390625
0 0.784375 0.784375 0.065625 0.1125
0 0.8421875 0.07421875 0.05 0.1484375
0 0.159375 0.0390625 0.15625 0.078125
0 0.78203125 0.1109375 0.040625 0.125