0 0.40859375 0.1453125 0.2734375 0.290625
0 0.40390625 0.3921875 0.1453125 0.16875
0 0.66953125 0.2609375 0.16875 0.1703125
0 0.62109375 0.94765625 0.128125 0.0453125
0 0.63046875 0.6875 0.1609375 0.21875
0 0.559375 0.465625 0.259375 0.2703125
0 0.384375 0.815625 0.1515625 0.228125
0 0.1515625 0.38515625 0.303125 0.4171875
0 0.25 0.69375 0.140625 0.1359375
0 0.81171875 0.05859375 0.1296875 0.1171875
0 0.54765625 0.89609375 0.078125 0.115625
0 0.10234375 0.740625 0.1078125 0.1421875
0 0.04296875 0.80546875 0.0859375 0.190625
0 0.7703125 0.47109375 0.075 0.04375
0 0.71171875 0.125 0.1578125 0.125
0 0.72421875 0.88203125 0.090625 0.15
0 0.6421875 0.90546875 0.1 0.0859375
0 0.1328125 0.0625 0.165625 0.125