0 0.9375 0.2203125 0.125 0.128125
0 0.75859375 0.6625 0.1671875 0.178125
0 0.8046875 0.1609375 0.175 0.1421875
1 0.15703125 0.69453125 0.25625 0.153125
0 0.05234375 0.5578125 0.1046875 0.0765625
0 0.91171875 0.6578125 0.1234375 0.1421875
0 0.7515625 0.34765625 0.15 0.128125
0 0.428125 0.6515625 0.15 0.1140625
0 0.36953125 0.47265625 0.1578125 0.1484375
0 0.47578125 0.57890625 0.0984375 0.078125
0 0.13125 0.47578125 0.1140625 0.090625
0 0.47578125 0.20546875 0.09375 0.071875
0 0.628125 0.428125 0.1 0.0765625
0 0.30859375 0.18203125 0.1171875 0.0671875
0 0.9328125 0.40078125 0.134375 0.0921875
0 0.72265625 0.8046875 0.0765625 0.0796875
0 0.0546875 0.196875 0.1078125 0.0671875
0 0.28203125 0.58828125 0.075 0.05
0 0.6171875 0.53671875 0.0859375 0.065625
0 0.81171875 0.42578125 0.115625 0.0875
0 0.28359375 0.24765625 0.1015625 0.053125
0 0.10234375 0.11484375 0.2046875 0.08125
0 0.46328125 0.12421875 0.06875 0.0625
0 0.0640625 0.26171875 0.1046875 0.0703125
0 0.63359375 0.253125 0.121875 0.059375
0 0.51015625 0.459375 0.08125 0.05625
0 0.16015625 0.3296875 0.065625 0.1265625
0 0.5890625 0.68671875 0.165625 0.1625
0 0.42265625 0.81484375 0.0578125 0.0546875
0 0.56796875 0.359375 0.1390625 0.1265625
0 0.5859375 0.16328125 0.1109375 0.0421875
0 0.43671875 0.08671875 0.0796875 0.04375
0 0.971875 0.45546875 0.05625 0.1265625
0 0.80390625 0.04921875 0.0765625 0.05
0 0.721875 0.05703125 0.0484375 0.0578125
0 0.7203125 0.284375 0.1015625 0.0421875
0 0.91796875 0.775 0.0734375 0.05625
0 0.975 0.69296875 0.05 0.0703125
0 0.2546875 0.509375 0.0828125 0.0875
0 0.2640625 0.39296875 0.0703125 0.05
0 0.98125 0.5453125 0.0375 0.06875
0 0.92421875 0.0171875 0.15 0.034375
0 0.40859375 0.49765625 0.0953125 0.1
0 0.23984375 0.04140625 0.05 0.0796875
0 0.975 0.74609375 0.05 0.05625
0 0.3859375 0.72109375 0.0859375 0.065625