0 0.76484375 0.65390625 0.1296875 0.2140625
0 0.203125 0.76015625 0.134375 0.2375
0 0.6 0.65859375 0.20625 0.3546875
0 0.24375 0.22265625 0.4828125 0.36875
0 0.91328125 0.88671875 0.1734375 0.2265625
0 0.0875 0.828125 0.0734375 0.209375
0 0.7484375 0.2734375 0.240625 0.3296875
0 0.54453125 0.121875 0.1546875 0.2
0 0.9421875 0.690625 0.115625 0.16875
0 0.10703125 0.6921875 0.1328125 0.2234375
0 0.29375 0.84609375 0.1203125 0.1828125
0 0.47265625 0.8375 0.1109375 0.1828125
0 0.22109375 0.94765625 0.3171875 0.1046875
0 0.7046875 0.09609375 0.1625 0.134375
0 0.98515625 0.4953125 0.0296875 0.20625
0 0.8953125 0.50625 0.08125 0.140625
0 0.07265625 0.47890625 0.0890625 0.1578125
0 0.31640625 0.5546875 0.178125 0.153125
0 0.8515625 0.72734375 0.0859375 0.1265625
0 0.08515625 0.34375 0.13125 0.1125
0 0.5484375 0.46328125 0.084375 0.1328125
0 0.94296875 0.32734375 0.1140625 0.121875
0 0.78828125 0.4328125 0.121875 0.1828125