0 0.734375 0.10546875 0.3265625 0.2109375
0 0.16640625 0.178125 0.3328125 0.3140625
0 0.371875 0.90859375 0.1390625 0.1625
0 0.059375 0.92578125 0.103125 0.125
0 0.21015625 0.7515625 0.2140625 0.1203125
1 0.56953125 0.5859375 0.3125 0.3375
0 0.9046875 0.06953125 0.190625 0.1390625
0 0.953125 0.77890625 0.09375 0.121875
0 0.61171875 0.91875 0.090625 0.0421875
0 0.6765625 0.85390625 0.1359375 0.096875
0 0.51640625 0.1765625 0.103125 0.084375
0 0.5109375 0.95390625 0.1203125 0.0875
0 0.87734375 0.3515625 0.1453125 0.178125
0 0.97109375 0.3859375 0.0578125 0.1421875
0 0.57421875 0.34921875 0.159375 0.1203125
0 0.6234375 0.95546875 0.0609375 0.0421875
0 0.32890625 0.10703125 0.33125 0.2140625
0 0.23671875 0.3828125 0.175 0.1
0 0.56875 0.840625 0.059375 0.090625