1 0.7203125 0.8140625 0.1703125 0.1953125
0 0.49765625 0.09296875 0.2140625 0.1859375
0 0.08203125 0.7125 0.08125 0.2765625
0 0.7953125 0.53125 0.128125 0.271875
0 0.28515625 0.42265625 0.2375 0.2515625
0 0.053125 0.0828125 0.10625 0.165625
0 0.4359375 0.6671875 0.2015625 0.19375
0 0.1078125 0.4234375 0.13125 0.2328125
0 0.25546875 0.15 0.390625 0.3
0 0.5640625 0.3765625 0.09375 0.103125
0 0.8953125 0.45859375 0.1484375 0.1515625
0 0.9125 0.30546875 0.175 0.1578125
0 0.83515625 0.09296875 0.196875 0.1453125
0 0.29140625 0.76953125 0.1671875 0.2078125
0 0.634375 0.89453125 0.0796875 0.1265625
0 0.55390625 0.83828125 0.1421875 0.11875
0 0.90859375 0.034375 0.1828125 0.06875
0 0.57421875 0.4875 0.1484375 0.1640625
0 0.6015625 0.17265625 0.2546875 0.2921875
0 0.39609375 0.26640625 0.0828125 0.115625