0 0.87109375 0.7 0.2265625 0.2125
0 0.1234375 0.6625 0.215625 0.171875
0 0.29921875 0.81171875 0.1515625 0.1984375
0 0.821875 0.50234375 0.1953125 0.18125
1 0.3359375 0.12890625 0.1765625 0.2359375
0 0.2296875 0.5171875 0.1765625 0.225
0 0.57578125 0.63828125 0.1265625 0.19375
0 0.42109375 0.6875 0.18125 0.1640625
0 0.703125 0.39375 0.1078125 0.1171875
0 0.134375 0.87109375 0.1671875 0.2296875
0 0.5296875 0.225 0.2171875 0.1578125
0 0.70859375 0.70625 0.1140625 0.2125
0 0.57734375 0.3296875 0.190625 0.0921875
0 0.58046875 0.4375 0.078125 0.1421875
0 0.359375 0.3203125 0.16875 0.15625
0 0.44765625 0.571875 0.0828125 0.075
0 0.35703125 0.5109375 0.071875 0.0859375
0 0.49296875 0.39375 0.109375 0.0828125
0 0.5328125 0.55859375 0.0875 0.09375
0 0.24296875 0.35234375 0.196875 0.09375
0 0.3765625 0.42421875 0.115625 0.078125
0 0.5015625 0.509375 0.05 0.1140625
0 0.68046875 0.47890625 0.128125 0.1109375
0 0.4203125 0.47578125 0.0625 0.078125