0 0.84765625 0.325 0.2234375 0.2390625
0 0.5984375 0.63671875 0.1609375 0.1296875
0 0.2078125 0.17109375 0.1453125 0.325
1 0.38359375 0.765625 0.196875 0.140625
0 0.71796875 0.496875 0.1171875 0.2296875
0 0.59296875 0.8296875 0.165625 0.2375
0 0.17109375 0.46640625 0.16875 0.23125
0 0.3875 0.27265625 0.1625 0.228125
1 0.08359375 0.3234375 0.1671875 0.203125
1 0.47578125 0.909375 0.1140625 0.1765625
0 0.58984375 0.5015625 0.0859375 0.1859375
0 0.55546875 0.303125 0.115625 0.1765625
0 0.6953125 0.23125 0.1203125 0.2625
0 0.2984375 0.459375 0.0765625 0.1109375
0 0.42578125 0.62109375 0.128125 0.165625
0 0.42265625 0.46171875 0.1046875 0.0890625