0 0.88125 0.21171875 0.234375 0.2109375
0 0.0640625 0.34140625 0.128125 0.2015625
0 0.73046875 0.12890625 0.128125 0.2546875
0 0.53984375 0.7734375 0.2390625 0.1546875
0 0.26953125 0.8109375 0.2296875 0.1734375
0 0.76796875 0.38515625 0.1515625 0.21875
0 0.15859375 0.48828125 0.1140625 0.21875
0 0.54375 0.184375 0.125 0.225
0 0.64375 0.46328125 0.125 0.2890625
0 0.265625 0.6140625 0.209375 0.1265625
0 0.41484375 0.8984375 0.1328125 0.178125
0 0.27265625 0.49765625 0.10625 0.2125
0 0.32890625 0.15234375 0.1 0.1453125
0 0.51875 0.5328125 0.121875 0.1765625
0 0.15703125 0.23125 0.1171875 0.2171875
1 0.128125 0.1125 0.1640625 0.153125
0 0.32734375 0.28671875 0.1234375 0.1421875
0 0.52421875 0.40078125 0.1109375 0.10625
1 0.45625 0.26796875 0.0453125 0.125
1 0.27109375 0.16015625 0.0640625 0.065625