0 0.0765625 0.1484375 0.153125 0.2828125
0 0.5140625 0.296875 0.19375 0.328125
0 0.81640625 0.57890625 0.3171875 0.353125
0 0.30234375 0.190625 0.2078125 0.3640625
0 0.171875 0.72578125 0.25 0.3
0 0.88203125 0.07578125 0.2328125 0.1234375
0 0.721875 0.2484375 0.15625 0.271875
0 0.07265625 0.54375 0.1453125 0.19375
0 0.40859375 0.4109375 0.09375 0.153125
0 0.4796875 0.75078125 0.20625 0.35625
0 0.40859375 0.584375 0.09375 0.171875
0 0.23046875 0.3765625 0.0609375 0.1203125
0 0.18125 0.33125 0.05625 0.0875
0 0.60703125 0.48515625 0.06875 0.090625
0 0.3421875 0.5828125 0.065625 0.125
0 0.6453125 0.90703125 0.0859375 0.0890625
0 0.57421875 0.96953125 0.1265625 0.0609375
0 0.2640625 0.9390625 0.0671875 0.1125
0 0.3796875 0.0328125 0.20625 0.0515625