0 0.81015625 0.86796875 0.184375 0.2296875
0 0.2625 0.54140625 0.2234375 0.2453125
0 0.87265625 0.37890625 0.2390625 0.1453125
0 0.15234375 0.75 0.2625 0.2515625
0 0.80625 0.4828125 0.18125 0.1421875
0 0.3296875 0.7984375 0.1859375 0.259375
0 0.66171875 0.50390625 0.1015625 0.0828125
0 0.496875 0.7125 0.134375 0.18125
0 0.64296875 0.2890625 0.196875 0.178125
0 0.7984375 0.67734375 0.159375 0.1546875
0 0.42578125 0.49609375 0.15 0.2328125
0 0.62265625 0.69453125 0.1296875 0.0921875
0 0.71328125 0.59296875 0.1015625 0.1390625
1 0.83984375 0.146875 0.16875 0.253125
0 0.55 0.5375 0.10625 0.0625
0 0.57890625 0.40703125 0.1609375 0.221875
0 0.6703125 0.79140625 0.15 0.1828125