0 0.165625 0.725 0.1421875 0.08125
0 0.33046875 0.08984375 0.15 0.084375
0 0.39296875 0.565625 0.1203125 0.09375
0 0.71171875 0.5734375 0.178125 0.1578125
0 0.5265625 0.37734375 0.128125 0.065625
0 0.28515625 0.1765625 0.096875 0.0890625
0 0.25 0.4828125 0.1296875 0.05625
0 0.81875 0.2234375 0.1109375 0.1109375
0 0.478125 0.29921875 0.2109375 0.109375
0 0.696875 0.4078125 0.159375 0.0703125
0 0.72734375 0.35234375 0.1109375 0.065625
0 0.5890625 0.59296875 0.1 0.0671875
0 0.7421875 0.090625 0.128125 0.0671875
0 0.22578125 0.35 0.1921875 0.190625
0 0.11796875 0.62890625 0.1140625 0.05625
0 0.44453125 0.0578125 0.1 0.115625
0 0.646875 0.715625 0.084375 0.0578125
0 0.44140625 0.23828125 0.1203125 0.05
0 0.36796875 0.2 0.09375 0.0640625
0 0.0671875 0.40390625 0.096875 0.065625
0 0.5765625 0.20859375 0.109375 0.053125
0 0.01875 0.51171875 0.0375 0.078125
0 0.49609375 0.58671875 0.090625 0.1359375
0 0.2015625 0.15546875 0.1046875 0.0453125
0 0.7546875 0.68125 0.1734375 0.1203125
0 0.20703125 0.53828125 0.084375 0.0671875
0 0.8328125 0.31796875 0.0859375 0.0546875
0 0.6390625 0.02421875 0.0453125 0.0484375
0 0.6671875 0.2640625 0.1 0.053125
0 0.96875 0.23125 0.0390625 0.0765625
0 0.55625 0.48984375 0.1359375 0.06875
0 0.59296875 0.440625 0.06875 0.0640625
0 0.8828125 0.025 0.23125 0.05
0 0.56171875 0.6734375 0.0875 0.0875
0 0.36328125 0.375 0.1203125 0.053125
0 0.0015625 0.7328125 0.003125 0.071875