0 0.625 0.41015625 0.1578125 0.171875
0 0.24375 0.72578125 0.1046875 0.1296875
0 0.75078125 0.66875 0.209375 0.19375
0 0.325 0.8140625 0.1125 0.15625
0 0.27578125 0.1140625 0.215625 0.196875
0 0.10234375 0.28828125 0.0671875 0.1265625
0 0.81640625 0.43828125 0.11875 0.15625
0 0.0453125 0.43359375 0.090625 0.0890625
0 0.6296875 0.90546875 0.090625 0.08125
0 0.22265625 0.9375 0.1359375 0.0890625
0 0.17421875 0.40078125 0.140625 0.1203125
0 0.6828125 0.5921875 0.1359375 0.171875
0 0.2734375 0.29609375 0.0890625 0.13125
0 0.31015625 0.6984375 0.0703125 0.1171875
0 0.14296875 0.57578125 0.09375 0.05
0 0.69609375 0.1953125 0.0515625 0.13125
0 0.1078125 0.64921875 0.0890625 0.075
0 0.4078125 0.725 0.0765625 0.121875
0 0.15703125 0.13515625 0.0703125 0.1046875
0 0.95625 0.3296875 0.0453125 0.171875
0 0.9515625 0.00078125 0.0640625 0.0015625
0 0.2796875 0.02265625 0.0640625 0.0453125
0 0.0828125 0.865625 0.1015625 0.1609375
0 0.40625 0.003125 0.09375 0.00625
0 0.503125 0.9328125 0.0796875 0.0484375
0 0.72890625 0.890625 0.0609375 0.09375
0 0.4125 0.4265625 0.059375 0.1015625
0 0.85234375 0.5171875 0.065625 0.1046875
0 0.63828125 0.01015625 0.0609375 0.0203125
0 0.375 0.3140625 0.0703125 0.125
0 0.8765625 0.4015625 0.0671875 0.1375
0 0.88359375 0.2515625 0.0734375 0.096875
0 0.45 0.121875 0.0640625 0.1359375
0 0.35 0.54375 0.071875 0.06875