0 0.85625 0.70078125 0.2875 0.2640625
0 0.34140625 0.1734375 0.2375 0.3453125
0 0.2671875 0.5625 0.2203125 0.246875
0 0.71328125 0.4953125 0.203125 0.2890625
1 0.1109375 0.146875 0.2203125 0.29375
0 0.503125 0.8390625 0.1765625 0.1875
0 0.1390625 0.43203125 0.2546875 0.2421875
0 0.6453125 0.784375 0.1625 0.2625
0 0.48828125 0.35 0.290625 0.20625
0 0.56796875 0.53515625 0.0984375 0.1890625
0 0.39921875 0.7328125 0.178125 0.2046875
1 0.3859375 0.921875 0.1609375 0.1421875
1 0.28671875 0.81328125 0.1828125 0.13125