0 0.80703125 0.4828125 0.3328125 0.296875
0 0.6015625 0.221875 0.21875 0.309375
0 0.31875 0.09765625 0.1796875 0.1953125
0 0.12734375 0.13125 0.1171875 0.2609375
0 0.07265625 0.59296875 0.1140625 0.2515625
0 0.42421875 0.3390625 0.1203125 0.1546875
0 0.2234375 0.35 0.0921875 0.1421875
0 0.45859375 0.66484375 0.1703125 0.2234375
0 0.34453125 0.28671875 0.0984375 0.13125
0 0.56328125 0.0828125 0.1609375 0.159375
0 0.33359375 0.4921875 0.0921875 0.1203125
0 0.2546875 0.19921875 0.1203125 0.184375
0 0.046875 0.84609375 0.09375 0.2171875
0 0.2640625 0.8265625 0.1921875 0.184375
0 0.10078125 0.3484375 0.0640625 0.1140625
0 0.475 0.859375 0.1265625 0.140625
0 0.046875 0.37734375 0.0578125 0.1171875
0 0.1859375 0.5046875 0.0953125 0.103125
0 0.17109375 0.3296875 0.059375 0.1015625
0 0.27890625 0.684375 0.084375 0.2109375
0 0.56015625 0.53203125 0.071875 0.1078125
0 0.5390625 0.91484375 0.0984375 0.0921875