0 0.5078125 0.48125 0.184375 0.19375
0 0.6671875 0.45078125 0.2109375 0.1828125
0 0.44453125 0.6859375 0.0765625 0.1921875
0 0.31875 0.371875 0.08125 0.1203125
0 0.46171875 0.20859375 0.0734375 0.1640625
0 0.53046875 0.325 0.05625 0.115625
0 0.03984375 0.60703125 0.0796875 0.1453125
0 0.2921875 0.83828125 0.1046875 0.1890625
0 0.23515625 0.0734375 0.1375 0.146875
0 0.5640625 0.06484375 0.0765625 0.1296875
0 0.434375 0.86171875 0.0796875 0.1796875
0 0.80625 0.4671875 0.1421875 0.1765625
0 0.59453125 0.25859375 0.065625 0.11875
0 0.15625 0.2484375 0.071875 0.0609375
0 0.18125 0.86640625 0.115625 0.1125
0 0.33984375 0.67421875 0.078125 0.209375
0 0.034375 0.22578125 0.06875 0.1078125
0 0.2109375 0.9734375 0.0984375 0.028125
0 0.309375 0.01171875 0.1140625 0.0234375
0 0.1703125 0.79375 0.0984375 0.0765625
0 0.665625 0.07421875 0.0875 0.103125
0 0.66484375 0.76328125 0.2828125 0.221875
0 0.18203125 0.15859375 0.06875 0.071875
0 0.3640625 0.54140625 0.0640625 0.1125
0 0.59609375 0.896875 0.221875 0.1421875
0 0.71015625 0.8984375 0.3890625 0.1359375