0 0.5078125 0.6953125 0.1078125 0.121875
1 0.47734375 0.809375 0.1640625 0.1328125
0 0.26875 0.41015625 0.140625 0.24375
0 0.61640625 0.60703125 0.121875 0.1203125
0 0.39921875 0.465625 0.1140625 0.1921875
0 0.40546875 0.65546875 0.1015625 0.1890625
0 0.51015625 0.4359375 0.1890625 0.1375
0 0.26015625 0.66015625 0.1828125 0.2390625
0 0.83046875 0.4078125 0.3265625 0.1578125
0 0.75 0.2046875 0.1921875 0.278125
0 0.66640625 0.87265625 0.1359375 0.125
0 0.6703125 0.7828125 0.203125 0.2265625
0 0.55625 0.32109375 0.2109375 0.1796875
0 0.68203125 0.55625 0.1734375 0.1828125
1 0.6125 0.925 0.1078125 0.15
0 0.5484375 0.58125 0.053125 0.1015625
0 0.13203125 0.52109375 0.240625 0.178125