0 0.784375 0.68125 0.2703125 0.1859375
0 0.8265625 0.30234375 0.346875 0.1921875
0 0.2 0.6875 0.3515625 0.2125
0 0.73125 0.11328125 0.325 0.2078125
0 0.47109375 0.87578125 0.23125 0.2484375
0 0.48203125 0.40234375 0.2359375 0.1234375
0 0.92265625 0.8015625 0.1546875 0.1890625
0 0.46171875 0.20546875 0.3640625 0.259375
0 0.371875 0.584375 0.1953125 0.215625
0 0.7078125 0.4421875 0.1796875 0.128125
0 0.70234375 0.53984375 0.1078125 0.1234375
0 0.61640625 0.7484375 0.29375 0.1734375
0 0.76015625 0.834375 0.128125 0.1734375
0 0.47734375 0.51953125 0.0921875 0.1578125
0 0.603125 0.6453125 0.1109375 0.1265625
0 0.57578125 0.50546875 0.090625 0.1078125
0 0.87109375 0.6359375 0.146875 0.128125
0 0.6359375 0.53046875 0.0671875 0.0984375
1 0.29453125 0.86953125 0.1 0.1734375