0 0.3640625 0.6921875 0.1171875 0.2734375
0 0.70859375 0.1703125 0.1296875 0.284375
1 0.12578125 0.45078125 0.2203125 0.2421875
0 0.49609375 0.55234375 0.1265625 0.1015625
1 0.3109375 0.35078125 0.1375 0.36875
1 0.83671875 0.45390625 0.1703125 0.184375
1 0.8734375 0.2671875 0.2234375 0.1984375
0 0.6171875 0.54609375 0.09375 0.0890625
1 0.6015625 0.3484375 0.1171875 0.1234375
1 0.23125 0.69296875 0.1421875 0.296875
1 0.67265625 0.53203125 0.09375 0.2
1 0.503125 0.8921875 0.0875 0.1390625
1 0.60546875 0.91171875 0.109375 0.14375
1 0.56015625 0.6875 0.0890625 0.1609375
1 0.6015625 0.73046875 0.103125 0.115625
1 0.4015625 0.43984375 0.0640625 0.1765625
1 0.46640625 0.7625 0.084375 0.084375