0 0.44375 0.0625 0.2109375 0.125
0 0.23671875 0.61796875 0.25625 0.165625
0 0.590625 0.13203125 0.184375 0.140625
0 0.365625 0.175 0.25625 0.1359375
0 0.640625 0.259375 0.259375 0.125
0 0.846875 0.59296875 0.178125 0.15625
0 0.38125 0.8125 0.1765625 0.2859375
0 0.80390625 0.35703125 0.1421875 0.1671875
0 0.52421875 0.665625 0.228125 0.1609375
0 0.378125 0.3109375 0.2234375 0.1359375
0 0.69453125 0.65625 0.140625 0.184375
1 0.1671875 0.7921875 0.2703125 0.1875
0 0.69140625 0.36015625 0.125 0.1359375
0 0.41328125 0.4640625 0.19375 0.1171875
0 0.6015625 0.58203125 0.1359375 0.1109375
0 0.571875 0.35078125 0.1046875 0.0671875
0 0.80625 0.49921875 0.1640625 0.1125
1 0.9265625 0.45546875 0.1375 0.11875
0 0.54453125 0.478125 0.0625 0.084375
0 0.684375 0.45 0.071875 0.1140625
0 0.378125 0.5234375 0.1328125 0.1390625
0 0.38359375 0.54765625 0.121875 0.090625