0 0.70703125 0.4125 0.1640625 0.2828125
1 0.21796875 0.51640625 0.15625 0.2125
1 0.14296875 0.74765625 0.228125 0.2890625
0 0.3 0.33828125 0.1765625 0.165625
0 0.86484375 0.65 0.2703125 0.271875
0 0.69609375 0.78515625 0.1734375 0.3796875
0 0.53671875 0.6234375 0.1 0.140625
0 0.47734375 0.23828125 0.2296875 0.159375
1 0.26875 0.7234375 0.084375 0.1484375
1 0.42734375 0.70703125 0.1703125 0.13125
1 0.409375 0.0875 0.1234375 0.1609375
0 0.46328125 0.4140625 0.1640625 0.1578125
0 0.55234375 0.51015625 0.0484375 0.0921875