0 0.20390625 0.56640625 0.3984375 0.1765625
0 0.7828125 0.5609375 0.4203125 0.2078125
0 0.83125 0.19609375 0.3296875 0.2046875
0 0.26328125 0.06171875 0.46875 0.121875
0 0.38515625 0.4078125 0.1859375 0.1140625
0 0.57421875 0.1609375 0.1765625 0.11875
0 0.6015625 0.43203125 0.1984375 0.13125
0 0.24375 0.44375 0.096875 0.065625
0 0.21875 0.69609375 0.125 0.078125
0 0.0890625 0.6671875 0.1703125 0.0859375
0 0.54765625 0.63125 0.134375 0.0828125
0 0.7390625 0.71015625 0.1828125 0.0890625
0 0.03671875 0.45 0.071875 0.0859375
0 0.77734375 0.8 0.1828125 0.096875
0 0.45 0.5 0.1234375 0.0796875
0 0.89375 0.94375 0.2109375 0.1125
0 0.69375 0.04921875 0.153125 0.0734375
0 0.45625 0.86875 0.24375 0.2515625
0 0.19375 0.2359375 0.2828125 0.1375
0 0.57578125 0.28984375 0.125 0.065625
0 0.61171875 0.35234375 0.128125 0.078125
0 0.02578125 0.37265625 0.0515625 0.0875
0 0.63203125 0.9796875 0.159375 0.0390625
0 0.91875 0.021875 0.15 0.04375
0 0.4390625 0.3203125 0.0828125 0.06875