0 0.19453125 0.490625 0.3453125 0.2328125
0 0.91796875 0.09453125 0.1640625 0.1890625
0 0.64140625 0.475 0.3015625 0.1515625
0 0.871875 0.40390625 0.2390625 0.14375
0 0.81484375 0.23515625 0.3234375 0.2046875
0 0.525 0.32734375 0.1921875 0.128125
0 0.3109375 0.29765625 0.196875 0.1234375
0 0.7578125 0.07265625 0.1359375 0.0890625
0 0.89453125 0.53828125 0.1890625 0.121875
0 0.33984375 0.09765625 0.15 0.1046875
0 0.5859375 0.0828125 0.1984375 0.08125
0 0.95078125 0.63125 0.0984375 0.11875
0 0.60859375 0.2515625 0.15 0.0703125
0 0.78359375 0.68828125 0.15 0.096875
0 0.40859375 0.78203125 0.2953125 0.2546875
0 0.959375 0.80390625 0.08125 0.1234375
0 0.08671875 0.90390625 0.08125 0.128125
0 0.44765625 0.4234375 0.115625 0.0734375
0 0.896875 0.87890625 0.1140625 0.153125
0 0.49296875 0.94609375 0.3734375 0.078125
0 0.5046875 0.1796875 0.1109375 0.0515625
0 0.46171875 0.01875 0.1296875 0.0375