0 0.590625 0.35234375 0.2015625 0.1375
0 0.809375 0.8890625 0.159375 0.2078125
1 0.80625 0.30703125 0.134375 0.0765625
0 0.221875 0.7203125 0.3 0.1515625
0 0.64609375 0.63515625 0.184375 0.10625
0 0.63125 0.74765625 0.234375 0.15
0 0.83984375 0.465625 0.290625 0.184375
1 0.84140625 0.209375 0.1390625 0.1265625
0 0.3484375 0.53828125 0.1734375 0.1421875
1 0.709375 0.14375 0.140625 0.1953125
0 0.77421875 0.63046875 0.1015625 0.1
1 0.521875 0.5890625 0.2046875 0.1203125
0 0.58984375 0.8984375 0.2453125 0.1328125
1 0.38984375 0.85234375 0.1703125 0.209375
1 0.42265625 0.66796875 0.1203125 0.0984375
0 0.71015625 0.23984375 0.0859375 0.084375
0 0.50859375 0.74453125 0.24375 0.15625