0 0.53046875 0.2375 0.1328125 0.2640625
0 0.51640625 0.5921875 0.128125 0.2671875
0 0.3171875 0.4890625 0.19375 0.23125
0 0.83359375 0.315625 0.0875 0.23125
0 0.38671875 0.778125 0.1109375 0.08125
0 0.71953125 0.7078125 0.0796875 0.3015625
0 0.66875 0.2703125 0.125 0.228125
0 0.9640625 0.45 0.0703125 0.15625
0 0.21875 0.63359375 0.0765625 0.13125
0 0.88203125 0.0828125 0.0890625 0.0796875
0 0.39375 0.86640625 0.0984375 0.0859375
0 0.81875 0.48984375 0.059375 0.103125
0 0.63359375 0.47890625 0.065625 0.1390625
0 0.896875 0.8234375 0.0609375 0.159375
0 0.80703125 0.56953125 0.0796875 0.09375
0 0.75703125 0.45 0.05 0.1125
0 0.1140625 0.44296875 0.05625 0.0828125
0 0.9375 0.56328125 0.0640625 0.1203125
0 0.846875 0.66640625 0.05625 0.1078125