0 0.81484375 0.871875 0.1859375 0.234375
0 0.27734375 0.2921875 0.159375 0.2359375
0 0.621875 0.25 0.1859375 0.13125
0 0.13671875 0.42421875 0.2453125 0.1484375
0 0.71796875 0.128125 0.1671875 0.178125
0 0.5859375 0.653125 0.1828125 0.1265625
0 0.8140625 0.35859375 0.1859375 0.1453125
0 0.66328125 0.7796875 0.1703125 0.18125
0 0.84921875 0.69453125 0.2140625 0.134375
0 0.4703125 0.61015625 0.1203125 0.1484375
0 0.45234375 0.34140625 0.140625 0.1546875
0 0.88984375 0.23125 0.1921875 0.1296875
0 0.3296875 0.5734375 0.1703125 0.153125
0 0.78046875 0.56015625 0.1859375 0.1453125
0 0.49453125 0.41796875 0.071875 0.1328125
0 0.39296875 0.4578125 0.1296875 0.1359375
0 0.6140625 0.33203125 0.1359375 0.0703125
0 0.75703125 0.4328125 0.1046875 0.0953125
1 0.87265625 0.09921875 0.153125 0.171875
0 0.6171875 0.39453125 0.1078125 0.0734375
0 0.56015625 0.54765625 0.1046875 0.1