0 0.18359375 0.04296875 0.0859375 0.0859375
0 0.50390625 0.7484375 0.0859375 0.153125
0 0.221875 0.2140625 0.09375 0.153125
0 0.7421875 0.06953125 0.0625 0.1265625
0 0.1984375 0.7390625 0.1171875 0.2234375
0 0.40078125 0.88984375 0.1484375 0.1765625
0 0.921875 0.60390625 0.0640625 0.128125
0 0.0859375 0.21796875 0.134375 0.1765625
0 0.34609375 0.71640625 0.1390625 0.1578125
0 0.71875 0.559375 0.128125 0.184375
0 0.5796875 0.1921875 0.1109375 0.3078125
0 0.8578125 0.0328125 0.090625 0.065625
0 0.54140625 0.4953125 0.1 0.26875
0 0.9625 0.18671875 0.075 0.109375
0 0.45078125 0.15546875 0.215625 0.2640625
0 0.2984375 0.02109375 0.1390625 0.0421875
0 0.61953125 0.75390625 0.053125 0.125
0 0.16015625 0.8984375 0.0640625 0.1046875
0 0.096875 0.63828125 0.1140625 0.2390625
0 0.69609375 0.321875 0.1234375 0.109375
0 0.73515625 0.821875 0.090625 0.16875
0 0.10078125 0.36015625 0.1015625 0.1453125
0 0.4203125 0.35546875 0.0921875 0.1328125
0 0.66953125 0.7203125 0.065625 0.1609375
0 0.49609375 0.925 0.0578125 0.0859375
0 0.9890625 0.53515625 0.021875 0.1046875
0 0.04765625 0.0609375 0.0734375 0.1015625
0 0.8265625 0.3796875 0.065625 0.0578125
0 0.61796875 0.925 0.0515625 0.0640625
0 0.8140625 0.44140625 0.0765625 0.059375
0 0.70390625 0.85703125 0.0625 0.1046875
0 0.8625 0.28984375 0.0609375 0.0765625
0 0.9890625 0.78984375 0.021875 0.0640625
0 0.8921875 0.91640625 0.159375 0.046875
0 0.7265625 0.4 0.0734375 0.075
0 0.084375 0.85546875 0.0515625 0.1671875
0 0.16875 0.5609375 0.0765625 0.134375
0 0.6859375 0.9328125 0.084375 0.0375