1 0.1875 0.38515625 0.103125 0.209375
0 0.6328125 0.70234375 0.18125 0.3640625
0 0.53828125 0.63515625 0.11875 0.25
0 0.74375 0.34765625 0.240625 0.3734375
0 0.26015625 0.83515625 0.175 0.2609375
0 0.8390625 0.58203125 0.2703125 0.3015625
0 0.4 0.76640625 0.134375 0.2484375
1 0.084375 0.20703125 0.16875 0.1890625
0 0.59765625 0.3484375 0.134375 0.2984375
0 0.34765625 0.23984375 0.153125 0.19375
1 0.2953125 0.43203125 0.1234375 0.1765625
0 0.26484375 0.646875 0.1515625 0.15
0 0.421875 0.62109375 0.0859375 0.1046875
1 0.24296875 0.1296875 0.1359375 0.259375
0 0.4625 0.40546875 0.10625 0.2234375
1 0.3296875 0.5671875 0.0609375 0.046875