0 0.15625 0.7421875 0.2671875 0.15
0 0.9203125 0.55703125 0.15625 0.08125
0 0.18203125 0.3890625 0.2390625 0.1109375
0 0.77109375 0.471875 0.1140625 0.103125
0 0.24765625 0.5640625 0.18125 0.065625
0 0.73125 0.72578125 0.2140625 0.228125
0 0.27109375 0.02734375 0.1140625 0.0515625
0 0.4203125 0.825 0.1609375 0.1890625
0 0.28671875 0.91875 0.165625 0.08125
0 0.42890625 0.60390625 0.140625 0.1296875
0 0.4328125 0.28984375 0.1046875 0.075
0 0.7578125 0.11171875 0.0890625 0.046875
0 0.16015625 0.89296875 0.121875 0.103125
0 0.29140625 0.240625 0.0921875 0.059375
0 0.36484375 0.2078125 0.075 0.053125
0 0.7640625 0.0546875 0.1328125 0.040625
0 0.609375 0.3859375 0.1453125 0.0421875
0 0.59921875 0.26015625 0.071875 0.09375
0 0.85 0.44140625 0.09375 0.053125
0 0.9609375 0.22890625 0.0765625 0.0734375
0 0.08828125 0.2828125 0.1578125 0.0390625
0 0.51015625 0.52421875 0.146875 0.0546875
0 0.7140625 0.19375 0.059375 0.04375
0 0.67734375 0.81171875 0.140625 0.1328125
0 0.43203125 0.0796875 0.0625 0.046875
0 0.06015625 0.9703125 0.1203125 0.059375
0 0.64609375 0.26875 0.05 0.04375
0 0.42578125 0.18359375 0.0640625 0.04375
0 0.56875 0.028125 0.0671875 0.05625
0 0.71875 0.89765625 0.065625 0.0921875
0 0.7703125 0.1859375 0.06875 0.0375
0 0.325 0.7328125 0.0859375 0.04375
0 0.66484375 0.06328125 0.046875 0.096875
0 0.76015625 0.07890625 0.1046875 0.0734375
0 0.93984375 0.35390625 0.0703125 0.0421875
0 0.725 0.3390625 0.121875 0.0359375
0 0.97109375 0.08359375 0.0546875 0.128125
0 0.96328125 0.8015625 0.0703125 0.071875
0 0.05625 0.56015625 0.096875 0.04375
0 0.921875 0.25390625 0.0578125 0.059375