0 0.75546875 0.44765625 0.153125 0.184375
0 0.43828125 0.2546875 0.19375 0.1578125
0 0.22734375 0.16640625 0.2546875 0.296875
0 0.52265625 0.37890625 0.1953125 0.1046875
0 0.38984375 0.8546875 0.184375 0.253125
0 0.23828125 0.37890625 0.25625 0.146875
0 0.36640625 0.46796875 0.1484375 0.1546875
0 0.665625 0.58671875 0.234375 0.1421875
0 0.5203125 0.69921875 0.2265625 0.15625
0 0.19453125 0.859375 0.2234375 0.2078125
0 0.1765625 0.675 0.296875 0.153125
0 0.32734375 0.56640625 0.1921875 0.15625
1 0.8828125 0.65390625 0.2046875 0.1421875
1 0.53359375 0.3046875 0.0953125 0.078125