0 0.27421875 0.378125 0.2171875 0.240625
0 0.62265625 0.63828125 0.1984375 0.15
0 0.89296875 0.834375 0.2140625 0.2609375
0 0.8859375 0.615625 0.228125 0.225
0 0.42734375 0.5828125 0.1796875 0.2265625
0 0.7171875 0.809375 0.1984375 0.284375
0 0.5546875 0.26953125 0.19375 0.303125
0 0.68515625 0.4015625 0.1484375 0.09375
0 0.78203125 0.49765625 0.184375 0.2046875
0 0.421875 0.3375 0.1375 0.215625
0 0.72265625 0.28828125 0.1390625 0.1125
1 0.15078125 0.57421875 0.2359375 0.18125
0 0.55390625 0.47578125 0.14375 0.10625
0 0.25703125 0.6421875 0.1609375 0.2203125
1 0.7046875 0.1125 0.146875 0.225