0 0.70234375 0.5765625 0.2484375 0.1515625
1 0.45 0.74609375 0.175 0.1375
1 0.81640625 0.1421875 0.2671875 0.19375
0 0.521875 0.24296875 0.225 0.2765625
1 0.20390625 0.2625 0.371875 0.303125
1 0.80234375 0.3265625 0.2109375 0.121875
1 0.4515625 0.61484375 0.228125 0.13125
0 0.3984375 0.4734375 0.1421875 0.1859375
1 0.66640625 0.728125 0.2015625 0.1640625
0 0.61328125 0.4515625 0.178125 0.1234375
1 0.60859375 0.275 0.1484375 0.1453125
0 0.534375 0.3921875 0.1171875 0.090625
1 0.58828125 0.8453125 0.1828125 0.13125