0 0.63671875 0.82265625 0.16875 0.1859375
0 0.2671875 0.65390625 0.1078125 0.1921875
0 0.48984375 0.8890625 0.1375 0.221875
0 0.28671875 0.9921875 0.0984375 0.015625
0 0.24609375 0.83359375 0.115625 0.2125
0 0.11484375 0.65625 0.0703125 0.075
0 0.15078125 0.55390625 0.078125 0.065625
0 0.63984375 0.06796875 0.0640625 0.0796875
0 0.33984375 0.57890625 0.06875 0.1
0 0.52421875 0.515625 0.165625 0.1421875
0 0.6953125 0.1 0.0796875 0.0671875
0 0.5859375 0.1640625 0.0640625 0.0875
0 0.6140625 0.371875 0.059375 0.065625
0 0.2953125 0.4390625 0.065625 0.090625
0 0.03828125 0.6609375 0.0765625 0.0875
0 0.5734375 0.40234375 0.08125 0.05625
0 0.503125 0.225 0.0578125 0.075
0 0.0921875 0.15625 0.075 0.071875
0 0.4296875 0.6484375 0.065625 0.115625
0 0.5484375 0.334375 0.0609375 0.071875
0 0.215625 0.5234375 0.0640625 0.0703125
0 0.18828125 0.72265625 0.0640625 0.075
0 0.43828125 0.21953125 0.0609375 0.078125
0 0.5265625 0.6640625 0.078125 0.103125
0 0.18828125 0.6453125 0.06875 0.0578125
0 0.390625 0.453125 0.0671875 0.078125
0 0.55 0.20859375 0.0546875 0.0765625
0 0.1578125 0.99375 0.0578125 0.0125
0 0.16640625 0.465625 0.0625 0.0671875
0 0.3765625 0.13046875 0.075 0.0796875
0 0.059375 0.56171875 0.0640625 0.078125