0 0.75859375 0.1265625 0.0953125 0.1796875
0 0.44609375 0.58359375 0.0921875 0.0921875
0 0.78046875 0.88125 0.103125 0.140625
0 0.76171875 0.74921875 0.078125 0.1625
0 0.79609375 0.25546875 0.0921875 0.196875
0 0.50546875 0.06484375 0.175 0.1296875
0 0.3703125 0.3765625 0.0703125 0.0796875
0 0.35390625 0.8671875 0.046875 0.13125
0 0.29609375 0.01796875 0.0828125 0.0359375
0 0.2953125 0.94765625 0.0609375 0.0765625
0 0.0265625 0.08125 0.0515625 0.096875
0 0.8515625 0.690625 0.05 0.1484375
0 0.66953125 0.58125 0.0890625 0.1015625
0 0.88125 0.040625 0.0609375 0.0734375
0 0.45703125 0.44296875 0.0796875 0.0640625
0 0.10546875 0.45546875 0.0625 0.14375
0 0.22734375 0.8171875 0.0703125 0.0921875
0 0.57578125 0.7140625 0.0765625 0.08125
0 0.07734375 0.034375 0.0671875 0.06875
0 0.83515625 0.5265625 0.1578125 0.2078125
0 0.990625 0.13125 0.01875 0.0984375
0 0.66953125 0.4453125 0.115625 0.1625
0 0.29296875 0.3734375 0.05 0.11875
0 0.17578125 0.02578125 0.0640625 0.0515625
0 0.625 0.13515625 0.059375 0.1
0 0.69921875 0.04140625 0.0515625 0.0828125
0 0.0546875 0.27265625 0.05 0.121875
0 0.38828125 0.67890625 0.0921875 0.0578125
0 0.190625 0.36484375 0.040625 0.078125
0 0.5453125 0.85234375 0.04375 0.125
0 0.6 0.278125 0.125 0.1421875
0 0.35703125 0.77578125 0.059375 0.1
0 0.04375 0.04921875 0.0875 0.0984375
0 0.521875 0.5578125 0.0921875 0.0765625
0 0.12265625 0.79453125 0.0578125 0.0703125
0 0.30234375 0.63671875 0.05 0.109375
0 0.96015625 0.22890625 0.0796875 0.0734375
0 0.95625 0.61484375 0.0875 0.08125
0 0.73671875 0.29453125 0.0546875 0.090625
0 0.62109375 0.9515625 0.059375 0.028125
0 0.54375 0.4921875 0.0640625 0.075
0 0.23125 0.65 0.0609375 0.1015625
0 0.26484375 0.740625 0.0671875 0.1
0 0.05234375 0.93046875 0.0640625 0.1390625
0 0.2828125 0.80234375 0.0578125 0.06875