1 0.8796875 0.84375 0.2015625 0.253125
0 0.284375 0.4484375 0.178125 0.2765625
0 0.1671875 0.65703125 0.2640625 0.2703125
0 0.33671875 0.76640625 0.178125 0.3453125
0 0.8109375 0.59453125 0.171875 0.2046875
1 0.65859375 0.20625 0.215625 0.353125
1 0.66328125 0.8015625 0.1484375 0.2296875
0 0.71328125 0.4390625 0.1921875 0.115625
0 0.4765625 0.66796875 0.1109375 0.175
0 0.540625 0.3703125 0.1640625 0.1953125
0 0.43671875 0.43984375 0.13125 0.2640625
0 0.57734375 0.51640625 0.0625 0.1
1 0.6828125 0.51328125 0.0734375 0.046875