0 0.5484375 0.190625 0.121875 0.1140625
0 0.55 0.4921875 0.109375 0.1078125
0 0.0984375 0.1703125 0.14375 0.1359375
0 0.0953125 0.04609375 0.190625 0.090625
0 0.534375 0.31640625 0.1296875 0.1
0 0.73671875 0.3984375 0.16875 0.1421875
0 0.52890625 0.640625 0.13125 0.109375
0 0.10859375 0.63671875 0.10625 0.1359375
0 0.28203125 0.78515625 0.2 0.13125
0 0.20625 0.91875 0.196875 0.1375
0 0.8203125 0.52109375 0.2015625 0.1125
0 0.0890625 0.3921875 0.14375 0.1109375
0 0.18828125 0.2828125 0.1625 0.1359375
0 0.7609375 0.1328125 0.15 0.1953125
0 0.5984375 0.5578125 0.1390625 0.0828125
0 0.453125 0.7671875 0.1109375 0.0984375
0 0.69296875 0.28984375 0.075 0.0421875
0 0.81171875 0.31953125 0.1046875 0.0484375
0 0.81953125 0.2734375 0.10625 0.053125
0 0.66640625 0.9046875 0.1546875 0.06875
0 0.43984375 0.8953125 0.171875 0.1671875
0 0.50703125 0.9765625 0.1390625 0.046875
0 0.36484375 0.4390625 0.13125 0.1046875
0 0.68515625 0.70390625 0.0984375 0.05625
0 0.703125 0.8125 0.0859375 0.0578125
0 0.03203125 0.91484375 0.0640625 0.0953125
0 0.56484375 0.7546875 0.13125 0.071875
0 0.9484375 0.43515625 0.0984375 0.0609375
0 0.70703125 0.96484375 0.05625 0.0703125
0 0.51484375 0.41171875 0.08125 0.046875
0 0.03828125 0.98046875 0.0765625 0.0390625
0 0.23125 0.06796875 0.11875 0.0765625
0 0.03515625 0.63203125 0.0703125 0.1203125
0 0.03828125 0.26015625 0.0765625 0.0890625
0 0.3765625 0.0796875 0.0859375 0.159375
0 0.0296875 0.515625 0.059375 0.1078125
0 0.96640625 0.38125 0.0671875 0.08125
0 0.6390625 0.009375 0.171875 0.01875