0 0.14765625 0.51328125 0.1796875 0.1921875
0 0.58046875 0.79375 0.2390625 0.2546875
0 0.62890625 0.2921875 0.2046875 0.225
0 0.86015625 0.72578125 0.2796875 0.190625
0 0.725 0.52109375 0.1546875 0.1328125
0 0.54765625 0.59921875 0.178125 0.1203125
0 0.28359375 0.58359375 0.1296875 0.209375
0 0.61328125 0.44609375 0.14375 0.0828125
0 0.39609375 0.54296875 0.1125 0.16875
1 0.78203125 0.88125 0.253125 0.2375
0 0.24921875 0.3453125 0.1265625 0.2296875
0 0.4875 0.3640625 0.125 0.096875
0 0.384375 0.37734375 0.08125 0.140625
1 0.5078125 0.09609375 0.0953125 0.190625
1 0.49453125 0.23203125 0.075 0.1140625