0 0.140625 0.6734375 0.246875 0.2265625
0 0.83359375 0.66953125 0.2578125 0.18125
0 0.19921875 0.4734375 0.221875 0.1921875
0 0.678125 0.9171875 0.1828125 0.165625
0 0.43125 0.26875 0.2203125 0.1296875
0 0.65546875 0.5484375 0.1671875 0.1640625
0 0.53203125 0.771875 0.203125 0.26875
0 0.35625 0.66796875 0.1890625 0.18125
1 0.41328125 0.53984375 0.171875 0.071875
1 0.20390625 0.1328125 0.1828125 0.2078125
1 0.878125 0.884375 0.2265625 0.23125
0 0.5484375 0.4484375 0.1796875 0.0734375
0 0.34609375 0.46328125 0.0703125 0.125
1 0.340625 0.14140625 0.1265625 0.153125
0 0.540625 0.32265625 0.0984375 0.1515625