0 0.7 0.9109375 0.1234375 0.1546875
0 0.44375 0.20234375 0.178125 0.26875
1 0.10234375 0.203125 0.1703125 0.1765625
0 0.2515625 0.14609375 0.146875 0.2546875
0 0.7203125 0.7765625 0.1453125 0.1265625
0 0.47265625 0.69375 0.2265625 0.1578125
0 0.68671875 0.13359375 0.1390625 0.23125
0 0.58125 0.853125 0.125 0.175
0 0.82109375 0.5390625 0.1515625 0.2046875
0 0.1515625 0.38046875 0.215625 0.203125
0 0.31796875 0.5 0.1640625 0.271875
0 0.73125 0.63125 0.2125 0.146875
0 0.82734375 0.36171875 0.1671875 0.1125
0 0.68984375 0.528125 0.0890625 0.178125
0 0.43203125 0.471875 0.08125 0.1484375
0 0.45 0.58984375 0.0828125 0.134375
0 0.75234375 0.22109375 0.1109375 0.078125
0 0.68125 0.33125 0.0984375 0.1796875
0 0.49921875 0.3484375 0.1078125 0.078125
0 0.53984375 0.52578125 0.06875 0.10625
0 0.484375 0.4296875 0.0984375 0.090625
0 0.5328125 0.4046875 0.053125 0.0796875
1 0.946875 0.3703125 0.078125 0.0984375
0 0.90625 0.4296875 0.16875 0.134375