0 0.4296875 0.82734375 0.2125 0.3078125
0 0.703125 0.10234375 0.14375 0.2046875
0 0.31953125 0.63515625 0.2609375 0.1578125
0 0.88125 0.403125 0.1671875 0.175
0 0.3375 0.10390625 0.175 0.2078125
0 0.5828125 0.67734375 0.2015625 0.165625
0 0.646875 0.54375 0.2578125 0.1375
0 0.2453125 0.32265625 0.2203125 0.2046875
1 0.1671875 0.16640625 0.246875 0.1625
0 0.74921875 0.4640625 0.11875 0.1640625
0 0.3828125 0.359375 0.14375 0.19375
1 0.40078125 0.5015625 0.1796875 0.1125
0 0.48125 0.17890625 0.146875 0.175
0 0.64921875 0.415625 0.103125 0.1125
1 0.85625 0.1734375 0.16875 0.1421875
0 0.7875 0.2984375 0.1328125 0.134375
0 0.55078125 0.36640625 0.0875 0.115625