0 0.63671875 0.4703125 0.1828125 0.2734375
0 0.190625 0.90859375 0.2234375 0.1828125
0 0.13203125 0.3328125 0.2640625 0.203125
0 0.27421875 0.55390625 0.171875 0.2
0 0.2078125 0.74921875 0.1875 0.140625
0 0.59375 0.76484375 0.1796875 0.25625
0 0.44609375 0.40546875 0.2265625 0.1828125
1 0.79140625 0.54375 0.1734375 0.265625
0 0.3734375 0.871875 0.1484375 0.1890625
0 0.32890625 0.6734375 0.1015625 0.1265625
1 0.80703125 0.734375 0.184375 0.134375
0 0.559375 0.6125 0.1859375 0.096875
1 0.25 0.1609375 0.13125 0.3125
1 0.89453125 0.6890625 0.1125 0.1015625
1 0.31171875 0.353125 0.075 0.0984375
1 0.4625 0.53984375 0.1171875 0.0796875
0 0.43203125 0.76015625 0.1078125 0.0953125
1 0.49765625 0.459375 0.08125 0.1109375