0 0.20859375 0.421875 0.1453125 0.1546875
1 0.13125 0.2828125 0.2203125 0.19375
0 0.296875 0.83671875 0.20625 0.3109375
0 0.24296875 0.61484375 0.2234375 0.1421875
0 0.50625 0.24140625 0.153125 0.240625
0 0.45546875 0.55625 0.1515625 0.0875
0 0.44453125 0.696875 0.1875 0.1796875
0 0.3 0.32890625 0.1765625 0.2328125
0 0.34296875 0.16875 0.084375 0.1515625
0 0.67578125 0.190625 0.1609375 0.3328125
0 0.67890625 0.5515625 0.153125 0.2875
1 0.86796875 0.38046875 0.2125 0.146875
0 0.334375 0.5109375 0.1171875 0.1015625