0 0.41953125 0.3140625 0.159375 0.14375
0 0.61171875 0.73671875 0.109375 0.2109375
0 0.89609375 0.89375 0.096875 0.2125
0 0.83671875 0.4953125 0.0953125 0.1234375
0 0.29921875 0.55078125 0.146875 0.165625
0 0.1671875 0.4875 0.1609375 0.15625
0 0.04296875 0.23046875 0.059375 0.1234375
0 0.65234375 0.03984375 0.13125 0.0578125
0 0.5796875 0.3359375 0.1140625 0.1265625
0 0.25234375 0.215625 0.1328125 0.1890625
0 0.73203125 0.67734375 0.1265625 0.1890625
0 0.471875 0.16015625 0.075 0.1203125
0 0.61796875 0.4625 0.1734375 0.1453125
0 0.43203125 0.91484375 0.1703125 0.1703125
0 0.79453125 0.18828125 0.071875 0.16875
0 0.459375 0.4484375 0.1265625 0.1046875
0 0.1671875 0.21875 0.096875 0.1671875
0 0.840625 0.659375 0.115625 0.084375
0 0.3109375 0.0765625 0.096875 0.140625
0 0.19453125 0.90625 0.1359375 0.1421875
0 0.11171875 0.39765625 0.0703125 0.14375
0 0.71953125 0.23828125 0.090625 0.0703125
0 0.57578125 0.0828125 0.075 0.146875
0 0.8921875 0.6109375 0.05625 0.121875
0 0.45703125 0.7171875 0.078125 0.1125
0 0.82421875 0.0515625 0.078125 0.0765625
0 0.871875 0.34140625 0.0546875 0.18125
0 0.07109375 0.7328125 0.040625 0.13125
0 0.971875 0.15859375 0.0484375 0.10625
0 0.07109375 0.153125 0.084375 0.078125
0 0.415625 0.546875 0.0625 0.1234375
0 0.390625 0.640625 0.0859375 0.075
0 0.1015625 0.67421875 0.109375 0.1109375
0 0.10390625 0.96796875 0.065625 0.0640625
0 0.32109375 0.828125 0.0859375 0.078125
0 0.6 0.965625 0.10625 0.06875
0 0.52109375 0.56875 0.09375 0.1078125
0 0.55625 0.878125 0.0640625 0.1265625
0 0.68125 0.93359375 0.05625 0.1203125
0 0.6828125 0.80859375 0.0578125 0.1234375
0 0.771875 0.03125 0.053125 0.0359375
0 0.98671875 0.8734375 0.0265625 0.078125
0 0.759375 0.5578125 0.078125 0.0921875