0 0.21015625 0.8140625 0.34375 0.3546875
0 0.86953125 0.165625 0.2390625 0.221875
0 0.78671875 0.4125 0.1859375 0.2828125
0 0.6421875 0.1390625 0.184375 0.2765625
0 0.33125 0.521875 0.159375 0.1375
0 0.5015625 0.53984375 0.171875 0.1078125
1 0.1296875 0.26015625 0.2328125 0.1453125
0 0.5453125 0.28828125 0.121875 0.115625
1 0.4625 0.66484375 0.159375 0.1578125
0 0.6359375 0.43515625 0.0953125 0.1921875
1 0.1890625 0.11640625 0.1453125 0.146875
1 0.3359375 0.1859375 0.1828125 0.2515625
0 0.4625 0.2609375 0.0671875 0.1515625
0 0.42109375 0.365625 0.078125 0.0921875