0 0.8359375 0.43984375 0.26875 0.3734375
0 0.14453125 0.7765625 0.15625 0.278125
0 0.5671875 0.83359375 0.2515625 0.3328125
0 0.34375 0.734375 0.23125 0.24375
0 0.2296875 0.93828125 0.1078125 0.1234375
0 0.23046875 0.34921875 0.1890625 0.2265625
0 0.915625 0.03828125 0.1484375 0.05625
0 0.60703125 0.21484375 0.190625 0.3453125
0 0.82421875 0.9515625 0.1609375 0.096875
0 0.38671875 0.45625 0.0625 0.06875
0 0.7921875 0.20546875 0.115625 0.1046875
0 0.48515625 0.4421875 0.1328125 0.1859375
0 0.85546875 0.71640625 0.08125 0.2078125