0 0.22734375 0.77265625 0.1484375 0.0875
0 0.25546875 0.95390625 0.14375 0.0921875
0 0.63828125 0.61015625 0.1734375 0.0609375
0 0.61875 0.746875 0.2140625 0.1078125
0 0.48671875 0.79765625 0.165625 0.0875
0 0.29296875 0.690625 0.196875 0.0828125
0 0.8140625 0.890625 0.134375 0.0953125
0 0.91015625 0.490625 0.1515625 0.0875
0 0.38359375 0.49609375 0.1453125 0.0921875
0 0.40625 0.59375 0.1234375 0.0609375
0 0.6453125 0.91171875 0.1125 0.1390625
0 0.3578125 0.95625 0.0984375 0.0875
0 0.83046875 0.415625 0.128125 0.06875
0 0.271875 0.45703125 0.109375 0.0609375
0 0.171875 0.85703125 0.084375 0.0734375
0 0.634375 0.04765625 0.05625 0.0625
0 0.97578125 0.23046875 0.0484375 0.0546875
0 0.27890625 0.2171875 0.0890625 0.05625
0 0.34140625 0.8625 0.065625 0.053125
0 0.7203125 0.23515625 0.0953125 0.06875
0 0.55859375 0.26171875 0.096875 0.053125
0 0.4625 0.1078125 0.0453125 0.05625
0 0.36484375 0.0390625 0.0984375 0.0359375
0 0.21015625 0.14140625 0.053125 0.059375
0 0.43828125 0.05 0.0421875 0.05625
0 0.84296875 0.0484375 0.1046875 0.0453125
0 0.33359375 0.0671875 0.0671875 0.03125
0 0.96640625 0.02421875 0.0671875 0.0484375
0 0.6234375 0.26953125 0.0921875 0.03125
0 0.928125 0.15546875 0.05 0.053125
0 0.6984375 0.95234375 0.0984375 0.0703125
0 0.44140625 0.76796875 0.078125 0.05
0 0.21171875 0.1328125 0.0484375 0.040625
0 0.48203125 0.67265625 0.075 0.05625
0 0.08203125 0.1453125 0.053125 0.06875
0 0.7453125 0.16328125 0.0546875 0.071875
0 0.73984375 0.05859375 0.0703125 0.0515625
0 0.31484375 0.771875 0.065625 0.0703125
0 0.5625 0.48515625 0.0625 0.0484375
0 0.2921875 0.87890625 0.0828125 0.046875
0 0.42421875 0.4140625 0.0921875 0.0296875
0 0.34921875 0.0671875 0.0953125 0.0296875
0 0.95859375 0.9859375 0.0828125 0.028125