0 0.79375 0.621875 0.0953125 0.1296875
0 0.15625 0.31328125 0.078125 0.1421875
0 0.84140625 0.3515625 0.0765625 0.10625
0 0.05078125 0.14375 0.1015625 0.1546875
0 0.25 0.05234375 0.1265625 0.1046875
0 0.13828125 0.56171875 0.1453125 0.090625
0 0.7875 0.20546875 0.059375 0.153125
0 0.9125 0.56796875 0.0984375 0.103125
0 0.740625 0.34609375 0.090625 0.1484375
0 0.8640625 0.1109375 0.0515625 0.1578125
0 0.67890625 0.0515625 0.0875 0.103125
0 0.43203125 0.63203125 0.078125 0.190625
0 0.5375 0.06796875 0.14375 0.1359375
0 0.32265625 0.70234375 0.0640625 0.178125
0 0.165625 0.67109375 0.1328125 0.0875
0 0.59375 0.5203125 0.06875 0.14375
0 0.45625 0.26796875 0.075 0.1546875
0 0.20078125 0.88828125 0.0671875 0.171875
0 0.9109375 0.40859375 0.04375 0.1484375
0 0.690625 0.17109375 0.0953125 0.1234375
0 0.97421875 0.42578125 0.0359375 0.0734375
0 0.3078125 0.1234375 0.1234375 0.14375
0 0.7640625 0.92578125 0.1125 0.0796875
0 0.06171875 0.865625 0.0734375 0.0859375
0 0.88515625 0.91953125 0.084375 0.0796875
0 0.95078125 0.76015625 0.071875 0.1015625
0 0.25859375 0.89140625 0.0546875 0.109375
0 0.53515625 0.228125 0.0921875 0.0875
0 0.2109375 0.13046875 0.0828125 0.06875
0 0.51640625 0.90703125 0.121875 0.0875
0 0.82265625 0.90078125 0.06875 0.059375
0 0.88984375 0.2671875 0.0515625 0.0609375
0 0.29375 0.52734375 0.0578125 0.134375
0 0.14375 0.95625 0.0859375 0.071875
0 0.2359375 0.41171875 0.1140625 0.0734375
0 0.596875 0.203125 0.053125 0.1375
0 0.80546875 0.08046875 0.0765625 0.0609375
0 0.546875 0.790625 0.065625 0.09375
0 0.83984375 0.16875 0.1046875 0.21875
0 0.78046875 0.02890625 0.0578125 0.0578125
0 0.88828125 0.01328125 0.0515625 0.0265625
0 0.684375 0.234375 0.0984375 0.115625
0 0.27890625 0.30859375 0.0875 0.1203125
0 0.409375 0.7703125 0.0546875 0.0875
0 0.6078125 0.90390625 0.0671875 0.115625
0 0.42890625 0.946875 0.0734375 0.0671875
0 0.57265625 0.2171875 0.09375 0.1171875