0 0.7953125 0.678125 0.365625 0.203125
0 0.15703125 0.58359375 0.30625 0.2390625
0 0.66640625 0.36796875 0.2921875 0.1625
0 0.25078125 0.33359375 0.278125 0.184375
0 0.07421875 0.3609375 0.146875 0.1234375
0 0.91484375 0.36796875 0.1703125 0.128125
0 0.09375 0.93671875 0.075 0.06875
0 0.59296875 0.77890625 0.178125 0.096875
0 0.58515625 0.028125 0.11875 0.0515625
0 0.14296875 0.03828125 0.121875 0.0734375
0 0.05 0.1359375 0.1 0.075
0 0.51171875 0.8203125 0.0953125 0.0703125
0 0.0359375 0.22734375 0.071875 0.084375
0 0.58125 0.96484375 0.04375 0.06875
0 0.403125 0.50703125 0.1140625 0.0859375
0 0.3703125 0.8609375 0.1109375 0.0671875
0 0.37421875 0.7453125 0.146875 0.121875
0 0.390625 0.13203125 0.09375 0.1
0 0.75234375 0.46171875 0.2015625 0.0953125
0 0.34296875 0.84609375 0.125 0.078125
0 0.42734375 0.20703125 0.078125 0.06875
0 0.53515625 0.80390625 0.14375 0.08125