0 0.28828125 0.434375 0.2109375 0.275
0 0.41171875 0.15625 0.1828125 0.3125
1 0.17578125 0.18984375 0.2796875 0.2515625
0 0.9015625 0.56796875 0.196875 0.2859375
0 0.428125 0.47734375 0.140625 0.2140625
0 0.53125 0.30859375 0.1390625 0.159375
1 0.64296875 0.83984375 0.1640625 0.2515625
1 0.909375 0.23203125 0.18125 0.321875
1 0.5578125 0.73125 0.1609375 0.15625
0 0.7359375 0.628125 0.1296875 0.2359375
0 0.6859375 0.39765625 0.0921875 0.16875
0 0.790625 0.37578125 0.19375 0.2625
0 0.65546875 0.56171875 0.0953125 0.14375
1 0.5203125 0.61640625 0.15 0.15