0 0.76953125 0.71796875 0.1609375 0.0890625
0 0.49375 0.26953125 0.1125 0.0828125
0 0.29765625 0.88125 0.1171875 0.11875
0 0.71953125 0.49140625 0.084375 0.1
0 0.1671875 0.54765625 0.18125 0.1046875
0 0.3296875 0.7234375 0.2015625 0.1203125
0 0.4703125 0.6203125 0.1296875 0.0625
0 0.865625 0.94140625 0.18125 0.10625
0 0.19140625 0.42265625 0.0953125 0.0421875
0 0.903125 0.621875 0.19375 0.1359375
0 0.06484375 0.371875 0.103125 0.0578125
0 0.71953125 0.26796875 0.1265625 0.0625
0 0.21875 0.73515625 0.15 0.121875
0 0.34140625 0.60859375 0.115625 0.0640625
0 0.39140625 0.53203125 0.125 0.0484375
0 0.78515625 0.12734375 0.059375 0.05
0 0.38515625 0.40703125 0.1046875 0.078125
0 0.1234375 0.31015625 0.0890625 0.046875
0 0.365625 0.3203125 0.1390625 0.059375
0 0.48828125 0.42421875 0.071875 0.078125
0 0.2046875 0.365625 0.1203125 0.046875
0 0.50859375 0.721875 0.0828125 0.05625
0 0.2265625 0.29765625 0.1140625 0.040625
0 0.73671875 0.6390625 0.090625 0.0734375
0 0.66015625 0.37421875 0.1234375 0.046875
0 0.41171875 0.4875 0.1109375 0.04375
0 0.925 0.48671875 0.1 0.046875
0 0.3734375 0.225 0.0625 0.0734375
0 0.1875 0.165625 0.121875 0.08125
0 0.36640625 0.0890625 0.0921875 0.0453125
0 0.95234375 0.7625 0.09375 0.14375
0 0.5171875 0.0875 0.06875 0.0453125
0 0.96484375 0.03359375 0.0703125 0.0640625
0 0.3 0.17890625 0.065625 0.05
0 0.03359375 0.19140625 0.0640625 0.059375
0 0.17578125 0.65703125 0.15 0.078125
0 0.41953125 0.98046875 0.0734375 0.0390625
0 0.103125 0.1890625 0.0515625 0.05625
0 0.66640625 0.984375 0.159375 0.03125
0 0.9859375 0.7265625 0.028125 0.078125
0 0.1921875 0.15 0.1125 0.053125
0 0.93671875 0.33203125 0.1265625 0.0453125
0 0.2390625 0.0625 0.0859375 0.040625
0 0.8875 0.234375 0.11875 0.053125
0 0.88828125 0.2265625 0.1265625 0.059375
0 0.18671875 0.259375 0.0796875 0.034375
0 0.34609375 0.921875 0.0625 0.0578125