0 0.8703125 0.6734375 0.259375 0.171875
0 0.24140625 0.58984375 0.396875 0.2703125
0 0.8734375 0.85703125 0.2234375 0.234375
0 0.74765625 0.53828125 0.1796875 0.1921875
0 0.66796875 0.815625 0.240625 0.2484375
0 0.60390625 0.65859375 0.175 0.1359375
0 0.51328125 0.27890625 0.215625 0.1625
0 0.42265625 0.43984375 0.1359375 0.20625
1 0.7265625 0.13203125 0.24375 0.2640625
0 0.48671875 0.65390625 0.125 0.215625
0 0.6484375 0.49921875 0.146875 0.0796875
0 0.64609375 0.3703125 0.096875 0.071875
1 0.69140625 0.328125 0.084375 0.1078125