0 0.35859375 0.14140625 0.1078125 0.1109375
0 0.26171875 0.21171875 0.11875 0.0875
0 0.6109375 0.3453125 0.1171875 0.0609375
0 0.46484375 0.26796875 0.0859375 0.103125
0 0.0296875 0.3390625 0.059375 0.090625
0 0.5734375 0.56484375 0.0859375 0.08125
0 0.65546875 0.17578125 0.128125 0.0640625
0 0.2484375 0.29609375 0.0796875 0.05
0 0.4734375 0.17265625 0.1078125 0.06875
0 0.3578125 0.3109375 0.071875 0.103125
0 0.30390625 0.68359375 0.1 0.103125
0 0.4375 0.40390625 0.0828125 0.0609375
0 0.58046875 0.234375 0.1078125 0.059375
0 0.57734375 0.4421875 0.0890625 0.090625
0 0.36328125 0.23828125 0.053125 0.0515625
0 0.07421875 0.21328125 0.09375 0.0640625
0 0.0890625 0.2875 0.078125 0.0703125
0 0.33359375 0.915625 0.0828125 0.0546875
0 0.35859375 0.51640625 0.0796875 0.06875
0 0.07890625 0.6953125 0.1015625 0.0703125
0 0.63828125 0.95 0.103125 0.09375
0 0.0828125 0.58359375 0.075 0.08125
0 0.16484375 0.56875 0.0671875 0.0671875
0 0.6265625 0.75625 0.109375 0.0703125
0 0.51328125 0.446875 0.0796875 0.0671875
0 0.2953125 0.5171875 0.0640625 0.0890625
0 0.3828125 0.8375 0.075 0.1265625
0 0.48828125 0.95390625 0.0890625 0.0921875
0 0.4671875 0.6671875 0.0765625 0.0765625
0 0.20078125 0.70859375 0.09375 0.0484375
0 0.25625 0.88828125 0.1109375 0.0359375
0 0.73046875 0.79921875 0.090625 0.1234375
0 0.20390625 0.778125 0.09375 0.046875
0 0.071875 0.425 0.0671875 0.046875
0 0.19765625 0.83203125 0.0625 0.090625
0 0.01875 0.4625 0.0375 0.0546875
0 0.234375 0.6203125 0.0484375 0.0984375
0 0.34453125 0.61484375 0.071875 0.05
0 0.03046875 0.584375 0.04375 0.0796875
0 0.546875 0.8625 0.0921875 0.065625
0 0.48359375 0.5296875 0.071875 0.109375
0 0.2265625 0.61875 0.0484375 0.09375
0 0.340625 0.98046875 0.084375 0.0390625
0 0.84609375 0.94375 0.1015625 0.1015625
0 0.41875 0.58984375 0.0828125 0.0546875
0 0.459375 0.528125 0.0546875 0.10625