0 0.1234375 0.8140625 0.2046875 0.1765625
0 0.87578125 0.86875 0.209375 0.1671875
0 0.63046875 0.3078125 0.2765625 0.1625
0 0.4984375 0.13984375 0.165625 0.275
0 0.55234375 0.78984375 0.175 0.146875
0 0.85234375 0.70859375 0.240625 0.1671875
0 0.284375 0.83203125 0.13125 0.165625
0 0.26875 0.425 0.2828125 0.15
0 0.684375 0.61796875 0.146875 0.2109375
0 0.70078125 0.8859375 0.15 0.2
0 0.33671875 0.29453125 0.2453125 0.1671875
0 0.18671875 0.659375 0.2015625 0.1640625
0 0.403125 0.753125 0.1484375 0.128125
0 0.340625 0.5921875 0.10625 0.1640625
0 0.5875 0.4625 0.225 0.1625
1 0.54765625 0.54375 0.1421875 0.0890625
1 0.26484375 0.61171875 0.0765625 0.0953125
1 0.55703125 0.60390625 0.1015625 0.0484375