1 0.43125 0.21875 0.1390625 0.1625
1 0.90546875 0.72890625 0.1609375 0.178125
0 0.84453125 0.48828125 0.190625 0.23125
0 0.60546875 0.1671875 0.18125 0.2578125
0 0.4890625 0.31640625 0.1640625 0.1171875
0 0.28203125 0.4875 0.178125 0.24375
0 0.46875 0.69921875 0.1484375 0.2828125
0 0.41171875 0.44765625 0.115625 0.2015625
1 0.1546875 0.7109375 0.2859375 0.2734375
0 0.6328125 0.35703125 0.1359375 0.125
0 0.71484375 0.45546875 0.1078125 0.1640625
0 0.3265625 0.8140625 0.1625 0.3203125
0 0.63125 0.5921875 0.1296875 0.15625
1 0.68828125 0.7015625 0.1671875 0.2390625
1 0.784375 0.73828125 0.0953125 0.171875
0 0.52109375 0.40390625 0.096875 0.0734375
0 0.5984375 0.4203125 0.0875 0.0625