0 0.4359375 0.18203125 0.3578125 0.2484375
0 0.7703125 0.8640625 0.26875 0.1421875
0 0.828125 0.45625 0.3328125 0.2328125
0 0.7265625 0.6703125 0.234375 0.2171875
0 0.93125 0.78671875 0.128125 0.0984375
0 0.3546875 0.7671875 0.21875 0.1765625
0 0.0359375 0.090625 0.071875 0.1421875
0 0.2203125 0.39609375 0.3328125 0.171875
0 0.9421875 0.2109375 0.1125 0.153125
0 0.45625 0.61796875 0.0671875 0.0578125
0 0.20859375 0.2171875 0.1 0.1078125
0 0.4421875 0.52265625 0.178125 0.1234375
0 0.70390625 0.17265625 0.2 0.071875