0 0.134375 0.14921875 0.2203125 0.259375
0 0.55234375 0.575 0.1359375 0.2921875
0 0.8546875 0.359375 0.271875 0.240625
0 0.20703125 0.53828125 0.1421875 0.1296875
0 0.36015625 0.71484375 0.2015625 0.1765625
0 0.30625 0.153125 0.140625 0.253125
0 0.1265625 0.6796875 0.203125 0.1390625
0 0.19140625 0.3859375 0.171875 0.2140625
0 0.70859375 0.55703125 0.15625 0.278125
0 0.38984375 0.29140625 0.16875 0.1234375
0 0.528125 0.29765625 0.1140625 0.2171875
0 0.34765625 0.57265625 0.128125 0.125
0 0.4234375 0.55234375 0.121875 0.2328125
0 0.30234375 0.428125 0.0765625 0.1609375
1 0.684375 0.315625 0.1015625 0.1484375
1 0.20078125 0.859375 0.1359375 0.2609375
0 0.4203125 0.4046875 0.078125 0.0734375
1 0.7234375 0.1953125 0.0625 0.1203125