0 0.21640625 0.58671875 0.1109375 0.1859375
0 0.57890625 0.53828125 0.14375 0.1953125
0 0.2609375 0.40078125 0.11875 0.1796875
1 0.16171875 0.7125 0.2265625 0.153125
0 0.1 0.43125 0.2 0.209375
0 0.39140625 0.903125 0.21875 0.1609375
0 0.75625 0.471875 0.2921875 0.2375
0 0.53046875 0.2265625 0.2296875 0.303125
1 0.4375 0.73203125 0.2453125 0.140625
0 0.434375 0.3953125 0.1703125 0.1109375
1 0.809375 0.17421875 0.3296875 0.3453125
0 0.44375 0.5890625 0.1375 0.1484375
0 0.328125 0.5640625 0.0546875 0.103125
0 0.1484375 0.91171875 0.1984375 0.1265625
1 0.23125 0.3015625 0.1078125 0.08125
1 0.2046875 0.98515625 0.178125 0.0265625