0 0.9359375 0.32421875 0.125 0.1265625
0 0.69921875 0.0609375 0.4421875 0.1203125
0 0.90703125 0.6546875 0.1796875 0.1
0 0.53515625 0.928125 0.2171875 0.134375
0 0.37265625 0.57890625 0.5921875 0.840625
0 0.378125 0.12265625 0.196875 0.0984375
0 0.78671875 0.19921875 0.165625 0.0640625
0 0.89375 0.05859375 0.165625 0.115625
0 0.07421875 0.90234375 0.1328125 0.1203125
0 0.9046875 0.521875 0.184375 0.2234375
0 0.83671875 0.7921875 0.1734375 0.1140625
0 0.95078125 0.76875 0.096875 0.1484375
0 0.34296875 0.02421875 0.175 0.046875
0 0.125 0.05703125 0.0859375 0.0796875