0 0.3078125 0.59921875 0.1859375 0.328125
1 0.8671875 0.4671875 0.178125 0.246875
1 0.91171875 0.20234375 0.1765625 0.3328125
0 0.771875 0.6734375 0.2015625 0.19375
0 0.14609375 0.32890625 0.2765625 0.3140625
0 0.3234375 0.1953125 0.196875 0.390625
0 0.50390625 0.353125 0.1140625 0.1640625
0 0.56875 0.7921875 0.2609375 0.1875
1 0.8109375 0.23125 0.0953125 0.1703125
1 0.62890625 0.25390625 0.19375 0.1546875
1 0.64453125 0.91953125 0.1359375 0.0984375
0 0.5875 0.590625 0.1859375 0.1859375
0 0.48515625 0.48203125 0.053125 0.1078125