0 0.4109375 0.3578125 0.15625 0.1296875
1 0.65625 0.8546875 0.153125 0.259375
0 0.1625 0.60078125 0.296875 0.2421875
0 0.7125 0.5703125 0.1609375 0.2515625
0 0.525 0.73984375 0.1671875 0.1890625
0 0.50625 0.44765625 0.109375 0.18125
0 0.32265625 0.465625 0.1375 0.2109375
1 0.4609375 0.1859375 0.14375 0.2546875
0 0.60625 0.53125 0.1203125 0.2109375
0 0.36640625 0.68203125 0.1484375 0.2015625
0 0.42578125 0.6171875 0.059375 0.1171875
0 0.4109375 0.51796875 0.04375 0.096875
0 0.809375 0.79765625 0.1703125 0.2125