0 0.175 0.1375 0.16875 0.275
0 0.37578125 0.91875 0.090625 0.109375
0 0.5671875 0.128125 0.125 0.25625
0 0.47109375 0.78125 0.1140625 0.134375
0 0.371875 0.2078125 0.0734375 0.20625
0 0.1890625 0.7578125 0.2546875 0.2578125
0 0.96953125 0.18828125 0.05625 0.1296875
0 0.09375 0.41953125 0.1875 0.1921875
0 0.01171875 0.27734375 0.0234375 0.1859375
0 0.3265625 0.41171875 0.1453125 0.1671875
0 0.67578125 0.38984375 0.084375 0.121875
0 0.871875 0.7359375 0.053125 0.1046875
0 0.0328125 0.13515625 0.065625 0.1390625
0 0.73125 0.228125 0.065625 0.1078125
0 0.7671875 0.30703125 0.0578125 0.0890625
0 0.93515625 0.73828125 0.0453125 0.1515625
0 0.56796875 0.59453125 0.046875 0.1640625
0 0.7078125 0.571875 0.103125 0.0859375
0 0.5046875 0.8671875 0.059375 0.1078125
0 0.68515625 0.046875 0.0453125 0.09375
0 0.41484375 0.4953125 0.0625 0.1671875
0 0.78046875 0.69453125 0.046875 0.06875
0 0.09375 0.70546875 0.1484375 0.1671875
0 0.909375 0.371875 0.053125 0.0734375
0 0.69765625 0.625 0.05 0.0578125
0 0.79375 0.3734375 0.05 0.0734375
0 0.96640625 0.51953125 0.0609375 0.0796875
0 0.02421875 0.75703125 0.0484375 0.0765625
0 0.7890625 0.75625 0.040625 0.078125
0 0.184375 0.30703125 0.05 0.1
0 0.9265625 0.62890625 0.10625 0.059375
0 0.9078125 0.73515625 0.08125 0.121875
0 0.6015625 0.93671875 0.046875 0.0375
0 0.61875 0.71953125 0.040625 0.140625
0 0.378125 0.02421875 0.05 0.0484375
0 0.71328125 0.921875 0.065625 0.0515625