0 0.38203125 0.5546875 0.178125 0.1265625
0 0.1734375 0.25078125 0.2453125 0.2546875
0 0.29765625 0.4328125 0.1078125 0.184375
0 0.54453125 0.5046875 0.11875 0.265625
0 0.14140625 0.671875 0.2140625 0.153125
0 0.33359375 0.215625 0.0859375 0.2046875
0 0.70859375 0.47734375 0.1765625 0.2671875
0 0.84609375 0.29140625 0.278125 0.24375
0 0.2140625 0.5234375 0.1390625 0.1375
0 0.11796875 0.38984375 0.1546875 0.1125
0 0.40390625 0.69140625 0.2328125 0.1796875
1 0.22578125 0.85 0.15 0.2390625
0 0.3984375 0.31015625 0.1 0.1
1 0.6734375 0.18203125 0.1171875 0.2953125
1 0.5140625 0.27265625 0.1 0.190625