0 0.8359375 0.4515625 0.328125 0.1921875
0 0.61328125 0.2234375 0.1875 0.134375
0 0.3921875 0.2765625 0.2796875 0.2109375
0 0.28984375 0.86796875 0.1234375 0.125
0 0.85234375 0.2875 0.21875 0.1125
0 0.81328125 0.94375 0.19375 0.1125
0 0.06875 0.28359375 0.1375 0.084375
0 0.246875 0.40859375 0.1578125 0.15
0 0.56328125 0.9390625 0.1578125 0.121875
0 0.12421875 0.8953125 0.13125 0.0734375
0 0.7796875 0.775 0.2140625 0.1703125
0 0.82578125 0.0859375 0.1484375 0.1203125
0 0.2921875 0.6421875 0.3984375 0.328125
0 0.8640625 0.65625 0.1171875 0.0546875
0 0.90078125 0.82890625 0.1984375 0.1828125
0 0.95390625 0.14375 0.0921875 0.059375
0 0.6140625 0.82265625 0.0640625 0.059375
0 0.5875 0.04765625 0.23125 0.0953125
0 0.06640625 0.625 0.1328125 0.0984375
0 0.11484375 0.34140625 0.1171875 0.0859375
0 0.925 0.6015625 0.121875 0.071875
0 0.3921875 0.01484375 0.1609375 0.0296875
0 0.19375 0.953125 0.1078125 0.0921875