0 0.3796875 0.825 0.2515625 0.3234375
0 0.22421875 0.5546875 0.30625 0.13125
0 0.17734375 0.70703125 0.146875 0.0828125
0 0.07890625 0.4140625 0.153125 0.103125
0 0.0625 0.06484375 0.121875 0.1
0 0.6265625 0.5515625 0.2171875 0.1109375
0 0.1203125 0.325 0.20625 0.0828125
0 0.06484375 0.859375 0.1203125 0.090625
0 0.95390625 0.70625 0.0921875 0.0890625
0 0.33359375 0.36953125 0.203125 0.103125
0 0.18671875 0.23671875 0.10625 0.053125
0 0.47890625 0.11796875 0.259375 0.0671875
0 0.03671875 0.2421875 0.0703125 0.0875
0 0.3328125 0.01796875 0.2453125 0.0359375
0 0.69765625 0.115625 0.134375 0.053125
0 0.60234375 0.66171875 0.084375 0.1390625
0 0.88125 0.5390625 0.125 0.078125
0 0.74375 0.0296875 0.11875 0.059375
0 0.02578125 0.95 0.040625 0.1
0 0.6375 0.18125 0.0984375 0.05
0 0.8703125 0.79453125 0.1921875 0.2
0 0.165625 0.02109375 0.121875 0.0421875
0 0.6703125 0.47890625 0.10625 0.071875
0 0.54140625 0.48515625 0.096875 0.0640625
0 0.3953125 0.47890625 0.18125 0.090625
0 0.68203125 0.37265625 0.175 0.1015625
0 0.11953125 0.46875 0.140625 0.0765625
0 0.6796875 0.0015625 0.14375 0.003125
0 0.96796875 0.52109375 0.0640625 0.078125
0 0.74296875 0.81015625 0.1046875 0.1625
0 0.840625 0.61015625 0.184375 0.071875
0 0.59609375 0.928125 0.1125 0.0875
0 0.3828125 0.621875 0.0875 0.0640625
0 0.95390625 0.43984375 0.0921875 0.103125
0 0.61796875 0.0625 0.09375 0.0421875
0 0.0859375 0.96875 0.1484375 0.0609375
0 0.43046875 0.30625 0.06875 0.0625
0 0.9625 0.64140625 0.075 0.059375
0 0.20625 0.93828125 0.115625 0.109375
0 0.1359375 0.16328125 0.05 0.071875
0 0.01484375 0.7296875 0.021875 0.0765625
0 0.79765625 0.33671875 0.25 0.209375
0 0.94921875 0.34765625 0.1015625 0.1015625
0 0.8640625 0.140625 0.2265625 0.05625
0 0.85390625 0.015625 0.1546875 0.03125