0 0.3859375 0.4421875 0.171875 0.1609375
0 0.6828125 0.2953125 0.16875 0.0765625
0 0.57421875 0.603125 0.1671875 0.090625
0 0.3078125 0.29375 0.175 0.1375
0 0.940625 0.18515625 0.109375 0.05625
0 0.40625 0.56484375 0.16875 0.1171875
0 0.57890625 0.41875 0.1359375 0.1015625
0 0.2171875 0.121875 0.1328125 0.0984375
0 0.38515625 0.92109375 0.128125 0.1578125
0 0.80390625 0.39921875 0.109375 0.065625
0 0.925 0.06484375 0.1265625 0.065625
0 0.0703125 0.78125 0.140625 0.1453125
0 0.6203125 0.06875 0.0921875 0.0703125
0 0.528125 0.79375 0.175 0.1078125
0 0.4890625 0.70234375 0.0953125 0.0609375
0 0.54765625 0.03203125 0.09375 0.0578125
0 0.54140625 0.1078125 0.084375 0.0453125
0 0.37578125 0.7046875 0.09375 0.075
0 0.93984375 0.47734375 0.1140625 0.1015625
0 0.178125 0.53125 0.140625 0.1171875
0 0.2734375 0.85078125 0.0921875 0.1
0 0.70703125 0.68359375 0.075 0.1234375
0 0.06875 0.90703125 0.13125 0.11875
0 0.4765625 0.6546875 0.1015625 0.05625
0 0.13984375 0.35390625 0.15625 0.096875
0 0.34296875 0.15390625 0.06875 0.05625
0 0.65390625 0.43984375 0.2671875 0.15625
0 0.45703125 0.18359375 0.09375 0.05