0 0.42890625 0.3046875 0.1390625 0.1109375
0 0.4625 0.1265625 0.1625 0.25
0 0.7296875 0.86875 0.146875 0.2625
0 0.89609375 0.81953125 0.1890625 0.2078125
0 0.82734375 0.64609375 0.1984375 0.1828125
0 0.63515625 0.3921875 0.171875 0.146875
0 0.7015625 0.57734375 0.1359375 0.18125
0 0.45859375 0.7921875 0.1453125 0.1828125
0 0.14453125 0.8234375 0.2578125 0.1796875
0 0.2421875 0.6484375 0.196875 0.18125
0 0.62734375 0.253125 0.2234375 0.1671875
0 0.37890625 0.4953125 0.11875 0.10625
0 0.59609375 0.75859375 0.1484375 0.1671875
0 0.47734375 0.5171875 0.0921875 0.1375
1 0.340625 0.86953125 0.125 0.2421875
0 0.38828125 0.62109375 0.1546875 0.1421875
0 0.496875 0.6390625 0.0625 0.090625
0 0.5296875 0.5546875 0.040625 0.0734375