0 0.83671875 0.82578125 0.2109375 0.3359375
0 0.50390625 0.28125 0.1203125 0.1875
0 0.85 0.55703125 0.28125 0.2234375
0 0.70234375 0.22578125 0.1734375 0.2578125
0 0.64921875 0.72578125 0.184375 0.3078125
0 0.5734375 0.3453125 0.09375 0.078125
0 0.303125 0.4546875 0.1828125 0.25
0 0.46328125 0.5140625 0.10625 0.2640625
0 0.66640625 0.40625 0.1078125 0.0953125
1 0.61015625 0.15546875 0.075 0.11875
0 0.15625 0.2734375 0.3 0.2859375
0 0.36875 0.165625 0.159375 0.26875
1 0.53984375 0.60625 0.065625 0.128125
1 0.42109375 0.59609375 0.08125 0.0984375
1 0.67578125 0.48984375 0.1046875 0.1046875