0 0.25 0.075 0.1140625 0.078125
0 0.07265625 0.29453125 0.140625 0.0921875
0 0.17109375 0.76171875 0.2328125 0.1640625
0 0.0625 0.21171875 0.121875 0.0671875
0 0.421875 0.70390625 0.109375 0.1
0 0.93828125 0.2515625 0.1046875 0.1375
0 0.82109375 0.04375 0.09375 0.0515625
0 0.6578125 0.84296875 0.175 0.0890625
0 0.0453125 0.01328125 0.090625 0.0265625
0 0.28359375 0.42734375 0.1421875 0.0578125
0 0.55703125 0.58203125 0.15 0.059375
0 0.9015625 0.88125 0.090625 0.084375
0 0.690625 0.153125 0.1015625 0.065625
0 0.79921875 0.3921875 0.128125 0.071875
0 0.196875 0.02265625 0.090625 0.0375
0 0.79453125 0.16953125 0.13125 0.0875
0 0.35546875 0.4796875 0.115625 0.065625
0 0.17421875 0.53046875 0.1 0.0921875
0 0.4140625 0.15703125 0.1125 0.065625
0 0.5921875 0.06484375 0.078125 0.1015625
0 0.678125 0.19921875 0.13125 0.0578125
0 0.16796875 0.14296875 0.1265625 0.0703125
0 0.559375 0.259375 0.115625 0.075
0 0.39296875 0.96328125 0.096875 0.0734375
0 0.90546875 0.9796875 0.08125 0.040625
0 0.8640625 0.12109375 0.0578125 0.0890625
0 0.33203125 0.26796875 0.175 0.071875
0 0.640625 0.50234375 0.1953125 0.0578125
0 0.40859375 0.86953125 0.1921875 0.1015625
0 0.7140625 0.61640625 0.059375 0.0984375
0 0.25234375 0.49765625 0.0875 0.0828125
0 0.84453125 0.47890625 0.125 0.0515625
0 0.8390625 0.603125 0.0828125 0.078125
0 0.4484375 0.4453125 0.071875 0.06875
0 0.86875 0.334375 0.2625 0.140625
0 0.8671875 0.78203125 0.1171875 0.06875
0 0.46015625 0.3359375 0.065625 0.0640625
0 0.31640625 0.4484375 0.178125 0.0828125
0 0.38828125 0.55390625 0.1015625 0.0578125