0 0.81875 0.228125 0.3421875 0.359375
0 0.91796875 0.86484375 0.1640625 0.2703125
0 0.74453125 0.83046875 0.2 0.2390625
0 0.9 0.60078125 0.2 0.2296875
0 0.47890625 0.27265625 0.1546875 0.25625
0 0.784375 0.53515625 0.1171875 0.1234375
0 0.6671875 0.60703125 0.15625 0.096875
0 0.7578125 0.4421875 0.1484375 0.090625
0 0.6515625 0.390625 0.1046875 0.1078125
0 0.14375 0.92734375 0.103125 0.1453125
0 0.17890625 0.496875 0.309375 0.30625
1 0.6078125 0.1296875 0.1109375 0.184375
1 0.39296875 0.34453125 0.0859375 0.165625
1 0.38515625 0.5796875 0.125 0.2484375
1 0.4796875 0.53359375 0.0921875 0.1515625