1 0.1703125 0.1875 0.3265625 0.3046875
1 0.8578125 0.63671875 0.234375 0.1875
1 0.56875 0.69296875 0.21875 0.1671875
1 0.70234375 0.88125 0.1453125 0.225
0 0.425 0.2078125 0.2015625 0.3296875
0 0.51328125 0.3375 0.1390625 0.1484375
0 0.70390625 0.54765625 0.121875 0.2296875
0 0.43359375 0.5125 0.1359375 0.2265625
0 0.2203125 0.4734375 0.25625 0.2796875
1 0.878125 0.86328125 0.140625 0.1671875
0 0.73203125 0.30625 0.1375 0.24375
0 0.8625 0.4453125 0.265625 0.2328125
0 0.62890625 0.38828125 0.0484375 0.0859375
1 0.6296875 0.29453125 0.0890625 0.1234375
0 0.5515625 0.465625 0.0984375 0.1