1 0.72421875 0.23203125 0.190625 0.1984375
0 0.228125 0.7609375 0.3734375 0.328125
0 0.83046875 0.36328125 0.1484375 0.2328125
0 0.49296875 0.8125 0.228125 0.375
0 0.93984375 0.45546875 0.1203125 0.246875
0 0.3421875 0.50703125 0.2703125 0.2421875
1 0.565625 0.128125 0.178125 0.2171875
0 0.73828125 0.57265625 0.1140625 0.171875
0 0.621875 0.63125 0.1828125 0.16875
0 0.73984375 0.71015625 0.13125 0.1546875
0 0.87734375 0.62421875 0.1828125 0.278125
0 0.71640625 0.4109375 0.1015625 0.159375
0 0.60625 0.3875 0.1578125 0.2109375
0 0.49296875 0.303125 0.1546875 0.125
1 0.92734375 0.7671875 0.1453125 0.178125