1 0.2828125 0.15078125 0.265625 0.2859375
0 0.190625 0.35703125 0.36875 0.1765625
0 0.4890625 0.259375 0.2234375 0.234375
0 0.1921875 0.7609375 0.2875 0.1453125
0 0.46953125 0.81640625 0.2375 0.1703125
0 0.5609375 0.43671875 0.275 0.1421875
0 0.2859375 0.4953125 0.2515625 0.153125
0 0.628125 0.7203125 0.1328125 0.153125
0 0.48125 0.696875 0.1609375 0.08125
0 0.26484375 0.89140625 0.253125 0.1890625
0 0.58359375 0.55 0.2015625 0.13125
0 0.75859375 0.5515625 0.1234375 0.146875
1 0.91015625 0.61875 0.1625 0.10625
0 0.7796875 0.71875 0.121875 0.153125
0 0.3140625 0.67109375 0.1546875 0.0890625
0 0.2796875 0.59140625 0.0796875 0.0734375
0 0.63984375 0.58828125 0.075 0.0671875
1 0.1921875 0.6546875 0.1125 0.0671875