0 0.19765625 0.49140625 0.359375 0.234375
0 0.4015625 0.78515625 0.290625 0.26875
0 0.3375 0.0984375 0.1515625 0.109375
0 0.86875 0.41796875 0.23125 0.1515625
0 0.8875 0.54609375 0.203125 0.140625
0 0.6515625 0.47890625 0.296875 0.1609375
0 0.7515625 0.08203125 0.134375 0.0890625
0 0.52109375 0.33515625 0.196875 0.1375
0 0.93203125 0.12890625 0.1359375 0.171875
0 0.30390625 0.3015625 0.2171875 0.121875
0 0.553125 0.01015625 0.1109375 0.0203125
0 0.82578125 0.24296875 0.3125 0.2234375
0 0.58046875 0.090625 0.2015625 0.09375
0 0.953125 0.81875 0.09375 0.1390625
0 0.77578125 0.69765625 0.171875 0.1046875
0 0.078125 0.90390625 0.078125 0.146875
0 0.60546875 0.26015625 0.15625 0.0703125
0 0.45078125 0.01875 0.115625 0.0375
0 0.9453125 0.64609375 0.109375 0.134375
0 0.8859375 0.87734375 0.1171875 0.171875
0 0.44140625 0.425 0.1171875 0.075
0 0.50546875 0.94921875 0.3609375 0.0765625