1 0.73515625 0.8578125 0.228125 0.2515625
0 0.8390625 0.309375 0.2390625 0.140625
0 0.1953125 0.4953125 0.3234375 0.2203125
1 0.83046875 0.1203125 0.2625 0.190625
0 0.56484375 0.29453125 0.2078125 0.1328125
0 0.71484375 0.5375 0.1921875 0.115625
0 0.54375 0.7359375 0.2421875 0.190625
0 0.3765625 0.3203125 0.19375 0.2328125
0 0.78046875 0.67734375 0.2203125 0.18125
0 0.41015625 0.5515625 0.1453125 0.2140625
0 0.63359375 0.44609375 0.1609375 0.1015625
0 0.5484375 0.57734375 0.146875 0.075
0 0.52578125 0.403125 0.1140625 0.1203125
0 0.7171875 0.39609375 0.159375 0.1328125
0 0.51328125 0.4921875 0.09375 0.0609375