0 0.3109375 0.33046875 0.165625 0.184375
1 0.3515625 0.4453125 0.2375 0.190625
1 0.2140625 0.63671875 0.1984375 0.2671875
0 0.61640625 0.44375 0.1984375 0.1640625
0 0.1859375 0.4375 0.14375 0.115625
1 0.7546875 0.85 0.3078125 0.3
1 0.06953125 0.49765625 0.1390625 0.2125
1 0.471875 0.7203125 0.240625 0.146875
0 0.40703125 0.159375 0.1578125 0.215625
0 0.50625 0.51796875 0.1390625 0.15
1 0.50859375 0.61640625 0.1421875 0.071875
1 0.35546875 0.58671875 0.1328125 0.1265625
1 0.265625 0.11640625 0.1703125 0.1171875