0 0.67109375 0.56171875 0.1546875 0.2265625
0 0.33359375 0.19453125 0.20625 0.2875
0 0.2671875 0.4015625 0.246875 0.15625
0 0.5015625 0.33515625 0.1828125 0.2046875
0 0.553125 0.78671875 0.14375 0.1921875
0 0.53125 0.47890625 0.1953125 0.1265625
1 0.821875 0.64140625 0.1703125 0.1765625
0 0.34140625 0.5265625 0.18125 0.140625
1 0.88046875 0.784375 0.20625 0.1609375
0 0.6953125 0.86484375 0.1421875 0.25625
0 0.3546875 0.8328125 0.175 0.2171875
1 0.14296875 0.6203125 0.2421875 0.1765625
0 0.47109375 0.721875 0.134375 0.0984375
0 0.32421875 0.7125 0.1453125 0.1734375
0 0.50703125 0.5765625 0.128125 0.0625