0 0.2921875 0.55703125 0.146875 0.0984375
0 0.44609375 0.1421875 0.1234375 0.1171875
0 0.31171875 0.4390625 0.1828125 0.140625
0 0.53828125 0.340625 0.140625 0.075
0 0.67109375 0.26484375 0.1921875 0.0609375
0 0.58515625 0.51796875 0.1921875 0.121875
0 0.8078125 0.73671875 0.121875 0.096875
0 0.56328125 0.09765625 0.109375 0.0625
0 0.32734375 0.69609375 0.1421875 0.1375
0 0.71484375 0.17890625 0.1328125 0.0421875
0 0.321875 0.27421875 0.1421875 0.1015625
0 0.95078125 0.5296875 0.0921875 0.0859375
0 0.76484375 0.6109375 0.115625 0.090625
0 0.9546875 0.2296875 0.0875 0.1265625
0 0.303125 0.83828125 0.0859375 0.078125
0 0.12890625 0.3171875 0.0859375 0.075
0 0.1671875 0.6984375 0.1328125 0.071875
0 0.57109375 0.1828125 0.0765625 0.04375
0 0.37265625 0.76796875 0.1171875 0.0828125
0 0.19921875 0.7703125 0.103125 0.075
0 0.7703125 0.521875 0.0875 0.065625
0 0.46640625 0.575 0.1296875 0.059375
0 0.890625 0.41171875 0.0671875 0.053125
0 0.2140625 0.08203125 0.140625 0.0859375
0 0.765625 0.4453125 0.1125 0.046875
0 0.296875 0.18515625 0.0828125 0.04375
0 0.04375 0.16328125 0.0859375 0.053125
0 0.6640625 0.3578125 0.1625 0.046875
0 0.90234375 0.07578125 0.1625 0.1328125
0 0.621875 0.715625 0.1 0.0546875
0 0.23828125 0.01328125 0.146875 0.021875
0 0.43828125 0.259375 0.0953125 0.065625
0 0.984375 0.365625 0.025 0.1
0 0.20390625 0.62265625 0.1140625 0.0515625
0 0.54375 0.259375 0.1015625 0.0359375
0 0.671875 0.59765625 0.096875 0.046875
0 0.45078125 0.490625 0.0984375 0.0453125
0 0.7890625 0.11171875 0.0328125 0.0796875
0 0.69765625 0.196875 0.1609375 0.09375
0 0.95390625 0.31640625 0.084375 0.0453125
0 0.94375 0.81640625 0.1078125 0.096875
0 0.17890625 0.12265625 0.1 0.090625