0 0.72578125 0.36171875 0.3515625 0.1796875
0 0.83984375 0.75234375 0.26875 0.20625
1 0.27890625 0.86796875 0.2265625 0.2453125
0 0.58828125 0.6015625 0.0859375 0.1015625
0 0.31953125 0.36484375 0.39375 0.1859375
0 0.7234375 0.6078125 0.21875 0.1609375
1 0.21484375 0.70234375 0.190625 0.1140625
1 0.56484375 0.15546875 0.290625 0.2953125
0 0.284375 0.5046875 0.3140625 0.1328125
0 0.3734375 0.6578125 0.2046875 0.14375
0 0.621875 0.765625 0.171875 0.1890625
0 0.553125 0.4953125 0.1453125 0.078125
1 0.1546875 0.625 0.2671875 0.065625