0 0.7453125 0.17890625 0.178125 0.2015625
0 0.1796875 0.93984375 0.0765625 0.1203125
0 0.2875 0.65078125 0.134375 0.3875
0 0.2359375 0.4703125 0.0796875 0.178125
0 0.77890625 0.4078125 0.121875 0.1875
0 0.43515625 0.1484375 0.1265625 0.2796875
0 0.8609375 0.6125 0.1546875 0.2234375
0 0.828125 0.0625 0.13125 0.115625
0 0.67109375 0.07109375 0.175 0.1359375
0 0.62265625 0.6734375 0.375 0.371875
0 0.3546875 0.959375 0.121875 0.08125
0 0.20078125 0.1140625 0.1046875 0.225
0 0.2671875 0.271875 0.0703125 0.175
0 0.92421875 0.109375 0.146875 0.209375
0 0.025 0.91328125 0.05 0.1734375
0 0.1078125 0.340625 0.0515625 0.1625
0 0.12734375 0.83984375 0.059375 0.1390625
0 0.38828125 0.5234375 0.0625 0.1203125
0 0.18203125 0.78828125 0.06875 0.14375
0 0.921875 0.96640625 0.0703125 0.0671875
0 0.11171875 0.52578125 0.0765625 0.2203125
0 0.94921875 0.1984375 0.090625 0.2125
0 0.0984375 0.63515625 0.078125 0.334375
0 0.3390625 0.346875 0.053125 0.11875
0 0.01328125 0.36875 0.0265625 0.103125
0 0.16171875 0.6859375 0.065625 0.11875
0 0.43046875 0.39140625 0.06875 0.128125