0 0.559375 0.63515625 0.29375 0.6828125
0 0.20546875 0.10234375 0.1375 0.2046875
0 0.9609375 0.4671875 0.078125 0.14375
0 0.7109375 0.8046875 0.2734375 0.325
0 0.57890625 0.13671875 0.15 0.2734375
0 0.959375 0.0203125 0.08125 0.040625
0 0.34765625 0.1640625 0.1875 0.1453125
0 0.17265625 0.01484375 0.109375 0.0296875
0 0.07109375 0.7953125 0.1265625 0.4078125
0 0.69140625 0.10625 0.1 0.2125
0 0.07578125 0.09453125 0.1515625 0.1890625
0 0.08046875 0.4640625 0.0984375 0.159375
0 0.89375 0.721875 0.1171875 0.140625
0 0.028125 0.30390625 0.05 0.084375