0 0.16875 0.3421875 0.3078125 0.2328125
0 0.35 0.45 0.1625 0.24375
0 0.83984375 0.66640625 0.2859375 0.1921875
0 0.371875 0.17734375 0.165625 0.278125
1 0.7046875 0.84296875 0.2203125 0.271875
0 0.815625 0.4171875 0.259375 0.134375
0 0.575 0.528125 0.14375 0.10625
0 0.8703125 0.30546875 0.1953125 0.13125
0 0.75390625 0.51484375 0.20625 0.1140625
1 0.87421875 0.1296875 0.2234375 0.209375
0 0.65078125 0.25390625 0.1921875 0.134375
0 0.54921875 0.3171875 0.2203125 0.128125
0 0.54609375 0.68671875 0.2703125 0.1796875
0 0.571875 0.9359375 0.0890625 0.128125