0 0.48125 0.71796875 0.2640625 0.2109375
1 0.4265625 0.8671875 0.2359375 0.1609375
1 0.83515625 0.33359375 0.165625 0.0875
0 0.76796875 0.73828125 0.1640625 0.0765625
0 0.65625 0.67578125 0.0984375 0.134375
1 0.2078125 0.7609375 0.128125 0.190625
0 0.41171875 0.55234375 0.121875 0.1390625
1 0.12421875 0.55625 0.2484375 0.2203125
1 0.6765625 0.88828125 0.184375 0.1546875
1 0.6890625 0.14140625 0.1953125 0.2484375
1 0.80546875 0.55546875 0.128125 0.0625
1 0.903125 0.41640625 0.1765625 0.0703125
1 0.66171875 0.34921875 0.1375 0.0828125