1 0.17109375 0.825 0.25625 0.171875
0 0.78203125 0.190625 0.2875 0.3140625
0 0.5453125 0.88515625 0.2171875 0.2296875
0 0.621875 0.29140625 0.265625 0.2875
0 0.865625 0.415625 0.26875 0.19375
0 0.60390625 0.50234375 0.2171875 0.1390625
0 0.4765625 0.63515625 0.2046875 0.259375
0 0.79609375 0.56796875 0.153125 0.1734375
0 0.359375 0.90078125 0.1609375 0.1984375
1 0.28828125 0.65703125 0.2234375 0.2609375
0 0.82109375 0.79140625 0.246875 0.2
1 0.946875 0.815625 0.10625 0.1015625
1 0.859375 0.73046875 0.1 0.08125
1 0.86953125 0.88984375 0.0796875 0.084375