0 0.6953125 0.0921875 0.2453125 0.184375
0 0.7375 0.4890625 0.371875 0.16875
0 0.928125 0.58984375 0.14375 0.1265625
0 0.8125 0.3640625 0.2640625 0.1953125
0 0.33828125 0.471875 0.3359375 0.221875
0 0.159375 0.23984375 0.1984375 0.3296875
0 0.315625 0.80546875 0.1625 0.1296875
0 0.3203125 0.04140625 0.115625 0.08125
0 0.51875 0.71484375 0.2328125 0.284375
0 0.04296875 0.05390625 0.0859375 0.090625
0 0.9078125 0.17421875 0.1 0.0703125
0 0.5453125 0.23359375 0.1109375 0.0609375
0 0.9828125 0.10078125 0.034375 0.0734375
0 0.98359375 0.19921875 0.0328125 0.071875