0 0.35078125 0.18359375 0.1109375 0.2203125
0 0.04609375 0.08671875 0.0921875 0.1171875
0 0.6453125 0.2015625 0.1140625 0.1953125
0 0.15390625 0.18046875 0.1046875 0.203125
0 0.49765625 0.0875 0.078125 0.1125
0 0.3734375 0.46640625 0.096875 0.090625
0 0.4484375 0.8890625 0.159375 0.14375
0 0.909375 0.20625 0.0875 0.1984375
0 0.2703125 0.490625 0.0921875 0.1859375
0 0.1546875 0.36953125 0.109375 0.1703125
0 0.4640625 0.4640625 0.08125 0.08125
0 0.5015625 0.74140625 0.103125 0.090625
0 0.92421875 0.8546875 0.090625 0.1296875
0 0.56015625 0.57265625 0.0578125 0.078125
0 0.1015625 0.55390625 0.0953125 0.1296875
0 0.709375 0.7828125 0.1234375 0.159375
0 0.8109375 0.534375 0.0828125 0.065625
0 0.96484375 0.6 0.06875 0.0859375
0 0.9671875 0.80625 0.065625 0.11875
0 0.6015625 0.8203125 0.0671875 0.1296875
0 0.871875 0.11171875 0.0703125 0.090625
0 0.96328125 0.38828125 0.0640625 0.0625
0 0.61484375 0.82578125 0.071875 0.1203125
0 0.5609375 0.26171875 0.071875 0.11875
0 0.6875 0.928125 0.0578125 0.0890625
0 0.66484375 0.71875 0.065625 0.0796875
0 0.56640625 0.9625 0.0546875 0.075
0 0.5671875 0.57109375 0.0640625 0.090625