0 0.17265625 0.91484375 0.103125 0.0796875
0 0.8890625 0.86875 0.2109375 0.0859375
0 0.88984375 0.590625 0.1 0.05625
0 0.2859375 0.371875 0.1078125 0.05625
0 0.3703125 0.171875 0.0671875 0.0515625
0 0.43984375 0.475 0.1375 0.05
0 0.96875 0.609375 0.059375 0.10625
0 0.57421875 0.0578125 0.140625 0.05
0 0.359375 0.92109375 0.1046875 0.1140625
0 0.36171875 0.628125 0.125 0.0578125
0 0.06484375 0.81953125 0.1296875 0.0703125
0 0.5828125 0.8859375 0.1 0.1171875
0 0.78984375 0.4 0.096875 0.04375
0 0.40390625 0.83671875 0.1140625 0.05625
0 0.62578125 0.15703125 0.09375 0.0484375
0 0.65625 0.87109375 0.0734375 0.0578125
0 0.76484375 0.79609375 0.0671875 0.071875
0 0.86796875 0.359375 0.0640625 0.053125
0 0.74296875 0.321875 0.0515625 0.0546875
0 0.41875 0.1046875 0.103125 0.05
0 0.71484375 0.7640625 0.09375 0.121875
0 0.34140625 0.0671875 0.1015625 0.046875
0 0.43125 0.1703125 0.0625 0.0515625
0 0.828125 0.26875 0.096875 0.059375
0 0.04296875 0.9421875 0.0859375 0.109375
0 0.9703125 0.9625 0.05625 0.075
0 0.15703125 0.28984375 0.0734375 0.0390625
0 0.49609375 0.29375 0.08125 0.06875
0 0.44296875 0.04140625 0.0828125 0.059375
0 0.278125 0.49375 0.075 0.0609375
0 0.24296875 0.72578125 0.1 0.059375
0 0.27890625 0.21015625 0.078125 0.0296875
0 0.33984375 0.33359375 0.0875 0.0390625
0 0.9046875 0.11015625 0.059375 0.0625
0 0.2953125 0.13984375 0.078125 0.0484375
0 0.95078125 0.384375 0.05 0.05
0 0.69375 0.29296875 0.0453125 0.046875
0 0.28359375 0.9609375 0.0953125 0.075
0 0.69921875 0.2171875 0.1015625 0.0484375