0 0.28046875 0.4234375 0.28125 0.15
0 0.60546875 0.4453125 0.3171875 0.159375
0 0.27421875 0.271875 0.2875 0.1765625
0 0.59375 0.26171875 0.284375 0.19375
0 0.4046875 0.13515625 0.240625 0.23125
0 0.534375 0.5453125 0.15 0.0890625
0 0.78671875 0.596875 0.16875 0.1609375
0 0.6765625 0.5765625 0.1484375 0.14375
1 0.05703125 0.89609375 0.1125 0.1625
1 0.86796875 0.728125 0.19375 0.125
0 0.1171875 0.74375 0.234375 0.1796875
0 0.78359375 0.90390625 0.2828125 0.1453125
0 0.375 0.53125 0.128125 0.090625
0 0.21875 0.6125 0.09375 0.1640625
0 0.19296875 0.93125 0.1765625 0.1375
0 0.42109375 0.9078125 0.2515625 0.1671875
0 0.2765625 0.775 0.1078125 0.1484375
0 0.6359375 0.759375 0.19375 0.1578125
0 0.4234375 0.79765625 0.153125 0.078125
0 0.5609375 0.9609375 0.16875 0.0765625
0 0.315625 0.625 0.0609375 0.1234375
0 0.7828125 0.98359375 0.2765625 0.0328125
0 0.4328125 0.61875 0.1046875 0.0828125