0 0.1625 0.29375 0.315625 0.3359375
0 0.90625 0.165625 0.1875 0.33125
0 0.31484375 0.5859375 0.26875 0.3421875
0 0.89921875 0.43984375 0.2015625 0.24375
0 0.53984375 0.35859375 0.1578125 0.240625
0 0.725 0.79453125 0.15625 0.175
0 0.38828125 0.21171875 0.190625 0.3796875
0 0.72890625 0.253125 0.2078125 0.278125
0 0.7984375 0.55390625 0.1109375 0.1578125
0 0.475 0.5390625 0.0890625 0.1375
1 0.54765625 0.871875 0.20625 0.2171875
0 0.71484375 0.63828125 0.1984375 0.1875
1 0.85 0.7609375 0.10625 0.1390625
1 0.95234375 0.3328125 0.04375 0.0734375
1 0.7265625 0.3890625 0.075 0.0859375
0 0.56171875 0.53515625 0.15 0.075