0 0.48984375 0.67890625 0.25 0.1578125
0 0.1703125 0.29765625 0.340625 0.209375
0 0.7125 0.559375 0.20625 0.115625
0 0.75390625 0.7109375 0.2765625 0.2125
0 0.3953125 0.18515625 0.1671875 0.2796875
0 0.8328125 0.46171875 0.275 0.146875
0 0.5578125 0.32265625 0.196875 0.16875
0 0.83125 0.36015625 0.1796875 0.109375
0 0.3265625 0.4484375 0.190625 0.23125
1 0.61015625 0.8578125 0.196875 0.284375
0 0.65859375 0.33203125 0.134375 0.1390625
0 0.5375 0.559375 0.134375 0.0828125
1 0.83671875 0.20234375 0.165625 0.184375