1 0.14921875 0.65234375 0.2484375 0.1515625
1 0.853125 0.6 0.2609375 0.2125
0 0.546875 0.7640625 0.2234375 0.234375
0 0.57421875 0.36328125 0.2421875 0.159375
0 0.75 0.85703125 0.1703125 0.275
0 0.41796875 0.18671875 0.2453125 0.3296875
0 0.65546875 0.54296875 0.1703125 0.2109375
0 0.29609375 0.3875 0.309375 0.1390625
0 0.3546875 0.70703125 0.2390625 0.225
0 0.54296875 0.47578125 0.1578125 0.0953125
0 0.3890625 0.496875 0.1296875 0.1265625
0 0.2828125 0.50078125 0.1375 0.153125
0 0.503125 0.62734375 0.11875 0.08125