0 0.378125 0.1046875 0.1546875 0.209375
0 0.69765625 0.53046875 0.1703125 0.19375
0 0.2765625 0.43984375 0.1265625 0.296875
0 0.9140625 0.81171875 0.171875 0.321875
0 0.50546875 0.29453125 0.140625 0.2453125
0 0.609375 0.0546875 0.15625 0.109375
0 0.73125 0.378125 0.1265625 0.1390625
0 0.17578125 0.9015625 0.0671875 0.18125
0 0.97734375 0.62265625 0.0453125 0.11875
0 0.96328125 0.50234375 0.0734375 0.1125
0 0.2203125 0.6484375 0.078125 0.15625
0 0.7140625 0.21875 0.0796875 0.134375
0 0.3046875 0.87421875 0.1453125 0.2390625
0 0.10390625 0.2703125 0.071875 0.1203125
0 0.8203125 0.79921875 0.1140625 0.13125
0 0.98828125 0.37109375 0.0234375 0.175
0 0.10859375 0.02890625 0.09375 0.0578125
0 0.90078125 0.01171875 0.0859375 0.0234375
0 0.91796875 0.33515625 0.1046875 0.090625
0 0.77578125 0.209375 0.065625 0.1125
0 0.3 0.03125 0.0984375 0.0625
0 0.86484375 0.07265625 0.0765625 0.078125
0 0.74296875 0.7421875 0.078125 0.1203125
0 0.08046875 0.98359375 0.0484375 0.0328125
0 0.97578125 0.0875 0.0484375 0.065625
0 0.3265625 0.73984375 0.109375 0.4765625
0 0.38359375 0.35 0.065625 0.1890625
0 0.50390625 0.80625 0.0859375 0.20625