0 0.63203125 0.16484375 0.2375 0.2703125
0 0.37890625 0.65546875 0.2328125 0.3703125
0 0.6859375 0.8703125 0.275 0.25
0 0.90234375 0.903125 0.1953125 0.19375
0 0.90234375 0.68359375 0.1953125 0.2875
0 0.29609375 0.296875 0.234375 0.28125
1 0.17109375 0.49609375 0.2609375 0.2484375
0 0.50625 0.35859375 0.2265625 0.1546875
1 0.84609375 0.15625 0.178125 0.19375
0 0.74921875 0.35 0.2109375 0.15625
0 0.63203125 0.671875 0.2171875 0.1375
0 0.78671875 0.56875 0.14375 0.1890625
1 0.8578125 0.3140625 0.171875 0.1453125