0 0.21171875 0.1671875 0.25625 0.278125
0 0.18203125 0.41484375 0.3203125 0.1703125
0 0.32578125 0.6921875 0.1890625 0.140625
0 0.4625 0.2609375 0.2328125 0.2
0 0.7625 0.7765625 0.1234375 0.246875
0 0.8046875 0.54375 0.1375 0.21875
0 0.515625 0.42265625 0.19375 0.1125
0 0.89921875 0.6625 0.178125 0.184375
1 0.28671875 0.9 0.15 0.1859375
0 0.671875 0.5421875 0.09375 0.1703125
0 0.359375 0.58515625 0.2296875 0.1140625
0 0.465625 0.85703125 0.14375 0.2046875
0 0.61875 0.7015625 0.1296875 0.1390625
0 0.490625 0.62734375 0.05 0.0875
0 0.48359375 0.53671875 0.0609375 0.096875