0 0.56484375 0.32109375 0.2203125 0.234375
0 0.3765625 0.17890625 0.190625 0.3140625
0 0.8625 0.4015625 0.2703125 0.2296875
1 0.68515625 0.84765625 0.14375 0.28125
0 0.3484375 0.615625 0.2546875 0.3390625
0 0.7375 0.54765625 0.1109375 0.1859375
1 0.13984375 0.2640625 0.175 0.1375
0 0.6859375 0.3640625 0.109375 0.18125
0 0.7984375 0.6640625 0.1875 0.1453125
0 0.17421875 0.40078125 0.2625 0.146875
0 0.578125 0.58515625 0.10625 0.1859375
0 0.68984375 0.65078125 0.084375 0.11875
1 0.54921875 0.76796875 0.1609375 0.1640625