0 0.3046875 0.4203125 0.1453125 0.075
0 0.46640625 0.3671875 0.121875 0.071875
0 0.95234375 0.80859375 0.090625 0.103125
0 0.54765625 0.80859375 0.1015625 0.078125
0 0.4609375 0.74609375 0.1125 0.084375
0 0.884375 0.60546875 0.0953125 0.078125
0 0.17578125 0.346875 0.1421875 0.0515625
0 0.55703125 0.271875 0.1328125 0.0578125
0 0.7734375 0.57421875 0.0765625 0.075
0 0.83515625 0.73984375 0.0828125 0.09375
0 0.403125 0.4671875 0.1375 0.05625
0 0.61640625 0.49296875 0.13125 0.0640625
0 0.590625 0.61640625 0.096875 0.059375
0 0.41015625 0.678125 0.0984375 0.1328125
0 0.51796875 0.59765625 0.1125 0.0625
0 0.7421875 0.7890625 0.1140625 0.05
0 0.41640625 0.796875 0.0875 0.0609375
0 0.70859375 0.70703125 0.1140625 0.05625
0 0.20546875 0.86171875 0.109375 0.053125
0 0.390625 0.5328125 0.10625 0.0671875
0 0.821875 0.634375 0.10625 0.05625
0 0.6453125 0.846875 0.0859375 0.075
0 0.4140625 0.23828125 0.1140625 0.0453125
0 0.63203125 0.6484375 0.1078125 0.0546875
0 0.228125 0.27890625 0.1046875 0.0390625
0 0.34296875 0.85546875 0.06875 0.084375
0 0.33359375 0.64609375 0.0796875 0.0875
0 0.28984375 0.71328125 0.1140625 0.053125
0 0.33359375 0.32734375 0.128125 0.0484375
0 0.26796875 0.52578125 0.065625 0.08125
0 0.8078125 0.4359375 0.09375 0.0515625
0 0.76875 0.33671875 0.0984375 0.05
0 0.65859375 0.43359375 0.1296875 0.0484375
0 0.95546875 0.49375 0.0890625 0.065625
0 0.22421875 0.79453125 0.0875 0.0578125
0 0.24609375 0.921875 0.065625 0.05625
0 0.70078125 0.54296875 0.0625 0.05625
0 0.71171875 0.92421875 0.096875 0.0515625
0 0.221875 0.696875 0.05625 0.0796875
0 0.58828125 0.93671875 0.071875 0.0484375
0 0.796875 0.50625 0.0875 0.0359375
0 0.29609375 0.8171875 0.075 0.040625
0 0.86953125 0.478125 0.065625 0.0390625
0 0.465625 0.02890625 0.11875 0.0328125
0 0.7296875 0.67265625 0.0875 0.0390625
0 0.83046875 0.63984375 0.0921875 0.05
0 0.28125 0.96171875 0.0609375 0.0515625
0 0.634375 0.6609375 0.1109375 0.0671875
0 0.93671875 0.3234375 0.0984375 0.0421875