0 0.8453125 0.43671875 0.2953125 0.221875
0 0.6 0.45234375 0.1453125 0.11875
0 0.70703125 0.68125 0.1453125 0.140625
0 0.0546875 0.68671875 0.109375 0.1125
0 0.32578125 0.6765625 0.1890625 0.1296875
0 0.528125 0.596875 0.2328125 0.2140625
0 0.22109375 0.46484375 0.2 0.11875
0 0.6171875 0.221875 0.3625 0.246875
0 0.3359375 0.3359375 0.115625 0.1171875
0 0.91015625 0.7921875 0.1546875 0.10625
0 0.0234375 0.58359375 0.0453125 0.103125
0 0.1421875 0.61796875 0.1 0.0625
0 0.1015625 0.06171875 0.2015625 0.05625
0 0.03828125 0.1203125 0.0765625 0.1578125
0 0.03828125 0.234375 0.0765625 0.103125
0 0.6453125 0.028125 0.1328125 0.05
0 0.3 0.20703125 0.1234375 0.0859375
0 0.2453125 0.1578125 0.16875 0.0640625
0 0.94609375 0.03125 0.1015625 0.059375
0 0.5140625 0.7859375 0.0375 0.0640625
0 0.82734375 0.70859375 0.10625 0.1328125
0 0.146875 0.775 0.13125 0.06875
0 0.2921875 0.9796875 0.096875 0.040625
0 0.1296875 0.703125 0.071875 0.0828125
0 0.92578125 0.18515625 0.140625 0.1390625