0 0.78984375 0.67421875 0.1046875 0.065625
0 0.23671875 0.371875 0.115625 0.0859375
0 0.2796875 0.26484375 0.1328125 0.1140625
0 0.6359375 0.08671875 0.1421875 0.0515625
0 0.3953125 0.05703125 0.10625 0.1046875
0 0.69765625 0.4578125 0.0984375 0.0578125
0 0.440625 0.59765625 0.1671875 0.0609375
0 0.4921875 0.784375 0.175 0.0984375
0 0.72421875 0.76796875 0.109375 0.0671875
0 0.2296875 0.06484375 0.0765625 0.0578125
0 0.65625 0.66484375 0.0875 0.10625
0 0.1359375 0.41015625 0.1328125 0.0390625
0 0.5703125 0.89921875 0.1328125 0.1453125
0 0.54921875 0.70078125 0.1046875 0.059375
0 0.14296875 0.7203125 0.053125 0.08125
0 0.3453125 0.6859375 0.05 0.078125
0 0.36171875 0.878125 0.1546875 0.075
0 0.36171875 0.22578125 0.0609375 0.065625
0 0.45625 0.94140625 0.1328125 0.0890625
0 0.8890625 0.43671875 0.1 0.0828125
0 0.43671875 0.24921875 0.06875 0.0828125
0 0.48515625 0.0453125 0.0765625 0.0578125
0 0.94375 0.615625 0.1046875 0.0703125
0 0.26796875 0.02421875 0.0828125 0.046875
0 0.65625 0.53203125 0.096875 0.0625
0 0.71640625 0.965625 0.1890625 0.065625
0 0.01796875 0.18515625 0.0359375 0.090625
0 0.13984375 0.0890625 0.053125 0.0640625
0 0.75625 0.5609375 0.071875 0.0671875
0 0.4359375 0.3046875 0.125 0.078125
0 0.96015625 0.15078125 0.065625 0.065625
0 0.20390625 0.7109375 0.0640625 0.075
0 0.09609375 0.975 0.1046875 0.05
0 0.0421875 0.484375 0.084375 0.0375
0 0.86171875 0.034375 0.1234375 0.053125
0 0.37578125 0.8109375 0.1046875 0.05625
0 0.82578125 0.8640625 0.0875 0.0625