0 0.5171875 0.8625 0.2234375 0.2546875
0 0.6484375 0.58046875 0.234375 0.13125
0 0.75 0.4625 0.21875 0.1375
0 0.64765625 0.7171875 0.21875 0.1484375
0 0.51484375 0.215625 0.178125 0.1578125
0 0.67109375 0.12890625 0.184375 0.2328125
0 0.42734375 0.57578125 0.1921875 0.1078125
0 0.42734375 0.3109375 0.11875 0.1421875
0 0.39609375 0.46328125 0.1265625 0.175
0 0.71875 0.34296875 0.18125 0.165625
1 0.28359375 0.27734375 0.2078125 0.203125
0 0.2515625 0.4703125 0.178125 0.190625
1 0.86171875 0.2 0.1875 0.165625
0 0.3796875 0.7109375 0.2625 0.1578125
1 0.53203125 0.34296875 0.0703125 0.078125
1 0.10625 0.378125 0.1671875 0.1640625