0 0.6640625 0.1859375 0.3515625 0.18125
0 0.81171875 0.54375 0.375 0.2578125
0 0.16484375 0.11171875 0.321875 0.2140625
0 0.309375 0.73671875 0.2578125 0.2421875
0 0.453125 0.8921875 0.240625 0.215625
0 0.25390625 0.46875 0.353125 0.325
0 0.57265625 0.52421875 0.16875 0.0859375
0 0.92734375 0.8046875 0.134375 0.09375
0 0.89375 0.19140625 0.2109375 0.1359375
0 0.04609375 0.27265625 0.0921875 0.15
0 0.8171875 0.02421875 0.228125 0.046875
0 0.45 0.2796875 0.115625 0.0765625
0 0.509375 0.59375 0.1125 0.06875
0 0.8359375 0.3453125 0.2609375 0.0875