1 0.83828125 0.9 0.2171875 0.1453125
0 0.36484375 0.43515625 0.1453125 0.225
1 0.61875 0.87890625 0.221875 0.2046875
0 0.70859375 0.615625 0.1796875 0.1875
0 0.84375 0.33515625 0.3125 0.1859375
0 0.359375 0.6703125 0.1640625 0.23125
0 0.60078125 0.17890625 0.228125 0.29375
0 0.165625 0.52421875 0.2921875 0.2453125
0 0.72109375 0.45859375 0.2140625 0.1609375
0 0.50859375 0.35859375 0.2515625 0.16875
1 0.84375 0.1265625 0.3 0.253125
0 0.56953125 0.7265625 0.1453125 0.11875
1 0.534375 0.4875 0.2171875 0.1328125
1 0.828125 0.7390625 0.2734375 0.1859375
1 0.478125 0.596875 0.075 0.121875