0 0.06640625 0.8546875 0.1328125 0.2078125
0 0.27421875 0.12578125 0.2859375 0.2296875
0 0.50390625 0.24921875 0.259375 0.240625
0 0.56171875 0.4390625 0.2859375 0.1828125
0 0.22734375 0.875 0.1953125 0.2015625
0 0.2921875 0.465625 0.209375 0.165625
1 0.83828125 0.9 0.21875 0.178125
0 0.64765625 0.9109375 0.1671875 0.178125
0 0.1140625 0.68828125 0.228125 0.196875
0 0.24375 0.6296875 0.146875 0.1859375
0 0.3609375 0.80078125 0.2078125 0.175
0 0.5578125 0.6140625 0.1375 0.178125
0 0.21171875 0.3046875 0.3046875 0.2078125
1 0.64921875 0.77421875 0.2125 0.159375
0 0.52109375 0.8078125 0.1828125 0.2140625
0 0.76953125 0.715625 0.175 0.1875