1 0.20546875 0.62109375 0.203125 0.1890625
0 0.38046875 0.3859375 0.1671875 0.1203125
1 0.40703125 0.6234375 0.2171875 0.259375
1 0.33203125 0.86328125 0.275 0.2046875
1 0.65 0.553125 0.18125 0.2078125
1 0.75078125 0.66015625 0.146875 0.125
1 0.70078125 0.0703125 0.1921875 0.1375
1 0.61015625 0.81953125 0.23125 0.1609375
1 0.1046875 0.46640625 0.2078125 0.171875
1 0.6328125 0.40703125 0.1109375 0.1125
1 0.34140625 0.478125 0.1390625 0.084375
1 0.67421875 0.203125 0.1390625 0.0921875
1 0.865625 0.18125 0.1921875 0.1078125
1 0.74140625 0.45390625 0.1015625 0.14375