0 0.0765625 0.9046875 0.153125 0.190625
0 0.33125 0.0515625 0.1546875 0.0875
0 0.19140625 0.9 0.175 0.2
0 0.1984375 0.71640625 0.1203125 0.1234375
0 0.0828125 0.6921875 0.159375 0.14375
0 0.77109375 0.08828125 0.1328125 0.0875
0 0.54375 0.8609375 0.165625 0.1671875
0 0.28828125 0.6046875 0.1859375 0.1359375
0 0.32890625 0.74453125 0.1515625 0.134375
0 0.66484375 0.5703125 0.115625 0.09375
0 0.50859375 0.6453125 0.18125 0.1921875
0 0.92265625 0.5015625 0.1265625 0.065625
0 0.1390625 0.27109375 0.0625 0.05625
0 0.77578125 0.3875 0.1921875 0.165625
0 0.48828125 0.10859375 0.1734375 0.0921875
0 0.375 0.43515625 0.2375 0.0921875
0 0.1109375 0.33203125 0.115625 0.05
0 0.7453125 0.48046875 0.225 0.084375
0 0.78671875 0.19921875 0.1078125 0.05
0 0.9125 0.2453125 0.0828125 0.0875
0 0.96015625 0.4578125 0.0796875 0.09375
0 0.50390625 0.25546875 0.1203125 0.0859375
0 0.04140625 0.2453125 0.0828125 0.0453125
0 0.85234375 0.5671875 0.0984375 0.0671875
0 0.73359375 0.53515625 0.084375 0.1296875
0 0.8796875 0.08515625 0.103125 0.0546875
0 0.21328125 0.453125 0.103125 0.053125
0 0.878125 0.02265625 0.1375 0.0453125
0 0.0546875 0.40703125 0.05625 0.084375
0 0.29375 0.15546875 0.1171875 0.05
0 0.0234375 0.5 0.046875 0.0890625
0 0.25703125 0.2203125 0.06875 0.059375
0 0.01171875 0.39609375 0.0234375 0.0953125
0 0.4703125 0.0375 0.115625 0.075