0 0.68515625 0.51796875 0.096875 0.1203125
0 0.878125 0.65703125 0.1 0.1140625
0 0.4796875 0.71640625 0.084375 0.1734375
0 0.9109375 0.384375 0.096875 0.1015625
0 0.10703125 0.40859375 0.059375 0.1234375
0 0.29140625 0.87265625 0.075 0.1359375
0 0.38203125 0.92890625 0.090625 0.1421875
0 0.18203125 0.3125 0.065625 0.1578125
0 0.57578125 0.6703125 0.128125 0.1875
0 0.759375 0.38203125 0.15 0.11875
0 0.853125 0.5375 0.0625 0.159375
0 0.21875 0.35625 0.1109375 0.11875
0 0.7640625 0.96953125 0.1234375 0.0609375
0 0.13671875 0.9375 0.0625 0.125
0 0.28828125 0.2765625 0.065625 0.1171875
0 0.4140625 0.81484375 0.0703125 0.1109375
0 0.5453125 0.2515625 0.090625 0.1046875
0 0.72109375 0.2734375 0.0671875 0.09375
0 0.37890625 0.31875 0.05625 0.109375
0 0.6328125 0.440625 0.05625 0.1078125
0 0.57421875 0.5125 0.0578125 0.0828125
0 0.67265625 0.9828125 0.09375 0.034375
0 0.60703125 0.353125 0.046875 0.1046875
0 0.16953125 0.8578125 0.0515625 0.13125
0 0.13046875 0.53828125 0.05625 0.1296875
0 0.0109375 0.71640625 0.021875 0.1625
0 0.05546875 0.79921875 0.046875 0.1140625
0 0.403125 0.22578125 0.134375 0.1625
0 0.07578125 0.721875 0.0484375 0.0828125
0 0.23828125 0.76171875 0.053125 0.1015625
0 0.00390625 0.96328125 0.0078125 0.0734375
0 0.484375 0.56015625 0.0515625 0.0859375
0 0.703125 0.94375 0.0671875 0.0453125
0 0.253125 0.5875 0.05625 0.0640625
0 0.31640625 0.6453125 0.05625 0.0859375
0 0.5203125 0.4828125 0.05 0.1421875
0 0.06484375 0.6203125 0.0625 0.0578125
0 0.23671875 0.05078125 0.053125 0.071875
0 0.25625 0.94609375 0.0515625 0.1078125
0 0.09140625 0.90546875 0.05625 0.1140625
0 0.11953125 0.921875 0.078125 0.1140625