0 0.484375 0.79375 0.1609375 0.0984375
0 0.2796875 0.2203125 0.0890625 0.0578125
0 0.40625 0.590625 0.13125 0.05625
0 0.63828125 0.61015625 0.1796875 0.059375
0 0.81796875 0.88984375 0.1171875 0.09375
0 0.63671875 0.909375 0.0921875 0.140625
0 0.621875 0.7421875 0.2203125 0.1109375
0 0.9078125 0.48984375 0.15 0.075
0 0.2453125 0.953125 0.15625 0.09375
0 0.83984375 0.4171875 0.140625 0.0640625
0 0.634375 0.0453125 0.04375 0.075
0 0.38203125 0.49296875 0.1453125 0.09375
0 0.28671875 0.68125 0.196875 0.06875
0 0.22890625 0.7703125 0.1578125 0.0859375
0 0.1703125 0.85390625 0.084375 0.0765625
0 0.3390625 0.86484375 0.0765625 0.059375
0 0.2703125 0.453125 0.1140625 0.06875
0 0.70390625 0.96015625 0.1 0.05625
0 0.4390625 0.05078125 0.046875 0.065625
0 0.3546875 0.95234375 0.1046875 0.0953125
0 0.55390625 0.2609375 0.0921875 0.0515625
0 0.21015625 0.1390625 0.053125 0.0609375
0 0.71640625 0.22890625 0.0828125 0.065625
0 0.46328125 0.109375 0.0453125 0.0625
0 0.28203125 0.88125 0.096875 0.05625
0 0.36328125 0.03984375 0.096875 0.05
0 0.62421875 0.27890625 0.084375 0.046875