0 0.359375 0.1078125 0.1140625 0.1140625
0 0.4546875 0.80703125 0.0859375 0.1296875
0 0.26484375 0.1828125 0.1171875 0.0859375
0 0.1296875 0.69453125 0.0984375 0.06875
0 0.921875 0.86171875 0.1203125 0.1140625
0 0.68984375 0.69609375 0.103125 0.0671875
0 0.421875 0.96015625 0.090625 0.0515625
0 0.85859375 0.93984375 0.1015625 0.0578125
0 0.596875 0.171875 0.115625 0.0578125
0 0.48203125 0.2125 0.0796875 0.1046875
0 0.79765625 0.7296875 0.1171875 0.121875
0 0.33046875 0.4953125 0.0625 0.084375
0 0.46484375 0.35703125 0.0734375 0.075
0 0.5671875 0.921875 0.0953125 0.115625
0 0.10390625 0.2796875 0.0625 0.084375
0 0.61875 0.50625 0.084375 0.084375
0 0.26796875 0.76328125 0.0984375 0.0453125
0 0.409375 0.89140625 0.0890625 0.059375
0 0.61171875 0.37578125 0.08125 0.078125
0 0.71875 0.8890625 0.109375 0.0921875
0 0.97890625 0.94921875 0.0421875 0.0265625
0 0.52421875 0.62109375 0.084375 0.078125
0 0.52421875 0.484375 0.075 0.1015625
0 0.37265625 0.27578125 0.071875 0.09375
0 0.63515625 0.278125 0.115625 0.0578125
0 0.26640625 0.6015625 0.05625 0.0953125
0 0.396875 0.48125 0.06875 0.0734375
0 0.0484375 0.34140625 0.071875 0.0875
0 0.55 0.39375 0.075 0.0734375
0 0.559375 0.71796875 0.0734375 0.096875
0 0.253125 0.69453125 0.0921875 0.046875
0 0.62421875 0.8078125 0.0984375 0.0609375
0 0.36328125 0.65546875 0.090625 0.1
0 0.21171875 0.55703125 0.06875 0.065625
0 0.9640625 0.7390625 0.071875 0.04375
0 0.2671875 0.2703125 0.0796875 0.0453125
0 0.3734375 0.1984375 0.0609375 0.053125
0 0.04765625 0.66875 0.04375 0.0734375
0 0.66328125 0.10390625 0.1125 0.0765625
0 0.32734375 0.8671875 0.1109375 0.046875
0 0.48828125 0.12109375 0.1 0.0703125
0 0.38828125 0.58125 0.0640625 0.05
0 0.9734375 0.696875 0.053125 0.065625
0 0.08046875 0.20859375 0.06875 0.071875
0 0.11796875 0.58359375 0.09375 0.0875
0 0.45546875 0.5515625 0.0640625 0.05625
0 0.834375 0.8109375 0.08125 0.053125
0 0.07890625 0.58671875 0.05625 0.08125
0 0.25625 0.82265625 0.0703125 0.0890625
0 0.04296875 0.2328125 0.0671875 0.053125