0 0.08515625 0.3125 0.1015625 0.14375
0 0.32421875 0.7703125 0.0921875 0.1625
0 0.53046875 0.06640625 0.1640625 0.1328125
0 0.3140625 0.2609375 0.1078125 0.1765625
0 0.42578125 0.15859375 0.1109375 0.175
0 0.1296875 0.496875 0.0671875 0.1421875
0 0.690625 0.55859375 0.0984375 0.103125
0 0.5046875 0.80703125 0.1375 0.175
1 0.809375 0.484375 0.1578125 0.225
0 0.2078125 0.68125 0.1109375 0.190625
0 0.80859375 0.2234375 0.1765625 0.1640625
0 0.55859375 0.628125 0.084375 0.0859375
0 0.16796875 0.3390625 0.090625 0.115625
0 0.54140625 0.22734375 0.1203125 0.190625
0 0.7203125 0.03125 0.15625 0.0625
0 0.46328125 0.4203125 0.078125 0.1140625
0 0.41328125 0.5515625 0.103125 0.1796875
0 0.63984375 0.225 0.065625 0.103125
0 0.95703125 0.3484375 0.0859375 0.225
0 0.30234375 0.4375 0.0765625 0.1234375
0 0.6671875 0.3984375 0.1140625 0.2171875
0 0.54140625 0.3875 0.0640625 0.1390625
0 0.03125 0.09140625 0.0625 0.1828125
0 0.71015625 0.196875 0.0828125 0.103125
0 0.74375 0.81171875 0.1109375 0.09375
0 0.4265625 0.01953125 0.2125 0.0390625
0 0.4609375 0.66015625 0.06875 0.1046875
0 0.24375 0.5109375 0.06875 0.0890625
0 0.31484375 0.6625 0.05 0.084375
0 0.3328125 0.128125 0.075 0.1265625
0 0.66953125 0.76796875 0.059375 0.0765625
0 0.0234375 0.30078125 0.04375 0.121875
0 0.9640625 0.0453125 0.071875 0.090625
0 0.315625 0.56015625 0.0546875 0.1453125
0 0.55078125 0.71328125 0.06875 0.103125
0 0.2203125 0.90546875 0.0703125 0.0703125