0 0.54609375 0.86484375 0.165625 0.2703125
0 0.5171875 0.2421875 0.234375 0.20625
1 0.84296875 0.6546875 0.184375 0.2796875
0 0.35078125 0.4390625 0.159375 0.203125
1 0.215625 0.09453125 0.1578125 0.1640625
0 0.878125 0.41015625 0.234375 0.15625
0 0.1421875 0.2484375 0.284375 0.15625
0 0.69375 0.496875 0.15625 0.146875
0 0.67890625 0.62265625 0.20625 0.2015625
0 0.4421875 0.65390625 0.2140625 0.1125
1 0.33359375 0.17578125 0.078125 0.14375
0 0.76796875 0.8078125 0.2421875 0.1859375
0 0.578125 0.54609375 0.0828125 0.1921875
0 0.55859375 0.42109375 0.090625 0.209375