0 0.88046875 0.28828125 0.2390625 0.2515625
0 0.434375 0.25 0.190625 0.2390625
1 0.1015625 0.28046875 0.196875 0.2390625
0 0.66484375 0.61875 0.203125 0.1625
0 0.68125 0.80859375 0.234375 0.2921875
0 0.23203125 0.14140625 0.1671875 0.2828125
0 0.425 0.77421875 0.2453125 0.1984375
0 0.578125 0.3046875 0.1578125 0.153125
0 0.18671875 0.44453125 0.2046875 0.2890625
1 0.52890625 0.884375 0.171875 0.1609375
0 0.4796875 0.6078125 0.1296875 0.1171875
0 0.76015625 0.4625 0.1015625 0.2359375
0 0.71640625 0.225 0.1125 0.240625
0 0.3359375 0.41875 0.0828125 0.125
0 0.6578125 0.43203125 0.103125 0.1484375
1 0.82578125 0.14765625 0.11875 0.1625
0 0.53203125 0.4390625 0.0921875 0.1078125
0 0.62421875 0.12578125 0.1015625 0.2515625
0 0.44765625 0.40234375 0.096875 0.11875
1 0.36328125 0.51171875 0.121875 0.1