0 0.48203125 0.06875 0.1203125 0.1078125
0 0.4078125 0.43828125 0.1984375 0.2140625
0 0.49921875 0.82890625 0.1203125 0.196875
0 0.278125 0.73984375 0.1515625 0.240625
0 0.8484375 0.28046875 0.0875 0.121875
0 0.7546875 0.8578125 0.0859375 0.2140625
0 0.765625 0.24765625 0.103125 0.2484375
0 0.60703125 0.25546875 0.0921875 0.1375
0 0.53203125 0.66796875 0.0578125 0.1171875
0 0.46875 0.2703125 0.1109375 0.0984375
0 0.58984375 0.878125 0.0875 0.1453125
0 0.3890625 0.809375 0.078125 0.153125
0 0.8765625 0.4203125 0.0734375 0.134375
0 0.96953125 0.2421875 0.0609375 0.159375
0 0.040625 0.3203125 0.0765625 0.0609375
0 0.73203125 0.1328125 0.0828125 0.103125
0 0.21484375 0.05546875 0.053125 0.0546875
0 0.71328125 0.38359375 0.0625 0.121875
0 0.68359375 0.8125 0.0609375 0.13125
0 0.16875 0.53515625 0.0546875 0.05625
0 0.03984375 0.2390625 0.0515625 0.0609375
0 0.98046875 0.74375 0.0390625 0.125
0 0.78359375 0.534375 0.1125 0.15625
0 0.796875 0.48984375 0.071875 0.0921875
0 0.78984375 0.52109375 0.0921875 0.1546875
0 0.08671875 0.2140625 0.053125 0.075
0 0.53125 0.97109375 0.1015625 0.0578125
0 0.78515625 0.5578125 0.1140625 0.109375
0 0.1671875 0.20625 0.05 0.0609375
0 0.59765625 0.971875 0.0609375 0.05625
0 0.92890625 0.71484375 0.0609375 0.11875