1 0.6609375 0.28359375 0.3015625 0.1671875
0 0.115625 0.87265625 0.23125 0.2546875
0 0.5828125 0.73046875 0.178125 0.2171875
1 0.27578125 0.3609375 0.365625 0.19375
0 0.3546875 0.803125 0.2828125 0.215625
0 0.11875 0.66015625 0.2375 0.2046875
0 0.26640625 0.55390625 0.234375 0.1953125
0 0.59375 0.546875 0.0859375 0.115625
0 0.75625 0.578125 0.2625 0.1671875
0 0.5203125 0.64609375 0.1390625 0.1140625
1 0.37734375 0.15234375 0.3109375 0.265625
1 0.60390625 0.40234375 0.19375 0.103125
0 0.421875 0.69609375 0.190625 0.1359375
0 0.44140625 0.50859375 0.1734375 0.15625
0 0.78515625 0.74453125 0.2609375 0.2015625
1 0.89609375 0.6171875 0.0921875 0.109375