0 0.16171875 0.25703125 0.209375 0.103125
0 0.39765625 0.0859375 0.1984375 0.0953125
0 0.17265625 0.41171875 0.190625 0.125
0 0.85546875 0.3859375 0.2546875 0.15
0 0.5921875 0.41328125 0.2078125 0.1265625
0 0.0171875 0.2609375 0.034375 0.140625
0 0.3140625 0.85 0.309375 0.2703125
0 0.8015625 0.59140625 0.3125 0.1703125
0 0.4 0.446875 0.16875 0.084375
0 0.93359375 0.08515625 0.1265625 0.146875
0 0.0640625 0.45859375 0.128125 0.2421875
0 0.07109375 0.65859375 0.1421875 0.178125
0 0.3296875 0.2875 0.121875 0.2484375
0 0.05859375 0.83203125 0.0859375 0.128125
0 0.5578125 0.7546875 0.16875 0.1171875
0 0.04140625 0.14296875 0.0828125 0.0625
0 0.8390625 0.790625 0.1125 0.084375
0 0.5421875 0.3953125 0.1078125 0.0859375
0 0.94375 0.8140625 0.04375 0.078125
0 0.1984375 0.6265625 0.1796875 0.0734375
0 0.471875 0.165625 0.146875 0.1296875
0 0.4609375 0.93515625 0.1328125 0.0625
0 0.15625 0.71171875 0.125 0.06875
0 0.71015625 0.915625 0.1015625 0.0625
0 0.01484375 0.03515625 0.0296875 0.0703125
0 0.1171875 0.1453125 0.096875 0.078125
0 0.0640625 0.04375 0.128125 0.0875