0 0.83125 0.69140625 0.3046875 0.1578125
0 0.196875 0.59140625 0.3640625 0.2515625
0 0.7859375 0.8671875 0.1984375 0.221875
0 0.68984375 0.55546875 0.159375 0.18125
0 0.590625 0.82109375 0.2140625 0.2359375
0 0.54140625 0.66796875 0.159375 0.1265625
0 0.48359375 0.2984375 0.1984375 0.153125
0 0.38359375 0.4515625 0.115625 0.196875
1 0.7015625 0.15625 0.215625 0.2625
0 0.428125 0.66015625 0.1046875 0.2078125
0 0.596875 0.515625 0.1359375 0.0734375
0 0.6046875 0.390625 0.0875 0.0671875
1 0.65234375 0.3515625 0.0734375 0.1046875