0 0.23359375 0.66484375 0.2171875 0.196875
0 0.08515625 0.14609375 0.1703125 0.1390625
0 0.09453125 0.57421875 0.1890625 0.2046875
0 0.565625 0.45859375 0.215625 0.203125
0 0.653125 0.16484375 0.2984375 0.2078125
0 0.5109375 0.71015625 0.1984375 0.1765625
0 0.06796875 0.77421875 0.1359375 0.1703125
0 0.146875 0.35390625 0.2078125 0.0984375
0 0.30078125 0.44765625 0.165625 0.0546875
0 0.2984375 0.25078125 0.171875 0.2078125
0 0.41796875 0.0875 0.1625 0.175
0 0.034375 0.4171875 0.06875 0.2859375
0 0.0296875 0.20703125 0.059375 0.0890625
0 0.65 0.596875 0.2359375 0.0828125
1 0.7390625 0.403125 0.2703125 0.2203125
0 0.4265625 0.9078125 0.05625 0.046875
0 0.42109375 0.5734375 0.096875 0.0546875