0 0.7 0.303125 0.34375 0.121875
0 0.26796875 0.3421875 0.15 0.0609375
0 0.178125 0.453125 0.2703125 0.103125
0 0.421875 0.24609375 0.0671875 0.071875
0 0.2140625 0.25625 0.121875 0.071875
0 0.32421875 0.159375 0.1046875 0.059375
0 0.22890625 0.09765625 0.153125 0.053125
0 0.44765625 0.859375 0.10625 0.1375
0 0.68203125 0.753125 0.2234375 0.16875
0 0.33125 0.72265625 0.209375 0.284375
0 0.528125 0.21796875 0.146875 0.065625
0 0.41875 0.3203125 0.0921875 0.065625
0 0.71796875 0.46484375 0.1328125 0.11875
0 0.559375 0.09296875 0.0828125 0.0625
0 0.9203125 0.09765625 0.0921875 0.0765625
0 0.36796875 0.18203125 0.0953125 0.0625
0 0.846875 0.015625 0.1 0.03125
0 0.753125 0.88203125 0.09375 0.1171875
0 0.021875 0.11484375 0.04375 0.0546875
0 0.0203125 0.36328125 0.040625 0.096875
0 0.56796875 0.5671875 0.1328125 0.1203125
0 0.0234375 0.1859375 0.046875 0.096875
0 0.92578125 0.51484375 0.140625 0.196875
0 0.9515625 0.7140625 0.096875 0.1375
0 0.8578125 0.05390625 0.046875 0.0625
0 0.64609375 0.0578125 0.2046875 0.103125
0 0.9328125 0.8453125 0.1171875 0.0765625
0 0.1015625 0.70625 0.2 0.25625