0 0.72734375 0.10859375 0.325 0.2171875
0 0.18203125 0.1796875 0.3640625 0.33125
1 0.56875 0.596875 0.3125 0.3203125
0 0.37265625 0.9140625 0.1453125 0.1671875
0 0.903125 0.06640625 0.19375 0.1328125
0 0.8734375 0.3609375 0.1453125 0.171875
0 0.56484375 0.3515625 0.159375 0.125
0 0.06171875 0.925 0.1203125 0.1328125
0 0.20703125 0.7546875 0.20625 0.1140625
0 0.68359375 0.8515625 0.1359375 0.1046875
0 0.52265625 0.953125 0.103125 0.09375
0 0.51640625 0.178125 0.0953125 0.08125
0 0.95546875 0.78359375 0.0890625 0.1171875
0 0.234375 0.38359375 0.1578125 0.1046875
0 0.346875 0.06171875 0.3171875 0.1234375
0 0.61171875 0.915625 0.08125 0.05
0 0.6265625 0.95546875 0.0609375 0.040625
0 0.57265625 0.83984375 0.059375 0.0828125
0 0.81796875 0.79296875 0.134375 0.0578125
0 0.9734375 0.3984375 0.053125 0.1640625
0 0.68359375 0.98671875 0.05 0.0265625