1 0.13984375 0.48203125 0.2453125 0.153125
0 0.86953125 0.66640625 0.24375 0.246875
0 0.64140625 0.1703125 0.1921875 0.2796875
0 0.80625 0.4453125 0.2 0.2375
0 0.66484375 0.675 0.1703125 0.3
0 0.30859375 0.6046875 0.1421875 0.2671875
0 0.44375 0.54375 0.1359375 0.21875
0 0.27890625 0.309375 0.2046875 0.2578125
0 0.68515625 0.43046875 0.090625 0.1359375
0 0.5984375 0.51484375 0.1046875 0.1140625
0 0.48984375 0.8671875 0.215625 0.2609375
0 0.6734375 0.309375 0.1484375 0.1609375
1 0.43125 0.2453125 0.084375 0.115625