0 0.6234375 0.834375 0.1734375 0.18125
0 0.51484375 0.52421875 0.18125 0.13125
0 0.23671875 0.8390625 0.115625 0.203125
0 0.46875 0.89296875 0.115625 0.2140625
0 0.25390625 0.6546875 0.1078125 0.1859375
0 0.51640625 0.6703125 0.0890625 0.0890625
0 0.3328125 0.58203125 0.0625 0.0984375
0 0.54453125 0.3453125 0.05625 0.0703125
0 0.54765625 0.21640625 0.053125 0.0765625
0 0.58125 0.17265625 0.059375 0.0828125
0 0.63984375 0.0734375 0.0734375 0.0890625
0 0.29375 0.44140625 0.0640625 0.0890625
0 0.69296875 0.10859375 0.078125 0.0796875
0 0.503125 0.23125 0.0609375 0.084375
0 0.3921875 0.45546875 0.0828125 0.0796875
0 0.1453125 0.55625 0.08125 0.0734375
0 0.18125 0.6484375 0.0609375 0.059375
0 0.43828125 0.2234375 0.0703125 0.08125
0 0.16328125 0.4671875 0.0671875 0.0703125
0 0.42265625 0.640625 0.065625 0.0875
0 0.209375 0.52734375 0.0625 0.0609375
0 0.028125 0.125 0.05625 0.0515625
0 0.609375 0.3796875 0.059375 0.0640625
0 0.1015625 0.65625 0.0625 0.0734375
0 0.0921875 0.15625 0.065625 0.071875
0 0.36484375 0.13203125 0.0734375 0.078125
0 0.17578125 0.72421875 0.0640625 0.059375
0 0.19765625 0.05078125 0.0703125 0.0765625
0 0.56171875 0.41015625 0.071875 0.0640625
0 0.0515625 0.56484375 0.05625 0.0640625
0 0.7296875 0.1375 0.0625 0.071875
0 0.49609375 0.32734375 0.053125 0.075
0 0.0328125 0.66171875 0.0640625 0.078125