0 0.1 0.87421875 0.165625 0.2515625
0 0.12890625 0.6484375 0.2328125 0.234375
1 0.86953125 0.66484375 0.2609375 0.24375
0 0.2359375 0.14140625 0.2296875 0.26875
0 0.24765625 0.5125 0.1578125 0.2421875
0 0.4109375 0.73359375 0.246875 0.253125
1 0.64453125 0.43984375 0.1296875 0.240625
0 0.26328125 0.86328125 0.175 0.2734375
0 0.25703125 0.33671875 0.184375 0.159375
0 0.5609375 0.65 0.1625 0.246875
0 0.696875 0.71171875 0.1578125 0.240625
1 0.56875 0.25859375 0.1328125 0.1078125
0 0.4328125 0.37578125 0.1265625 0.0765625
0 0.55078125 0.42578125 0.0890625 0.18125
1 0.38671875 0.11328125 0.0734375 0.1515625
0 0.43046875 0.22265625 0.1796875 0.2171875
0 0.35234375 0.43125 0.0875 0.1265625
1 0.38671875 0.51953125 0.1 0.125