0 0.38046875 0.50234375 0.2140625 0.265625
0 0.22578125 0.7078125 0.3703125 0.290625
0 0.88828125 0.17734375 0.2234375 0.190625
0 0.846875 0.709375 0.1515625 0.1984375
0 0.94140625 0.51953125 0.1171875 0.1703125
0 0.8140625 0.490625 0.2 0.190625
0 0.5625 0.2203125 0.346875 0.209375
1 0.47265625 0.80859375 0.1796875 0.3390625
0 0.878125 0.371875 0.2109375 0.1703125
0 0.55 0.47890625 0.1078125 0.203125
1 0.96484375 0.6640625 0.0703125 0.1921875
1 0.7609375 0.0765625 0.23125 0.153125
0 0.62265625 0.38125 0.2328125 0.1484375
1 0.6484375 0.66796875 0.215625 0.1109375