0 0.88671875 0.8109375 0.2265625 0.334375
0 0.4984375 0.25859375 0.1453125 0.203125
0 0.865625 0.540625 0.26875 0.246875
0 0.70390625 0.19375 0.2078125 0.278125
0 0.69375 0.7265625 0.2234375 0.334375
0 0.578125 0.32421875 0.1078125 0.084375
0 0.30234375 0.4484375 0.2171875 0.271875
0 0.47734375 0.50703125 0.1375 0.28125
0 0.6828125 0.3859375 0.125 0.103125
1 0.6 0.121875 0.0921875 0.128125
0 0.15625 0.26015625 0.2921875 0.3109375
0 0.34453125 0.1421875 0.19375 0.284375
1 0.5671875 0.60234375 0.08125 0.1375
1 0.440625 0.5953125 0.09375 0.10625
1 0.7 0.475 0.1203125 0.1140625