0 0.75703125 0.2625 0.3625 0.1984375
0 0.65546875 0.615625 0.2640625 0.1203125
0 0.60078125 0.98359375 0.1796875 0.0328125
0 0.95 0.83046875 0.1 0.165625
0 0.5484375 0.7390625 0.2234375 0.14375
0 0.87578125 0.95234375 0.1921875 0.0921875
0 0.53046875 0.0484375 0.1640625 0.0921875
0 0.2171875 0.64765625 0.1625 0.1765625
0 0.94375 0.50625 0.1125 0.121875
0 0.53671875 0.88046875 0.1875 0.1328125
0 0.33046875 0.16953125 0.340625 0.190625
0 0.67109375 0.37421875 0.1796875 0.109375
0 0.11484375 0.3765625 0.1125 0.14375
0 0.41015625 0.4171875 0.29375 0.3421875
0 0.1484375 0.01171875 0.234375 0.0234375