0 0.49921875 0.51640625 0.1921875 0.1140625
0 0.84296875 0.13203125 0.3140625 0.2640625
0 0.30390625 0.515625 0.1796875 0.1078125
0 0.57265625 0.38828125 0.128125 0.209375
0 0.56015625 0.6453125 0.28125 0.1421875
0 0.6234375 0.12265625 0.15 0.2453125
0 0.46640625 0.84453125 0.2078125 0.3046875
0 0.38671875 0.24453125 0.0796875 0.16875
0 0.3640625 0.41953125 0.0890625 0.165625
0 0.734375 0.34453125 0.2046875 0.2109375
0 0.49609375 0.2078125 0.1265625 0.140625
0 0.290625 0.73828125 0.24375 0.271875
0 0.1984375 0.13671875 0.1609375 0.2234375
0 0.2234375 0.32421875 0.2453125 0.1859375
1 0.06953125 0.21796875 0.1390625 0.1359375
0 0.125 0.39296875 0.1171875 0.1796875
0 0.2296875 0.43984375 0.1171875 0.096875
0 0.2953125 0.2078125 0.0890625 0.096875