0 0.165625 0.51484375 0.33125 0.1984375
0 0.7765625 0.47265625 0.2171875 0.1265625
0 0.7265625 0.309375 0.28125 0.19375
0 0.775 0.91875 0.0984375 0.1625
0 0.271875 0.3421875 0.178125 0.1046875
0 0.87890625 0.8453125 0.159375 0.115625
0 0.46875 0.38515625 0.1640625 0.109375
0 0.31171875 0.16484375 0.134375 0.09375
0 0.53203125 0.1625 0.178125 0.071875
0 0.6921875 0.16171875 0.1203125 0.0796875
0 0.7921875 0.59375 0.1765625 0.1140625
0 0.87265625 0.68125 0.159375 0.103125
0 0.0359375 0.87734375 0.071875 0.11875
0 0.75546875 0.02890625 0.2453125 0.0578125
0 0.57265625 0.52109375 0.2625 0.13125
0 0.41875 0.06328125 0.10625 0.1015625
0 0.509375 0.06015625 0.1015625 0.078125
0 0.87890625 0.2046875 0.2 0.16875
0 0.68203125 0.7234375 0.1375 0.0859375
0 0.3890625 0.46640625 0.1 0.06875
0 0.5484375 0.3171875 0.1375 0.0625
0 0.403125 0.9578125 0.2640625 0.084375
0 0.33828125 0.77265625 0.2640625 0.2109375
0 0.08515625 0.97734375 0.1359375 0.0453125