0 0.67578125 0.2375 0.3203125 0.2
0 0.36328125 0.15703125 0.2921875 0.2453125
0 0.65546875 0.57734375 0.2375 0.1859375
0 0.165625 0.83828125 0.26875 0.30625
0 0.60234375 0.378125 0.21875 0.16875
0 0.3328125 0.478125 0.140625 0.2328125
1 0.53125 0.0890625 0.10625 0.140625
1 0.88125 0.4953125 0.2 0.1484375
0 0.1765625 0.571875 0.3109375 0.21875
0 0.39765625 0.7921875 0.2171875 0.2890625
0 0.375 0.31796875 0.225 0.1625
0 0.47578125 0.63125 0.184375 0.15
0 0.53984375 0.45546875 0.06875 0.1109375
0 0.51328125 0.56875 0.0640625 0.121875
1 0.73984375 0.484375 0.0640625 0.10625