0 0.5 0.86328125 0.2296875 0.225
0 0.10078125 0.38046875 0.1546875 0.23125
0 0.1140625 0.603125 0.1828125 0.128125
1 0.04296875 0.20390625 0.075 0.1734375
0 0.81875 0.23203125 0.3625 0.3015625
0 0.5453125 0.54765625 0.20625 0.1328125
0 0.32890625 0.55 0.1921875 0.121875
0 0.64140625 0.696875 0.321875 0.184375
0 0.328125 0.415625 0.2015625 0.1640625
0 0.1875 0.7078125 0.1390625 0.184375
0 0.28671875 0.77421875 0.3109375 0.2625
0 0.27578125 0.2140625 0.1125 0.1578125
0 0.14375 0.13046875 0.18125 0.2609375
0 0.0796875 0.7078125 0.109375 0.18125
0 0.68984375 0.46640625 0.1859375 0.296875
0 0.22265625 0.4140625 0.1515625 0.2296875
0 0.56328125 0.1828125 0.178125 0.2828125
0 0.5328125 0.4390625 0.0921875 0.1875
0 0.48125 0.3046875 0.1046875 0.0984375