0 0.5859375 0.1734375 0.1390625 0.125
0 0.2828125 0.43203125 0.1953125 0.1453125
0 0.34140625 0.18515625 0.221875 0.1109375
0 0.6609375 0.47421875 0.3515625 0.2078125
0 0.553125 0.29453125 0.153125 0.0578125
0 0.334375 0.73984375 0.053125 0.053125
0 0.36484375 0.6375 0.0625 0.0546875
0 0.659375 0.734375 0.1484375 0.1984375
0 0.0984375 0.36171875 0.1 0.084375
0 0.62734375 0.70859375 0.0828125 0.13125
0 0.89921875 0.3921875 0.153125 0.159375
0 0.63671875 0.6125 0.1046875 0.0484375
0 0.396875 0.56328125 0.0640625 0.0640625
0 0.55859375 0.6609375 0.0859375 0.08125
0 0.078125 0.26328125 0.15625 0.0390625
0 0.6859375 0.05703125 0.15 0.0734375
0 0.3203125 0.2796875 0.178125 0.046875
0 0.93671875 0.7421875 0.059375 0.1546875
0 0.88203125 0.30390625 0.103125 0.059375
0 0.90078125 0.37109375 0.15 0.1140625
0 0.31015625 0.28984375 0.2 0.06875
0 0.3921875 0.065625 0.109375 0.05
0 0.421875 0.06796875 0.159375 0.046875