0 0.40078125 0.1640625 0.278125 0.328125
0 0.15078125 0.39296875 0.3015625 0.2296875
0 0.484375 0.3765625 0.2265625 0.1421875
0 0.603125 0.5375 0.2203125 0.1390625
1 0.4390625 0.88125 0.2125 0.2
1 0.6234375 0.415625 0.146875 0.1484375
0 0.36171875 0.63984375 0.2125 0.1203125
1 0.86171875 0.4171875 0.2046875 0.203125
0 0.571875 0.63671875 0.2015625 0.128125
0 0.290625 0.50625 0.1921875 0.1859375
1 0.5625 0.746875 0.15625 0.11875
1 0.159375 0.215625 0.215625 0.1734375
1 0.7234375 0.5765625 0.125 0.15625
1 0.2109375 0.6953125 0.13125 0.1890625
1 0.4125 0.7203125 0.1203125 0.06875