0 0.6734375 0.0640625 0.278125 0.128125
0 0.76640625 0.1359375 0.11875 0.1609375
0 0.91796875 0.16953125 0.078125 0.159375
0 0.8640625 0.046875 0.0703125 0.09375
0 0.1421875 0.22421875 0.0703125 0.1078125
0 0.10625 0.5859375 0.1671875 0.2046875
0 0.82109375 0.2015625 0.08125 0.096875
1 0.3921875 0.428125 0.415625 0.7640625
0 0.83515625 0.27421875 0.08125 0.0609375
0 0.85234375 0.396875 0.08125 0.0515625
0 0.8859375 0.36640625 0.0484375 0.0578125
0 0.0203125 0.44921875 0.040625 0.175
0 0.43125 0.94296875 0.0421875 0.1125