1 0.68515625 0.8984375 0.19375 0.203125
0 0.27890625 0.23828125 0.1421875 0.171875
0 0.06875 0.17578125 0.1375 0.209375
0 0.12109375 0.04609375 0.14375 0.090625
0 0.653125 0.23359375 0.215625 0.1875
0 0.01875 0.94140625 0.0375 0.1171875
0 0.0796875 0.7625 0.0734375 0.14375
0 0.10234375 0.559375 0.084375 0.11875
0 0.64140625 0.06796875 0.1625 0.1171875
0 0.6375 0.628125 0.134375 0.19375
0 0.05546875 0.42734375 0.04375 0.140625
0 0.49609375 0.3984375 0.075 0.115625
0 0.55 0.57109375 0.096875 0.125
0 0.2921875 0.440625 0.15625 0.2015625
0 0.15703125 0.78828125 0.0625 0.1265625
0 0.68984375 0.434375 0.175 0.196875
0 0.81171875 0.2828125 0.121875 0.0828125
0 0.0234375 0.57578125 0.046875 0.0828125
0 0.83359375 0.63671875 0.078125 0.0703125
0 0.42265625 0.953125 0.0984375 0.09375
0 0.4234375 0.68828125 0.190625 0.190625
0 0.1625 0.3734375 0.065625 0.1265625
0 0.25625 0.934375 0.153125 0.084375
0 0.45390625 0.64765625 0.1375 0.1125
0 0.33828125 0.053125 0.1234375 0.0953125
0 0.415625 0.5328125 0.0828125 0.115625
0 0.3625 0.15625 0.109375 0.1296875
0 0.3609375 0.38359375 0.0875 0.109375
0 0.56171875 0.79609375 0.059375 0.096875
0 0.78125 0.0546875 0.065625 0.084375
0 0.00703125 0.58984375 0.0140625 0.1109375