0 0.671875 0.46796875 0.6375 0.253125
0 0.14921875 0.775 0.19375 0.11875
0 0.5203125 0.1 0.1234375 0.090625
0 0.83359375 0.33671875 0.3296875 0.2390625
0 0.19921875 0.4453125 0.2546875 0.1296875
0 0.09765625 0.10703125 0.0859375 0.0734375
0 0.22109375 0.65 0.11875 0.1640625
0 0.0453125 0.803125 0.090625 0.096875
0 0.79140625 0.92265625 0.4078125 0.153125
0 0.17265625 0.34609375 0.2109375 0.0859375
0 0.11484375 0.90234375 0.2203125 0.1578125
0 0.8796875 0.034375 0.20625 0.0671875
0 0.471875 0.8890625 0.1359375 0.0859375
0 0.03828125 0.06875 0.06875 0.065625
0 0.740625 0.17421875 0.11875 0.103125
0 0.328125 0.95625 0.071875 0.0875
0 0.96015625 0.1 0.0796875 0.1875