1 0.68359375 0.1140625 0.184375 0.228125
0 0.66875 0.46796875 0.1578125 0.2359375
0 0.58671875 0.221875 0.1625 0.225
0 0.35078125 0.13203125 0.1703125 0.2640625
1 0.83515625 0.31484375 0.24375 0.240625
0 0.1328125 0.1671875 0.265625 0.265625
0 0.5453125 0.5078125 0.15625 0.1234375
0 0.346875 0.4140625 0.0984375 0.16875
0 0.2140625 0.3921875 0.21875 0.296875
0 0.3859375 0.53359375 0.171875 0.134375
1 0.88515625 0.10859375 0.2203125 0.2171875
1 0.403125 0.84375 0.1140625 0.2265625
1 0.28046875 0.4625 0.084375 0.090625
0 0.45 0.2703125 0.153125 0.15625
0 0.453125 0.71015625 0.196875 0.309375
0 0.42109375 0.459375 0.0890625 0.075
0 0.47421875 0.3265625 0.0765625 0.1921875