0 0.67109375 0.84921875 0.2203125 0.20625
1 0.66640625 0.1078125 0.1890625 0.1875
0 0.53515625 0.21015625 0.21875 0.1578125
0 0.8171875 0.24453125 0.3078125 0.1390625
0 0.371875 0.61640625 0.125 0.1453125
0 0.19140625 0.61640625 0.2234375 0.153125
0 0.715625 0.41015625 0.225 0.1546875
0 0.503125 0.60625 0.1796875 0.0765625
0 0.50859375 0.73046875 0.215625 0.1125
0 0.4 0.45078125 0.1890625 0.121875
1 0.253125 0.41640625 0.134375 0.1828125
0 0.6859375 0.57421875 0.178125 0.109375
1 0.11328125 0.50546875 0.1609375 0.10625
0 0.75234375 0.70546875 0.2546875 0.1125
0 0.54140625 0.33046875 0.1078125 0.0734375
0 0.53515625 0.44765625 0.0859375 0.0828125
0 0.55234375 0.48359375 0.0625 0.0390625
0 0.6015625 0.309375 0.065625 0.034375