0 0.8296875 0.78359375 0.3171875 0.1921875
1 0.57265625 0.3921875 0.2703125 0.1875
1 0.41640625 0.9171875 0.134375 0.165625
1 0.36015625 0.16015625 0.284375 0.30625
0 0.503125 0.70703125 0.1859375 0.10625
0 0.59921875 0.5109375 0.2671875 0.1265625
0 0.25703125 0.6765625 0.1421875 0.13125
0 0.3234375 0.79375 0.1078125 0.1203125
0 0.18046875 0.80078125 0.1875 0.1484375
0 0.2578125 0.38984375 0.3234375 0.184375
0 0.3734375 0.6296875 0.090625 0.15
1 0.37890625 0.51171875 0.1375 0.1234375
1 0.68515625 0.896875 0.11875 0.14375
0 0.41875 0.76796875 0.103125 0.125
0 0.56484375 0.80625 0.1609375 0.11875