0 0.096875 0.30859375 0.1421875 0.13125
0 0.4015625 0.909375 0.13125 0.1359375
0 0.31015625 0.796875 0.1078125 0.175
0 0.3828125 0.33046875 0.06875 0.1359375
0 0.27265625 0.3265625 0.159375 0.2265625
0 0.5484375 0.72421875 0.1015625 0.1078125
0 0.09140625 0.9140625 0.0734375 0.165625
0 0.321875 0.1359375 0.0796875 0.1484375
0 0.621875 0.02890625 0.0703125 0.0578125
0 0.70546875 0.325 0.0734375 0.175
0 0.24296875 0.71484375 0.1 0.0875
0 0.4546875 0.13671875 0.146875 0.2328125
0 0.77578125 0.45390625 0.084375 0.13125
0 0.46953125 0.36875 0.059375 0.1375
0 0.38671875 0.45859375 0.06875 0.1453125
0 0.6078125 0.359375 0.0859375 0.1328125
0 0.69453125 0.05546875 0.053125 0.103125
0 0.571875 0.14609375 0.05 0.1109375
0 0.59609375 0.46640625 0.084375 0.0859375
0 0.790625 0.70078125 0.0796875 0.1484375
0 0.234375 0.196875 0.1296875 0.1359375
0 0.38671875 0.75234375 0.0828125 0.090625
0 0.4296875 0.134375 0.1015625 0.21875
0 0.29296875 0.515625 0.0890625 0.09375
0 0.640625 0.14453125 0.053125 0.1359375
0 0.52578125 0.390625 0.0484375 0.1109375
0 0.28515625 0.96953125 0.1578125 0.0453125
0 0.71796875 0.1734375 0.046875 0.1171875
0 0.71015625 0.1734375 0.05 0.121875
0 0.846875 0.12109375 0.0890625 0.1359375
0 0.86796875 0.1171875 0.053125 0.13125
0 0.9140625 0.4375 0.0796875 0.1203125
0 0.67734375 0.64140625 0.065625 0.1328125
0 0.9046875 0.44609375 0.075 0.1328125
0 0.78125 0.6859375 0.071875 0.1140625
0 0.8015625 0.33046875 0.08125 0.08125