0 0.875 0.3234375 0.15 0.128125
0 0.13359375 0.30078125 0.2671875 0.1671875
0 0.63203125 0.92109375 0.28125 0.1578125
0 0.84140625 0.171875 0.1640625 0.1421875
0 0.746875 0.04375 0.2125 0.0875
0 0.4140625 0.090625 0.2796875 0.178125
0 0.75546875 0.41328125 0.15625 0.1578125
0 0.7734375 0.75625 0.1890625 0.103125
1 0.53125 0.62421875 0.3484375 0.3578125
0 0.1953125 0.08046875 0.153125 0.1609375
0 0.0765625 0.4984375 0.153125 0.2453125
0 0.28515625 0.45 0.33125 0.228125
0 0.61953125 0.2609375 0.1375 0.0984375
0 0.6 0.0828125 0.11875 0.1625
0 0.19765625 0.15703125 0.1171875 0.075
0 0.96328125 0.3625 0.0734375 0.065625
0 0.959375 0.965625 0.08125 0.06875
0 0.94140625 0.46484375 0.103125 0.059375
0 0.81484375 0.9234375 0.0859375 0.071875
0 0.40234375 0.19921875 0.1015625 0.06875
0 0.95 0.5296875 0.1 0.065625
0 0.14296875 0.69765625 0.2859375 0.346875
0 0.74921875 0.18515625 0.0953125 0.09375
0 0.56640625 0.3 0.1828125 0.121875
0 0.2921875 0.21171875 0.0671875 0.0546875
0 0.928125 0.7296875 0.109375 0.05625
0 0.9765625 0.2890625 0.046875 0.115625
0 0.021875 0.1484375 0.04375 0.0640625
0 0.9703125 0.1796875 0.059375 0.1453125
0 0.090625 0.09765625 0.0765625 0.0625