0 0.0421875 0.60859375 0.084375 0.1015625
0 0.26015625 0.32734375 0.2046875 0.1109375
0 0.25703125 0.66015625 0.2140625 0.125
0 0.1859375 0.846875 0.2015625 0.184375
0 0.2203125 0.490625 0.2484375 0.1390625
0 0.23984375 0.15546875 0.2171875 0.153125
0 0.6328125 0.046875 0.103125 0.09375
0 0.896875 0.17109375 0.140625 0.0984375
0 0.76484375 0.9578125 0.2109375 0.04375
0 0.8609375 0.79296875 0.2125 0.275
0 0.4453125 0.30625 0.1484375 0.10625
0 0.73671875 0.165625 0.18125 0.0796875
0 0.928125 0.5859375 0.071875 0.0828125
0 0.42578125 0.84609375 0.159375 0.0765625
0 0.59609375 0.61171875 0.1125 0.0859375
0 0.50625 0.7609375 0.10625 0.08125
0 0.27734375 0.02890625 0.1953125 0.0578125
0 0.6171875 0.49296875 0.1015625 0.084375
0 0.0265625 0.35546875 0.053125 0.0640625
0 0.5828125 0.840625 0.1453125 0.178125
0 0.6328125 0.403125 0.0796875 0.0546875
0 0.5 0.94609375 0.0765625 0.0671875
0 0.57109375 0.22890625 0.11875 0.08125
0 0.52578125 0.37890625 0.096875 0.084375
0 0.34296875 0.9703125 0.1421875 0.0421875
0 0.540625 0.53046875 0.11875 0.08125
0 0.51484375 0.640625 0.103125 0.071875