0 0.83125 0.47265625 0.303125 0.1578125
0 0.8 0.25390625 0.26875 0.3046875
0 0.74609375 0.7859375 0.2453125 0.159375
0 0.1296875 0.55546875 0.1796875 0.14375
0 0.56640625 0.35546875 0.215625 0.2125
0 0.21875 0.75859375 0.2203125 0.14375
0 0.7671875 0.93359375 0.25625 0.1328125
0 0.68125 0.57578125 0.1859375 0.140625
0 0.5578125 0.91796875 0.18125 0.1640625
0 0.4109375 0.7765625 0.1625 0.1609375
0 0.47734375 0.47890625 0.2015625 0.1125
0 0.61328125 0.7 0.19375 0.1515625
0 0.2859375 0.62734375 0.159375 0.14375
0 0.27890625 0.540625 0.09375 0.0984375
0 0.48515625 0.775 0.103125 0.0890625
0 0.459375 0.70078125 0.1109375 0.078125
1 0.0765625 0.6578125 0.153125 0.0765625
0 0.39609375 0.60859375 0.071875 0.109375