0 0.6671875 0.46953125 0.1546875 0.2453125
0 0.81953125 0.40390625 0.1921875 0.1703125
0 0.7625 0.2375 0.1453125 0.1578125
0 0.51875 0.25 0.2171875 0.1390625
0 0.90546875 0.265625 0.1890625 0.1671875
0 0.1546875 0.184375 0.2984375 0.2
0 0.30703125 0.07734375 0.1015625 0.1546875
0 0.4078125 0.375 0.1234375 0.146875
0 0.4078125 0.17265625 0.171875 0.125
0 0.65 0.659375 0.2703125 0.1515625
0 0.4921875 0.49375 0.0953125 0.125
1 0.3640625 0.6734375 0.2640625 0.1109375
0 0.6328125 0.2359375 0.1375 0.20625
1 0.509375 0.8515625 0.23125 0.2640625
1 0.33828125 0.5359375 0.21875 0.178125
0 0.484375 0.36015625 0.0453125 0.0953125