0 0.69375 0.71484375 0.11875 0.103125
0 0.42109375 0.84375 0.1234375 0.1640625
0 0.81171875 0.8203125 0.13125 0.0984375
0 0.21015625 0.721875 0.1 0.065625
0 0.190625 0.9 0.1171875 0.196875
0 0.23125 0.19140625 0.0875 0.0859375
0 0.0578125 0.6640625 0.115625 0.10625
0 0.12421875 0.1921875 0.0625 0.071875
0 0.8203125 0.2953125 0.2015625 0.0640625
0 0.73203125 0.58984375 0.0828125 0.0765625
0 0.934375 0.6953125 0.1296875 0.096875
0 0.903125 0.8640625 0.15 0.0640625
0 0.04609375 0.80390625 0.0921875 0.075
0 0.3078125 0.72734375 0.1125 0.0515625
0 0.11171875 0.471875 0.2140625 0.09375
0 0.36015625 0.57578125 0.153125 0.075
0 0.79921875 0.97265625 0.153125 0.053125
0 0.21328125 0.0515625 0.065625 0.0640625
0 0.30625 0.8859375 0.134375 0.075
0 0.54140625 0.88671875 0.134375 0.0890625
0 0.0265625 0.95390625 0.053125 0.0921875
0 0.85625 0.4484375 0.0890625 0.084375
0 0.8 0.465625 0.0796875 0.065625
0 0.13828125 0.6109375 0.153125 0.078125
0 0.96171875 0.853125 0.071875 0.0796875
0 0.39609375 0.6890625 0.10625 0.05
0 0.4640625 0.109375 0.2171875 0.1359375
0 0.51875 0.95078125 0.075 0.0953125
0 0.7453125 0.646875 0.084375 0.0359375
0 0.9765625 0.4921875 0.04375 0.09375
0 0.40703125 0.36015625 0.109375 0.0484375
0 0.02109375 0.3296875 0.0421875 0.084375
0 0.85 0.36484375 0.1234375 0.059375
0 0.96640625 0.2796875 0.0671875 0.0578125
0 0.390625 0.14921875 0.0640625 0.08125
0 0.9078125 0.6078125 0.1 0.0390625
0 0.43203125 0.0296875 0.075 0.059375
0 0.63203125 0.61484375 0.071875 0.0546875
0 0.7859375 0.1671875 0.11875 0.1203125