0 0.24765625 0.0796875 0.0984375 0.065625
0 0.07890625 0.271875 0.153125 0.0765625
0 0.17734375 0.671875 0.2 0.1375
0 0.0703125 0.20078125 0.1359375 0.05625
0 0.39296875 0.6171875 0.09375 0.0828125
0 0.8390625 0.21796875 0.0890625 0.1171875
0 0.73984375 0.03203125 0.0796875 0.0625
0 0.5953125 0.73203125 0.15 0.0734375
0 0.06015625 0.02265625 0.10625 0.0390625
0 0.27578125 0.38203125 0.121875 0.046875
0 0.51015625 0.509375 0.1296875 0.0484375
0 0.8046875 0.76015625 0.0796875 0.071875
0 0.62734375 0.13828125 0.0875 0.053125
0 0.71875 0.340625 0.1109375 0.0609375
0 0.20390625 0.02578125 0.0796875 0.0515625
0 0.71640625 0.15 0.1125 0.0734375
0 0.33671875 0.42578125 0.1 0.0546875
0 0.18125 0.47265625 0.0859375 0.078125
0 0.3890625 0.146875 0.096875 0.0546875
0 0.54296875 0.06171875 0.0671875 0.090625
0 0.92578125 0.1046875 0.0828125 0.0515625
0 0.615625 0.178125 0.1125 0.046875
0 0.178125 0.13984375 0.109375 0.0578125
0 0.42421875 0.909375 0.1078125 0.08125
0 0.51328125 0.23203125 0.1 0.0625
0 0.3671875 0.8453125 0.0828125 0.0703125
0 0.8078125 0.859375 0.06875 0.0609375
0 0.77578125 0.10703125 0.05 0.075
0 0.31796875 0.24375 0.15 0.0578125
0 0.58203125 0.4390625 0.16875 0.046875
0 0.38125 0.76015625 0.165625 0.084375
0 0.7578125 0.93828125 0.1046875 0.0421875
0 0.6453125 0.5359375 0.0515625 0.0828125
0 0.24765625 0.44296875 0.0765625 0.06875
0 0.7578125 0.41484375 0.1078125 0.0421875
0 0.8671875 0.95859375 0.0828125 0.065625
0 0.75234375 0.521875 0.071875 0.065625
0 0.46640625 0.97265625 0.071875 0.0546875
0 0.4171875 0.39375 0.0625 0.0578125
0 0.01484375 0.3546875 0.0296875 0.096875
0 0.8078125 0.28984375 0.28125 0.115625
0 0.775 0.675 0.1015625 0.0578125
0 0.9359375 0.2109375 0.0828125 0.0640625
0 0.428125 0.3 0.05625 0.0546875
0 0.30390625 0.4 0.1546875 0.06875
0 0.36484375 0.4890625 0.0859375 0.046875