1 0.9140625 0.88046875 0.171875 0.2390625
0 0.30859375 0.4515625 0.1921875 0.2953125
0 0.1953125 0.659375 0.28125 0.296875
0 0.37421875 0.784375 0.1953125 0.3671875
0 0.85703125 0.63828125 0.1859375 0.2234375
1 0.6859375 0.2265625 0.234375 0.3765625
1 0.7125 0.8421875 0.1609375 0.246875
0 0.75078125 0.47109375 0.2015625 0.13125
0 0.51484375 0.69140625 0.1203125 0.1890625
0 0.5703125 0.38828125 0.175 0.2109375
0 0.465625 0.453125 0.14375 0.28125
0 0.6140625 0.5421875 0.06875 0.1078125
1 0.721875 0.54609375 0.0765625 0.0515625