0 0.12734375 0.2671875 0.2546875 0.465625
0 0.4015625 0.8203125 0.1765625 0.3046875
0 0.91953125 0.6078125 0.0890625 0.2375
0 0.68984375 0.240625 0.5703125 0.48125
0 0.121875 0.696875 0.1546875 0.1859375
0 0.03359375 0.94140625 0.0671875 0.1171875
0 0.940625 0.321875 0.0921875 0.25625
0 0.01171875 0.7953125 0.0234375 0.225
0 0.55 0.83359375 0.109375 0.19375
0 0.2109375 0.8078125 0.2890625 0.3671875
0 0.08203125 0.94765625 0.1328125 0.09375
0 0.36875 0.56015625 0.084375 0.128125
0 0.6375 0.03671875 0.290625 0.0734375