0 0.69296875 0.8171875 0.1359375 0.1109375
0 0.55234375 0.17265625 0.125 0.0484375
0 0.3796875 0.75078125 0.0890625 0.0890625
0 0.653125 0.2828125 0.1296875 0.04375
0 0.65078125 0.3796875 0.1890625 0.0890625
0 0.43203125 0.2078125 0.1015625 0.1109375
0 0.515625 0.453125 0.1640625 0.084375
0 0.34140625 0.33359375 0.1140625 0.0890625
0 0.2578125 0.49609375 0.140625 0.121875
0 0.92578125 0.6390625 0.096875 0.0828125
0 0.609375 0.6765625 0.16875 0.078125
0 0.5703125 0.5671875 0.1359375 0.046875
0 0.63515625 0.04765625 0.1296875 0.078125
0 0.92734375 0.35234375 0.1375 0.059375
0 0.9140625 0.22578125 0.0453125 0.0890625
0 0.76875 0.6 0.1609375 0.090625
0 0.55234375 0.80859375 0.1046875 0.075
0 0.38984375 0.659375 0.08125 0.05
0 0.49765625 0.73984375 0.1265625 0.0546875
0 0.38515625 0.51875 0.1421875 0.059375
0 0.34765625 0.821875 0.0796875 0.08125
0 0.85625 0.18125 0.06875 0.05625
0 0.1015625 0.22734375 0.1078125 0.06875
0 0.5203125 0.24921875 0.09375 0.0546875
0 0.34375 0.57578125 0.16875 0.0578125
0 0.82109375 0.421875 0.071875 0.0546875
0 0.82890625 0.75625 0.06875 0.0671875
0 0.88984375 0.55390625 0.0921875 0.04375
0 0.928125 0.51171875 0.1 0.06875
0 0.546875 0.03203125 0.05 0.0484375
0 0.82578125 0.34296875 0.0578125 0.0515625
0 0.453125 0.56875 0.0578125 0.053125