0 0.20859375 0.6671875 0.175 0.09375
0 0.2078125 0.56171875 0.2796875 0.1296875
0 0.55078125 0.62734375 0.1890625 0.16875
0 0.12421875 0.8109375 0.2 0.1171875
0 0.621875 0.10625 0.1453125 0.0609375
0 0.62578125 0.40234375 0.2046875 0.1890625
0 0.1890625 0.2078125 0.2671875 0.184375
0 0.4328125 0.3671875 0.2 0.146875
0 0.8984375 0.18125 0.2015625 0.18125
0 0.41328125 0.73125 0.121875 0.1140625
0 0.62578125 0.2 0.1 0.084375
0 0.67890625 0.553125 0.1765625 0.1578125
0 0.96484375 0.63828125 0.0671875 0.1421875
0 0.39296875 0.20390625 0.1359375 0.084375
0 0.36875 0.0296875 0.1453125 0.05625
0 0.24765625 0.82734375 0.11875 0.128125
0 0.49921875 0.1546875 0.078125 0.0546875
0 0.84375 0.34375 0.0375 0.0890625
0 0.05078125 0.303125 0.1015625 0.134375
0 0.4890625 0.02421875 0.0859375 0.04375
0 0.17890625 0.446875 0.1921875 0.159375
0 0.85703125 0.4546875 0.1109375 0.0640625
0 0.52734375 0.4890625 0.1234375 0.0671875