1 0.1828125 0.4109375 0.25625 0.1359375
0 0.196875 0.59140625 0.328125 0.18125
0 0.79921875 0.4140625 0.353125 0.1703125
0 0.5734375 0.85703125 0.234375 0.2640625
0 0.50390625 0.2921875 0.2578125 0.2046875
0 0.75625 0.18671875 0.3328125 0.3078125
0 0.67421875 0.6109375 0.2375 0.1609375
0 0.42265625 0.625 0.0984375 0.165625
0 0.359375 0.4875 0.1203125 0.140625
0 0.6078125 0.46171875 0.075 0.0796875
0 0.52734375 0.478125 0.115625 0.059375
1 0.8015625 0.84375 0.21875 0.2546875
0 0.521875 0.425 0.1203125 0.0578125