0 0.77109375 0.75625 0.190625 0.096875
0 0.87421875 0.32421875 0.1421875 0.11875
0 0.840625 0.16875 0.1546875 0.1453125
0 0.28125 0.4390625 0.321875 0.2109375
0 0.753125 0.41328125 0.1578125 0.146875
0 0.6328125 0.91953125 0.2875 0.1609375
0 0.4203125 0.09296875 0.290625 0.184375
0 0.134375 0.29921875 0.2640625 0.1625
0 0.1375 0.68984375 0.275 0.35
0 0.1890625 0.08515625 0.146875 0.165625
1 0.5234375 0.6421875 0.328125 0.315625
0 0.93828125 0.4640625 0.1078125 0.0546875
0 0.071875 0.50390625 0.1421875 0.2453125
0 0.4046875 0.19765625 0.1046875 0.0734375
0 0.74296875 0.04140625 0.1890625 0.0828125
0 0.61796875 0.2578125 0.146875 0.1015625
0 0.603125 0.0796875 0.1046875 0.15
0 0.9609375 0.36171875 0.0765625 0.0609375
0 0.92265625 0.71875 0.115625 0.0765625
0 0.20234375 0.1546875 0.1015625 0.08125
0 0.97578125 0.2828125 0.0453125 0.15
0 0.55703125 0.2953125 0.16875 0.1234375
0 0.8171875 0.925 0.090625 0.0640625
0 0.95390625 0.534375 0.0921875 0.0765625