0 0.7453125 0.5828125 0.1921875 0.209375
0 0.61328125 0.15390625 0.1890625 0.2625
0 0.51796875 0.665625 0.171875 0.1640625
0 0.6421875 0.83125 0.1609375 0.3203125
0 0.58046875 0.4359375 0.11875 0.1046875
0 0.64609375 0.3453125 0.2 0.1390625
1 0.1078125 0.696875 0.2015625 0.2078125
0 0.4421875 0.38515625 0.1265625 0.0734375
0 0.21640625 0.47578125 0.140625 0.1953125
0 0.45859375 0.2640625 0.16875 0.1875
0 0.38515625 0.56484375 0.14375 0.11875
1 0.32421875 0.43203125 0.1203125 0.1984375
1 0.3 0.6921875 0.121875 0.2140625
0 0.3890625 0.64375 0.096875 0.09375
0 0.634375 0.5015625 0.140625 0.2109375
1 0.49453125 0.54765625 0.0640625 0.078125
1 0.8453125 0.78125 0.2703125 0.234375