0 0.26953125 0.27265625 0.2109375 0.4296875
0 0.5390625 0.8140625 0.215625 0.3234375
0 0.26640625 0.8265625 0.209375 0.3328125
0 0.52890625 0.371875 0.228125 0.378125
0 0.13515625 0.68046875 0.1140625 0.2359375
0 0.1078125 0.278125 0.2 0.340625
0 0.58125 0.0609375 0.078125 0.121875
0 0.45 0.7046875 0.0828125 0.1671875
0 0.43828125 0.55078125 0.1109375 0.165625
0 0.65546875 0.6578125 0.075 0.1140625
0 0.9078125 0.31328125 0.0828125 0.1109375
0 0.83671875 0.934375 0.1140625 0.040625
0 0.31640625 0.009375 0.1078125 0.01875
0 0.88046875 0.65625 0.2390625 0.221875
0 0.66171875 0.5609375 0.0703125 0.0921875
0 0.73359375 0.1125 0.0984375 0.2234375
0 0.99296875 0.2546875 0.0140625 0.1328125
0 0.4078125 0.04609375 0.0625 0.0875
0 0.95390625 0.58359375 0.0921875 0.24375
0 0.7359375 0.00625 0.065625 0.0125
0 0.82734375 0.31328125 0.059375 0.0828125
0 0.82890625 0.1484375 0.0890625 0.09375
0 0.99375 0.43203125 0.0125 0.0703125
0 0.9875 0.88828125 0.025 0.1078125