0 0.41875 0.76015625 0.178125 0.0890625
0 0.08515625 0.76328125 0.1328125 0.15
0 0.5234375 0.31328125 0.153125 0.153125
0 0.43984375 0.0453125 0.2078125 0.0671875
0 0.05703125 0.1640625 0.109375 0.090625
0 0.240625 0.41640625 0.1375 0.071875
0 0.7 0.30859375 0.10625 0.1078125
0 0.4796875 0.61875 0.1140625 0.16875
0 0.83359375 0.03671875 0.128125 0.05
0 0.9328125 0.59375 0.1296875 0.1046875
0 0.19921875 0.17578125 0.2234375 0.15
0 0.38828125 0.90703125 0.30625 0.18125
0 0.27578125 0.509375 0.115625 0.090625
0 0.17578125 0.3109375 0.153125 0.0671875
0 0.93671875 0.8421875 0.11875 0.1625
0 0.6 0.078125 0.109375 0.09375
0 0.05703125 0.4640625 0.1140625 0.05625
0 0.0609375 0.09296875 0.11875 0.0546875
0 0.05390625 0.62109375 0.1078125 0.05625
0 0.625 0.7171875 0.115625 0.1453125
0 0.5953125 0.43984375 0.1140625 0.0828125
0 0.6921875 0.94921875 0.1703125 0.096875
0 0.953125 0.10625 0.0890625 0.04375
0 0.70078125 0.53828125 0.153125 0.0953125
0 0.93984375 0.17265625 0.06875 0.05
0 0.725 0.153125 0.096875 0.0609375
0 0.37265625 0.46875 0.0859375 0.0625
0 0.05390625 0.51171875 0.1078125 0.0484375
0 0.059375 0.48984375 0.109375 0.078125
0 0.25 0.7203125 0.1515625 0.053125
0 0.18125 0.02734375 0.121875 0.053125
0 0.31171875 0.67421875 0.1296875 0.0890625
0 0.15390625 0.8640625 0.096875 0.1171875
0 0.8296875 0.11484375 0.0546875 0.0484375
0 0.025 0.0359375 0.05 0.071875
0 0.971875 0.0296875 0.05625 0.059375
0 0.0234375 0.37890625 0.0453125 0.0828125
0 0.96015625 0.68203125 0.078125 0.096875
0 0.8671875 0.96484375 0.1046875 0.0703125
0 0.84765625 0.52421875 0.15 0.0671875
0 0.77578125 0.2328125 0.053125 0.05
0 0.16328125 0.5671875 0.0828125 0.1171875
0 0.6828125 0.775 0.1015625 0.0828125
0 0.61015625 0.60078125 0.0921875 0.1046875
0 0.74296875 0.0734375 0.0515625 0.0578125
0 0.72421875 0.0296875 0.0671875 0.05