0 0.26796875 0.36328125 0.175 0.3265625
0 0.58046875 0.49296875 0.1046875 0.2359375
0 0.94375 0.5875 0.1078125 0.1671875
0 0.7703125 0.19296875 0.1453125 0.221875
0 0.68984375 0.6015625 0.1265625 0.203125
0 0.66640625 0.1203125 0.1265625 0.1421875
0 0.878125 0.3359375 0.08125 0.171875
0 0.059375 0.5375 0.11875 0.15
0 0.609375 0.88515625 0.1546875 0.15
0 0.48359375 0.21640625 0.1078125 0.1234375
0 0.8140625 0.628125 0.1171875 0.16875
0 0.18671875 0.73046875 0.16875 0.30625
0 0.36640625 0.45234375 0.096875 0.1609375
0 0.36875 0.94453125 0.1265625 0.1046875
0 0.940625 0.1984375 0.0953125 0.2515625
0 0.40546875 0.68828125 0.3015625 0.271875
0 0.02890625 0.87109375 0.0578125 0.2109375