1 0.91875 0.76875 0.1609375 0.1328125
1 0.1875 0.61875 0.246875 0.115625
1 0.68125 0.21171875 0.3015625 0.3140625
1 0.47109375 0.36953125 0.4375 0.19375
0 0.85 0.38515625 0.3 0.2
0 0.8234375 0.53984375 0.3171875 0.15625
0 0.3671875 0.753125 0.3359375 0.11875
0 0.4921875 0.89453125 0.2953125 0.2109375
0 0.47265625 0.515625 0.365625 0.1375
0 0.5046875 0.6453125 0.1640625 0.1171875
0 0.68515625 0.703125 0.1890625 0.084375
1 0.85625 0.65390625 0.175 0.1265625
1 0.65234375 0.59140625 0.065625 0.071875
0 0.6734375 0.7984375 0.2296875 0.1328125