0 0.29296875 0.678125 0.2171875 0.15
0 0.66484375 0.621875 0.2578125 0.1125
0 0.278125 0.48203125 0.1921875 0.0703125
0 0.521875 0.74609375 0.209375 0.109375
0 0.65 0.9046875 0.2046875 0.190625
0 0.615625 0.43671875 0.1890625 0.0734375
0 0.78671875 0.49375 0.146875 0.05625
0 0.51015625 0.19921875 0.0828125 0.0515625
0 0.2203125 0.08828125 0.09375 0.0515625
0 0.9453125 0.95859375 0.1078125 0.078125
0 0.50625 0.06015625 0.128125 0.04375
0 0.33203125 0.87421875 0.1328125 0.1609375
0 0.0890625 0.38828125 0.0921875 0.0609375
0 0.353125 0.54765625 0.115625 0.0546875
0 0.22890625 0.23671875 0.0703125 0.053125
0 0.06484375 0.903125 0.125 0.078125
0 0.66015625 0.21015625 0.125 0.0515625
0 0.37421875 0.36484375 0.11875 0.05625
0 0.49375 0.11015625 0.1359375 0.0390625
0 0.96796875 0.66875 0.0640625 0.0515625
0 0.88125 0.02421875 0.2109375 0.046875
0 0.56015625 0.29296875 0.16875 0.046875
0 0.43671875 0.5578125 0.06875 0.0484375
0 0.91640625 0.76171875 0.1609375 0.065625
0 0.5453125 0.36328125 0.1640625 0.0453125
0 0.92265625 0.13671875 0.1328125 0.046875
0 0.94296875 0.8953125 0.1109375 0.0890625
0 0.7359375 0.31875 0.0765625 0.0328125
0 0.18125 0.153125 0.09375 0.053125
0 0.25234375 0.0453125 0.0625 0.05
0 0.68125 0.1171875 0.096875 0.05
0 0.7421875 0.01171875 0.096875 0.0234375