0 0.4140625 0.17578125 0.2546875 0.1296875
0 0.9171875 0.671875 0.165625 0.115625
0 0.25390625 0.678125 0.15 0.125
0 0.0546875 0.10625 0.109375 0.125
0 0.95 0.11171875 0.1 0.071875
0 0.2078125 0.21328125 0.1421875 0.0453125
0 0.75078125 0.115625 0.1328125 0.0515625
0 0.5359375 0.66875 0.134375 0.2625
0 0.428125 0.8390625 0.14375 0.1859375
0 0.36796875 0.33359375 0.225 0.1078125
0 0.15078125 0.61484375 0.175 0.203125
0 0.84765625 0.17265625 0.103125 0.0609375
0 0.83125 0.85 0.0859375 0.08125
0 0.55 0.42890625 0.1171875 0.134375
0 0.97109375 0.25 0.0578125 0.0890625
0 0.8203125 0.7390625 0.1109375 0.0765625
0 0.51484375 0.06171875 0.11875 0.1140625
0 0.71328125 0.221875 0.134375 0.05
0 0.53359375 0.27421875 0.175 0.06875
0 0.359375 0.54375 0.1703125 0.1234375
0 0.0609375 0.34296875 0.096875 0.065625
0 0.15703125 0.3390625 0.084375 0.0609375
0 0.84921875 0.27109375 0.0984375 0.0578125
0 0.05703125 0.78125 0.1125 0.090625
0 0.05234375 0.46015625 0.103125 0.11875
0 0.04453125 0.64921875 0.0890625 0.0859375
0 0.6859375 0.73515625 0.1390625 0.109375
0 0.1578125 0.1296875 0.128125 0.0875
0 0.07109375 0.87265625 0.0765625 0.1359375
0 0.02109375 0.29296875 0.0421875 0.0734375
0 0.37265625 0.66484375 0.078125 0.0625
0 0.70078125 0.4265625 0.1109375 0.071875
0 0.75703125 0.9578125 0.0671875 0.06875