0 0.54453125 0.28515625 0.1328125 0.0625
0 0.15859375 0.3484375 0.1484375 0.0578125
0 0.459375 0.3765625 0.1265625 0.071875
0 0.621875 0.85859375 0.096875 0.0734375
0 0.8171875 0.75234375 0.084375 0.090625
0 0.284375 0.428125 0.1421875 0.0828125
0 0.5015625 0.6046875 0.1015625 0.075
0 0.60859375 0.50390625 0.1296875 0.071875
0 0.7203125 0.80546875 0.1140625 0.0609375
0 0.52421875 0.81484375 0.1078125 0.0796875
0 0.57734375 0.62421875 0.09375 0.059375
0 0.86953125 0.61953125 0.0890625 0.0765625
0 0.20703125 0.80078125 0.0796875 0.05625
0 0.390625 0.47421875 0.1359375 0.065625
0 0.3203125 0.65 0.08125 0.0875
0 0.32734375 0.86171875 0.06875 0.0921875
0 0.325 0.33203125 0.128125 0.053125
0 0.37734375 0.53984375 0.090625 0.0796875
0 0.44375 0.75390625 0.1109375 0.071875
0 0.75859375 0.3515625 0.0984375 0.0484375
0 0.75390625 0.5890625 0.06875 0.0859375
0 0.9390625 0.828125 0.0875 0.125
0 0.190625 0.86484375 0.1140625 0.0609375
0 0.27734375 0.71640625 0.1125 0.0546875
0 0.9875 0.615625 0.025 0.084375
0 0.62109375 0.6578125 0.1015625 0.0515625
0 0.39140625 0.678125 0.1109375 0.1359375
0 0.953125 0.51796875 0.09375 0.0703125
0 0.221875 0.28046875 0.1078125 0.0421875
0 0.69375 0.93359375 0.0796875 0.04375
0 0.803125 0.44921875 0.0890625 0.046875
0 0.396875 0.8015625 0.0859375 0.065625
0 0.6828125 0.71953125 0.1 0.0609375
0 0.25625 0.9625 0.06875 0.0515625
0 0.71796875 0.0015625 0.0921875 0.003125
0 0.6515625 0.44453125 0.1328125 0.0609375
0 0.71640625 0.68828125 0.103125 0.0421875
0 0.565625 0.94453125 0.071875 0.040625
0 0.2234375 0.92578125 0.0703125 0.0578125
0 0.8140625 0.65390625 0.09375 0.05
0 0.88515625 0.4296875 0.10625 0.0421875
0 0.25390625 0.52578125 0.059375 0.0859375
0 0.78203125 0.51953125 0.09375 0.0375
0 0.55234375 0.82734375 0.184375 0.1109375
0 0.68515625 0.55625 0.0609375 0.0578125
0 0.45859375 0.0328125 0.1078125 0.0390625
0 0.20234375 0.70390625 0.05625 0.0671875
0 0.278125 0.8203125 0.084375 0.05
0 0.8546875 0.49453125 0.071875 0.0421875