0 0.78203125 0.5171875 0.1109375 0.1546875
0 0.50546875 0.82734375 0.1234375 0.1953125
0 0.70703125 0.38203125 0.05625 0.1203125
0 0.4140625 0.428125 0.1984375 0.2171875
0 0.60546875 0.24921875 0.0921875 0.1421875
0 0.5890625 0.87734375 0.0859375 0.1484375
0 0.75234375 0.85390625 0.0875 0.2234375
0 0.38828125 0.8015625 0.0875 0.1578125
0 0.47890625 0.0671875 0.109375 0.115625
0 0.52734375 0.66015625 0.0609375 0.121875
0 0.5171875 0.9671875 0.1296875 0.065625
0 0.9890625 0.146875 0.021875 0.1359375
0 0.33828125 0.98359375 0.09375 0.0328125
0 0.27734375 0.7296875 0.1359375 0.2265625
0 0.68203125 0.8140625 0.06875 0.1484375
0 0.875 0.41171875 0.071875 0.121875
0 0.03515625 0.2359375 0.05 0.0703125
0 0.0390625 0.3171875 0.075 0.065625
0 0.9640625 0.23125 0.071875 0.1703125
0 0.7625 0.253125 0.1015625 0.2203125
0 0.72734375 0.12578125 0.078125 0.0953125
0 0.8515625 0.271875 0.0875 0.1265625
0 0.2109375 0.05 0.05625 0.0609375
0 0.4671875 0.26171875 0.109375 0.1
0 0.01328125 0.79453125 0.0171875 0.1703125
0 0.16875 0.53515625 0.0546875 0.0546875
0 0.1625 0.20390625 0.05 0.0640625