0 0.571875 0.5625 0.240625 0.1140625
0 0.6515625 0.06796875 0.1828125 0.1359375
0 0.2421875 0.51484375 0.234375 0.121875
0 0.4765625 0.7453125 0.209375 0.15625
0 0.3125 0.240625 0.20625 0.0703125
0 0.74296875 0.69375 0.0734375 0.09375
0 0.96484375 0.3984375 0.0703125 0.1
0 0.4203125 0.103125 0.1625 0.1640625
0 0.278125 0.378125 0.165625 0.075
0 0.93515625 0.86875 0.1296875 0.071875
0 0.82421875 0.7 0.0703125 0.0828125
0 0.5484375 0.28515625 0.075 0.0625
0 0.7046875 0.63125 0.0671875 0.053125
0 0.475 0.26875 0.0953125 0.046875
0 0.634375 0.2484375 0.090625 0.0484375
0 0.44453125 0.32265625 0.10625 0.0390625
0 0.46875 0.44921875 0.1265625 0.046875
0 0.62578125 0.8375 0.1375 0.0671875
0 0.7796875 0.2296875 0.1421875 0.05
0 0.9265625 0.7875 0.1390625 0.0453125
0 0.4390625 0.9046875 0.0640625 0.05625
0 0.68046875 0.3859375 0.265625 0.0765625
0 0.8234375 0.0140625 0.115625 0.028125
0 0.4484375 0.98046875 0.0828125 0.0390625
0 0.94765625 0.06328125 0.1046875 0.05
0 0.69375 0.39765625 0.2578125 0.0859375
0 0.8875 0.78984375 0.2078125 0.0484375
0 0.39296875 0.56953125 0.065625 0.0484375