1 0.60078125 0.85390625 0.184375 0.2515625
1 0.13515625 0.54921875 0.2265625 0.11875
1 0.84921875 0.83671875 0.2625 0.2109375
0 0.54453125 0.1953125 0.2015625 0.3375
0 0.675 0.4125 0.265625 0.1140625
0 0.33125 0.546875 0.2578125 0.1328125
0 0.503125 0.68046875 0.171875 0.115625
0 0.48984375 0.59140625 0.06875 0.11875
1 0.29609375 0.428125 0.1265625 0.13125
0 0.49765625 0.49453125 0.0671875 0.0859375
1 0.27421875 0.63359375 0.1140625 0.128125
1 0.409375 0.40703125 0.234375 0.115625
1 0.746875 0.62265625 0.2265625 0.1734375
0 0.5703125 0.47109375 0.0890625 0.046875