0 0.74375 0.45 0.278125 0.146875
0 0.54609375 0.3171875 0.1875 0.2015625
0 0.2796875 0.61796875 0.36875 0.221875
0 0.921875 0.8359375 0.15 0.11875
0 0.4296875 0.81171875 0.1890625 0.15625
0 0.11015625 0.2203125 0.1875 0.1140625
0 0.390625 0.328125 0.1515625 0.1546875
0 0.12890625 0.58125 0.1265625 0.103125
0 0.2265625 0.07890625 0.1890625 0.0859375
0 0.04375 0.06171875 0.0859375 0.0859375
0 0.9296875 0.43203125 0.1390625 0.153125
0 0.03828125 0.1703125 0.0765625 0.1640625
0 0.325 0.4703125 0.1953125 0.125
0 0.61015625 0.8328125 0.1515625 0.15
0 0.803125 0.69921875 0.1671875 0.1609375
0 0.03828125 0.46171875 0.0453125 0.075
0 0.94921875 0.965625 0.0984375 0.065625
0 0.4765625 0.4640625 0.1078125 0.0640625
0 0.7421875 0.19296875 0.1640625 0.075
0 0.1796875 0.80703125 0.1625 0.128125
0 0.6796875 0.33359375 0.1453125 0.125
0 0.528125 0.028125 0.0921875 0.05625