0 0.4171875 0.39296875 0.240625 0.328125
0 0.246875 0.85390625 0.178125 0.1671875
0 0.5921875 0.3703125 0.221875 0.234375
0 0.8609375 0.32421875 0.2578125 0.278125
0 0.2734375 0.19375 0.128125 0.0890625
0 0.3953125 0.6453125 0.1890625 0.1171875
0 0.40703125 0.88203125 0.1859375 0.2328125
0 0.678125 0.15078125 0.1796875 0.090625
0 0.2 0.63515625 0.1640625 0.1359375
0 0.31015625 0.0703125 0.3609375 0.1359375
0 0.0671875 0.5078125 0.13125 0.2296875
0 0.76171875 0.90703125 0.2015625 0.146875
0 0.17265625 0.44140625 0.1171875 0.178125
0 0.1578125 0.04765625 0.303125 0.0953125
0 0.66640625 0.8203125 0.29375 0.2125
0 0.1203125 0.83828125 0.1359375 0.0859375
0 0.92109375 0.1296875 0.1546875 0.2234375
0 0.64296875 0.25390625 0.1140625 0.0640625
0 0.7953125 0.740625 0.184375 0.1234375
0 0.55390625 0.7828125 0.1125 0.1