0 0.17734375 0.40703125 0.315625 0.3375
0 0.34375 0.2078125 0.2375 0.415625
0 0.33984375 0.6640625 0.253125 0.43125
1 0.97109375 0.74296875 0.0578125 0.1921875
0 0.90859375 0.0921875 0.1828125 0.184375
0 0.73515625 0.71796875 0.1890625 0.3125
0 0.93984375 0.54140625 0.1203125 0.2015625
0 0.51953125 0.64921875 0.184375 0.3765625
0 0.87890625 0.28203125 0.2109375 0.2421875
0 0.778125 0.3765625 0.1265625 0.2109375
0 0.76015625 0.09296875 0.1703125 0.1859375
0 0.6546875 0.1875 0.1875 0.2125
0 0.51171875 0.25703125 0.1765625 0.3203125
0 0.7671875 0.51875 0.15625 0.1109375
0 0.621875 0.54375 0.14375 0.103125
0 0.89453125 0.78203125 0.13125 0.3046875
0 0.628125 0.2890625 0.1140625 0.2