0 0.18671875 0.64140625 0.1765625 0.1671875
0 0.196875 0.25546875 0.20625 0.10625
0 0.1359375 0.5015625 0.2203125 0.1234375
0 0.37734375 0.259375 0.1890625 0.10625
0 0.496875 0.4921875 0.13125 0.1625
0 0.365625 0.42109375 0.1390625 0.059375
0 0.38125 0.10625 0.075 0.0625
0 0.47578125 0.1328125 0.0765625 0.06875
0 0.4703125 0.04609375 0.071875 0.0625
0 0.8953125 0.29765625 0.0828125 0.0765625
0 0.5671875 0.13984375 0.06875 0.0640625
0 0.50625 0.19453125 0.0640625 0.0625
0 0.8796875 0.03046875 0.0828125 0.0609375
0 0.3484375 0.5125 0.09375 0.071875
0 0.4453125 0.321875 0.103125 0.059375
0 0.3734375 0.0375 0.0921875 0.0671875
0 0.309375 0.19140625 0.06875 0.0609375
0 0.58046875 0.26484375 0.109375 0.053125
0 0.38671875 0.1828125 0.065625 0.0640625
0 0.80078125 0.375 0.0765625 0.0765625
0 0.640625 0.56328125 0.0671875 0.06875
0 0.57421875 0.415625 0.0828125 0.11875
0 0.9140625 0.61640625 0.096875 0.0765625
0 0.6796875 0.5 0.075 0.059375
0 0.84765625 0.5140625 0.09375 0.0625
0 0.80625 0.48515625 0.078125 0.05625
0 0.93203125 0.55078125 0.0484375 0.0640625
0 0.02734375 0.31171875 0.0546875 0.090625
0 0.60234375 0.52734375 0.06875 0.075
0 0.02421875 0.19609375 0.0484375 0.0546875
0 0.803125 0.440625 0.090625 0.0640625