0 0.5328125 0.14609375 0.28125 0.275
0 0.69765625 0.3140625 0.3578125 0.1859375
0 0.29453125 0.28046875 0.36875 0.196875
1 0.184375 0.8953125 0.1640625 0.165625
0 0.83125 0.83203125 0.2859375 0.1640625
0 0.221875 0.62578125 0.26875 0.1453125
0 0.365625 0.846875 0.16875 0.1515625
0 0.296875 0.43984375 0.3265625 0.1375
0 0.6 0.78203125 0.2015625 0.171875
0 0.521875 0.6859375 0.1796875 0.0984375
0 0.83828125 0.6921875 0.284375 0.1359375
0 0.696875 0.58984375 0.1765625 0.153125
0 0.64375 0.459375 0.2734375 0.1375
0 0.396875 0.6671875 0.0890625 0.1328125
0 0.38359375 0.53671875 0.084375 0.121875
0 0.15625 0.7625 0.2640625 0.0984375
0 0.60859375 0.559375 0.171875 0.0890625