0 0.62890625 0.265625 0.14375 0.3015625
0 0.91015625 0.6875 0.178125 0.15625
0 0.7734375 0.51953125 0.1140625 0.175
1 0.18046875 0.4296875 0.303125 0.171875
1 0.91953125 0.88046875 0.159375 0.2390625
1 0.75859375 0.15546875 0.140625 0.2
1 0.79375 0.3265625 0.1484375 0.0875
1 0.38359375 0.4109375 0.084375 0.125
1 0.79609375 0.7515625 0.0875 0.0828125
0 0.5796875 0.44453125 0.10625 0.0625
1 0.6890625 0.44296875 0.1125 0.078125
1 0.7046875 0.65859375 0.096875 0.115625
1 0.3984375 0.5671875 0.109375 0.1546875
1 0.68203125 0.82734375 0.109375 0.1421875
1 0.4984375 0.44140625 0.05625 0.09375
1 0.5890625 0.77578125 0.0734375 0.0921875
1 0.50078125 0.52734375 0.0515625 0.0796875