0 0.81875 0.39375 0.29375 0.146875
0 0.6359375 0.64765625 0.265625 0.1875
0 0.34296875 0.21796875 0.2015625 0.1046875
0 0.753125 0.240625 0.246875 0.1015625
0 0.53984375 0.503125 0.128125 0.0953125
0 0.3859375 0.84609375 0.24375 0.296875
0 0.3609375 0.6296875 0.0859375 0.0625
0 0.2609375 0.546875 0.2046875 0.140625
0 0.1328125 0.16484375 0.165625 0.1578125
0 0.41171875 0.4328125 0.1 0.0828125
0 0.58984375 0.43125 0.1125 0.08125
0 0.66328125 0.09296875 0.1921875 0.0921875
0 0.54375 0.32890625 0.1421875 0.075
0 0.75625 0.609375 0.1359375 0.1375
0 0.128125 0.37734375 0.165625 0.14375
0 0.6703125 0.35390625 0.1546875 0.1
0 0.55234375 0.228125 0.0984375 0.053125
0 0.26328125 0.39609375 0.2046875 0.075
0 0.09296875 0.5734375 0.1078125 0.1140625
0 0.0328125 0.628125 0.065625 0.090625
0 0.528125 0.17890625 0.0953125 0.05
0 0.509375 0.0515625 0.05625 0.0625
0 0.41328125 0.30390625 0.0796875 0.0859375
0 0.3703125 0.02109375 0.09375 0.0390625