0 0.559375 0.32421875 0.215625 0.2328125
0 0.3734375 0.18125 0.1859375 0.3140625
0 0.85546875 0.40625 0.265625 0.2296875
1 0.6703125 0.8515625 0.1390625 0.2796875
0 0.3375 0.61796875 0.2484375 0.3359375
0 0.728125 0.5515625 0.1078125 0.1859375
1 0.13515625 0.26484375 0.1734375 0.1359375
0 0.6796875 0.36796875 0.1078125 0.18125
0 0.78671875 0.66875 0.184375 0.1453125
0 0.1671875 0.4015625 0.259375 0.1453125
0 0.56796875 0.58828125 0.103125 0.1859375
0 0.678125 0.6546875 0.0828125 0.1203125
1 0.5359375 0.77109375 0.1578125 0.1609375