0 0.7078125 0.39921875 0.328125 0.153125
0 0.18125 0.4640625 0.359375 0.1671875
0 0.91015625 0.0703125 0.1 0.071875
0 0.75625 0.04140625 0.15 0.0828125
0 0.91015625 0.23828125 0.1625 0.0734375
0 0.8828125 0.6046875 0.171875 0.1453125
0 0.19609375 0.6890625 0.3921875 0.29375
0 0.2890625 0.1671875 0.1390625 0.171875
0 0.7265625 0.53671875 0.2421875 0.11875
0 0.47890625 0.2421875 0.165625 0.1609375
0 0.51328125 0.6296875 0.28125 0.23125
0 0.02578125 0.48671875 0.0515625 0.1484375
0 0.0796875 0.28828125 0.134375 0.1484375
0 0.41875 0.84453125 0.1265625 0.0921875
0 0.0234375 0.92734375 0.046875 0.1359375
0 0.24765625 0.29921875 0.221875 0.071875
0 0.30234375 0.8890625 0.1203125 0.1046875
0 0.0875 0.934375 0.103125 0.0765625
0 0.15078125 0.87578125 0.125 0.0671875
0 0.92578125 0.50625 0.1078125 0.0546875
0 0.6140625 0.24453125 0.14375 0.0984375
0 0.9203125 0.86640625 0.0921875 0.0984375
0 0.4875 0.503125 0.096875 0.059375
0 0.45625 0.9671875 0.2046875 0.0578125
0 0.4203125 0.41875 0.11875 0.0640625
0 0.58984375 0.76875 0.1375 0.1046875
0 0.75859375 0.74921875 0.13125 0.0953125
0 0.61796875 0.06640625 0.221875 0.1328125
0 0.03203125 0.021875 0.0640625 0.04375
0 0.43203125 0.14921875 0.1375 0.1359375
0 0.08515625 0.99140625 0.1390625 0.015625
0 0.965625 0.1 0.0625 0.090625
0 0.6953125 0.0953125 0.09375 0.084375
0 0.5984375 0.1015625 0.1375 0.0671875
0 0.82890625 0.77734375 0.046875 0.084375
0 0.778125 0.20546875 0.140625 0.0671875
0 0.8921875 0.6984375 0.1 0.059375
0 0.5046875 0.86171875 0.053125 0.084375