0 0.225 0.43046875 0.378125 0.190625
0 0.29375 0.7359375 0.3390625 0.1953125
0 0.115625 0.6171875 0.1984375 0.190625
0 0.1265625 0.07890625 0.2515625 0.1578125
0 0.73828125 0.35625 0.2140625 0.2640625
0 0.4265625 0.14765625 0.30625 0.2375
0 0.4578125 0.040625 0.290625 0.08125
0 0.55078125 0.83203125 0.196875 0.1734375
0 0.96015625 0.73046875 0.0796875 0.1796875
0 0.46953125 0.71640625 0.1890625 0.19375
0 0.9109375 0.51640625 0.178125 0.1703125
0 0.6078125 0.57265625 0.1796875 0.1609375
0 0.028125 0.5578125 0.025 0.1109375
0 0.02734375 0.20546875 0.0484375 0.2140625
0 0.85078125 0.63984375 0.1359375 0.1796875