0 0.4171875 0.86171875 0.1859375 0.2578125
0 0.88515625 0.1921875 0.190625 0.175
0 0.81875 0.34296875 0.178125 0.1625
0 0.590625 0.58984375 0.221875 0.134375
0 0.71796875 0.13671875 0.14375 0.246875
1 0.57265625 0.9125 0.15625 0.175
0 0.57890625 0.23046875 0.1484375 0.1734375
0 0.69453125 0.42421875 0.1328125 0.190625
0 0.565625 0.45625 0.1296875 0.1515625
0 0.51640625 0.29609375 0.1203125 0.1296875
0 0.31328125 0.64921875 0.24375 0.1328125
0 0.2 0.3125 0.228125 0.1828125
0 0.2984375 0.465625 0.128125 0.184375
0 0.28359375 0.19765625 0.1203125 0.1453125
1 0.615625 0.75 0.184375 0.1234375
0 0.34921875 0.26640625 0.0890625 0.1890625
0 0.42421875 0.30625 0.0796875 0.1375
0 0.36328125 0.53359375 0.1046875 0.075
0 0.1484375 0.409375 0.1984375 0.1421875
0 0.67578125 0.2625 0.059375 0.0703125