0 0.4890625 0.36953125 0.203125 0.1875
0 0.79453125 0.56875 0.23125 0.159375
0 0.50078125 0.22578125 0.1796875 0.096875
0 0.57578125 0.91328125 0.1171875 0.1578125
0 0.73046875 0.346875 0.25 0.284375
0 0.91875 0.4015625 0.1625 0.34375
0 0.78671875 0.0296875 0.1390625 0.059375
0 0.69375 0.63828125 0.2359375 0.165625
0 0.26875 0.13984375 0.228125 0.159375
0 0.4453125 0.87734375 0.109375 0.103125
0 0.56953125 0.03203125 0.103125 0.0640625
1 0.15703125 0.70390625 0.15625 0.1296875
0 0.29296875 0.4796875 0.1640625 0.153125
0 0.46015625 0.13359375 0.134375 0.0578125
0 0.75390625 0.84296875 0.115625 0.146875
0 0.20390625 0.34921875 0.1625 0.11875
0 0.3921875 0.78359375 0.20625 0.0890625
0 0.13828125 0.56953125 0.09375 0.1
0 0.07734375 0.3171875 0.078125 0.0546875
0 0.96484375 0.84375 0.0703125 0.0890625
0 0.52265625 0.6 0.0828125 0.078125
0 0.79453125 0.190625 0.146875 0.078125
0 0.8515625 0.92578125 0.14375 0.1484375
0 0.73828125 0.11640625 0.1421875 0.0671875
0 0.6171875 0.465625 0.0921875 0.05625
0 0.43359375 0.584375 0.0953125 0.078125
0 0.01796875 0.26171875 0.0359375 0.1125
0 0.63359375 0.15390625 0.075 0.04375
0 0.88984375 0.053125 0.140625 0.059375