1 0.86953125 0.1578125 0.2609375 0.221875
0 0.46875 0.7890625 0.3203125 0.2203125
0 0.70703125 0.8890625 0.315625 0.221875
0 0.81328125 0.75234375 0.3734375 0.225
0 0.609375 0.20703125 0.2390625 0.2078125
1 0.19453125 0.35234375 0.3703125 0.2671875
1 0.84921875 0.38828125 0.265625 0.184375
0 0.43828125 0.30546875 0.1390625 0.2234375
0 0.70625 0.5890625 0.2015625 0.1375
0 0.36875 0.49453125 0.2265625 0.1984375
0 0.4515625 0.6171875 0.303125 0.165625
0 0.53125 0.46328125 0.115625 0.0796875
1 0.5234375 0.3453125 0.05625 0.084375