0 0.1484375 0.4953125 0.2390625 0.103125
0 0.8578125 0.93203125 0.265625 0.1328125
0 0.4140625 0.37578125 0.171875 0.1625
0 0.28984375 0.81015625 0.10625 0.0859375
0 0.634375 0.625 0.23125 0.23125
0 0.41015625 0.96328125 0.096875 0.071875
0 0.38671875 0.80078125 0.0921875 0.1046875
0 0.1359375 0.3796875 0.1578125 0.071875
0 0.609375 0.7796875 0.1578125 0.128125
0 0.190625 0.85 0.0859375 0.075
0 0.17578125 0.0953125 0.3515625 0.1890625
0 0.1140625 0.69375 0.121875 0.0578125
0 0.7265625 0.0734375 0.18125 0.053125
0 0.27109375 0.390625 0.0859375 0.0703125
0 0.33203125 0.88125 0.1015625 0.0734375
0 0.609375 0.9 0.1296875 0.0890625
0 0.2703125 0.25390625 0.246875 0.1
0 0.54609375 0.16171875 0.1421875 0.05625
0 0.47265625 0.9046875 0.075 0.0921875
0 0.8671875 0.5421875 0.228125 0.1171875
0 0.9609375 0.178125 0.0703125 0.0765625
0 0.275 0.746875 0.0640625 0.04375
0 0.1 0.78671875 0.0609375 0.0671875
0 0.8953125 0.76796875 0.1234375 0.1171875
0 0.81171875 0.81796875 0.0953125 0.06875
0 0.15703125 0.76015625 0.0890625 0.046875
0 0.92421875 0.58125 0.1359375 0.0640625
0 0.2546875 0.828125 0.1703125 0.0875
0 0.46171875 0.2453125 0.2015625 0.1015625
0 0.1484375 0.946875 0.0859375 0.075