0 0.3 0.26015625 0.215625 0.1546875
0 0.734375 0.240625 0.1828125 0.0953125
0 0.11328125 0.33203125 0.1828125 0.1109375
0 0.17890625 0.06171875 0.165625 0.1
0 0.40390625 0.425 0.2015625 0.184375
0 0.60546875 0.8296875 0.2078125 0.1265625
0 0.6328125 0.3875 0.1671875 0.1109375
0 0.6453125 0.59921875 0.2015625 0.1140625
0 0.72890625 0.40703125 0.2953125 0.2015625
0 0.8890625 0.35703125 0.13125 0.078125
0 0.80625 0.69453125 0.0890625 0.13125
0 0.559375 0.02890625 0.1 0.0578125
0 0.45390625 0.5640625 0.215625 0.14375
0 0.165625 0.54140625 0.15 0.1421875
0 0.5453125 0.7265625 0.1140625 0.06875
0 0.53359375 0.6703125 0.1125 0.0640625
0 0.2984375 0.89921875 0.1171875 0.0984375
0 0.328125 0.08984375 0.0828125 0.0625
0 0.4171875 0.73203125 0.1140625 0.08125
0 0.44609375 0.93984375 0.1453125 0.0953125
0 0.1015625 0.8484375 0.090625 0.1375
0 0.45859375 0.12109375 0.1125 0.0625
0 0.1140625 0.959375 0.0921875 0.08125
0 0.80546875 0.09453125 0.0984375 0.046875
0 0.11171875 0.09375 0.2109375 0.1671875