0 0.12109375 0.69453125 0.2421875 0.3078125
0 0.79453125 0.525 0.190625 0.2328125
0 0.878125 0.259375 0.2359375 0.340625
0 0.4125 0.40703125 0.15 0.340625
0 0.2640625 0.8265625 0.16875 0.3421875
0 0.24296875 0.428125 0.221875 0.3828125
0 0.73359375 0.20859375 0.1484375 0.384375
0 0.425 0.74140625 0.153125 0.28125
1 0.5765625 0.8390625 0.1328125 0.321875
0 0.65703125 0.60703125 0.1171875 0.2609375
0 0.6046875 0.3453125 0.1578125 0.25
1 0.52265625 0.21171875 0.08125 0.21875
0 0.51171875 0.65546875 0.090625 0.0640625
0 0.59921875 0.63671875 0.09375 0.059375