1 0.77109375 0.25078125 0.3265625 0.115625
0 0.6078125 0.3203125 0.371875 0.171875
0 0.1125 0.153125 0.225 0.1375
0 0.60390625 0.98359375 0.1296875 0.0328125
0 0.22109375 0.55546875 0.25625 0.1984375
0 0.046875 0.4234375 0.09375 0.1
0 0.5453125 0.525 0.2484375 0.1515625
0 0.33671875 0.309375 0.240625 0.1875
0 0.76796875 0.853125 0.0984375 0.065625
0 0.1328125 0.04375 0.265625 0.0875
0 0.73671875 0.9578125 0.0859375 0.084375
0 0.6859375 0.80234375 0.0296875 0.0875
0 0.52109375 0.0953125 0.1828125 0.11875
0 0.534375 0.81328125 0.0640625 0.0546875
0 0.26875 0.86484375 0.096875 0.071875
0 0.5828125 0.80703125 0.046875 0.084375
0 0.78125 0.734375 0.0953125 0.0546875
0 0.0953125 0.90234375 0.05 0.0703125
0 0.3328125 0.8203125 0.0796875 0.0625
0 0.38671875 0.11015625 0.184375 0.065625
0 0.153125 0.36875 0.2140625 0.1234375
0 0.89921875 0.13125 0.1640625 0.128125
0 0.5140625 0.73359375 0.0921875 0.0546875
0 0.959375 0.6453125 0.0625 0.0640625
0 0.846875 0.42109375 0.1109375 0.078125
0 0.6078125 0.91875 0.078125 0.090625
0 0.21015625 0.98671875 0.0453125 0.0265625
0 0.0390625 0.9109375 0.0453125 0.0734375
0 0.8921875 0.9390625 0.1015625 0.0796875
0 0.828125 0.52421875 0.1078125 0.071875