0 0.709375 0.234375 0.1890625 0.3203125
0 0.7328125 0.56171875 0.1859375 0.2671875
0 0.3 0.1421875 0.1921875 0.28125
0 0.8640625 0.3859375 0.271875 0.2078125
0 0.56015625 0.5703125 0.1359375 0.240625
0 0.17421875 0.759375 0.23125 0.1484375
0 0.45546875 0.7015625 0.2359375 0.1453125
0 0.4515625 0.2859375 0.1890625 0.109375
1 0.13828125 0.18671875 0.196875 0.159375
0 0.23515625 0.90625 0.20625 0.178125
0 0.22421875 0.4546875 0.13125 0.1328125
0 0.54765625 0.30234375 0.1359375 0.240625
0 0.39453125 0.84296875 0.203125 0.1875
0 0.2484375 0.5953125 0.1953125 0.171875
0 0.25078125 0.3421875 0.1828125 0.1171875
0 0.13671875 0.353125 0.1890625 0.15
0 0.43671875 0.378125 0.115625 0.0640625
0 0.31640625 0.425 0.0921875 0.090625