0 0.11015625 0.73984375 0.1875 0.1890625
0 0.8984375 0.86015625 0.1859375 0.178125
0 0.44921875 0.24296875 0.215625 0.1609375
0 0.88046875 0.6984375 0.2140625 0.153125
0 0.259375 0.8 0.1375 0.2015625
0 0.4046875 0.371875 0.228125 0.1328125
0 0.18515625 0.578125 0.19375 0.1875
0 0.42734375 0.73046875 0.140625 0.178125
0 0.70703125 0.2671875 0.2125 0.121875
0 0.37265625 0.50390625 0.115625 0.2015625
0 0.7203125 0.8703125 0.146875 0.2203125
0 0.59140625 0.76171875 0.18125 0.1265625
0 0.73125 0.5703125 0.134375 0.2203125
0 0.52578125 0.4703125 0.1375 0.0796875
0 0.48671875 0.65703125 0.1046875 0.1046875
0 0.45859375 0.53671875 0.0703125 0.11875
0 0.321875 0.596875 0.0671875 0.090625
0 0.64296875 0.5265625 0.1046875 0.0515625
1 0.62265625 0.38125 0.09375 0.1234375
1 0.6046875 0.115625 0.146875 0.2296875
0 0.671875 0.471875 0.096875 0.078125
1 0.715625 0.36640625 0.128125 0.1328125
0 0.5390625 0.56875 0.0453125 0.065625
1 0.56640625 0.65 0.090625 0.13125