1 0.3671875 0.76640625 0.21875 0.1171875
0 0.7390625 0.23515625 0.3828125 0.20625
0 0.66015625 0.34765625 0.2640625 0.1359375
0 0.36171875 0.165625 0.390625 0.271875
0 0.859375 0.6234375 0.2734375 0.196875
0 0.62265625 0.0890625 0.3109375 0.178125
0 0.79375 0.4796875 0.259375 0.153125
1 0.1671875 0.90234375 0.1953125 0.184375
0 0.35390625 0.32421875 0.3125 0.153125
0 0.2203125 0.6125 0.2015625 0.171875
1 0.425 0.6421875 0.184375 0.1390625
0 0.65625 0.64375 0.1546875 0.16875
0 0.63828125 0.4765625 0.109375 0.0984375
1 0.1171875 0.74140625 0.225 0.15
0 0.4078125 0.46484375 0.234375 0.121875
1 0.57421875 0.584375 0.046875 0.065625