0 0.7984375 0.575 0.271875 0.3203125
1 0.93671875 0.64296875 0.1265625 0.284375
1 0.31171875 0.14296875 0.1203125 0.2
0 0.79765625 0.23359375 0.1046875 0.1953125
0 0.7328125 0.36484375 0.1671875 0.1203125
1 0.871875 0.90078125 0.2359375 0.1578125
0 0.60703125 0.65234375 0.175 0.146875
1 0.6296875 0.921875 0.2703125 0.15625
1 0.9421875 0.346875 0.115625 0.221875
1 0.13203125 0.31171875 0.2359375 0.2359375
1 0.57734375 0.184375 0.0859375 0.1546875
1 0.40546875 0.08984375 0.09375 0.1609375
1 0.3453125 0.35 0.109375 0.165625