0 0.14453125 0.16328125 0.2890625 0.2796875
0 0.17890625 0.4046875 0.29375 0.221875
0 0.4203125 0.1875 0.2359375 0.3015625
0 0.375 0.665625 0.1984375 0.2359375
0 0.4984375 0.346875 0.2375 0.140625
0 0.71796875 0.7 0.20625 0.3296875
0 0.82109375 0.39375 0.2609375 0.2828125
0 0.3328125 0.4859375 0.1578125 0.1875
0 0.66015625 0.3921875 0.1671875 0.23125
0 0.5765625 0.62265625 0.18125 0.215625
1 0.4375 0.89140625 0.159375 0.2140625
1 0.8765625 0.5609375 0.1421875 0.1140625
0 0.39609375 0.5234375 0.1234375 0.0640625
0 0.5078125 0.55625 0.1109375 0.0703125
1 0.459375 0.746875 0.1125 0.084375