0 0.69296875 0.5671875 0.2390625 0.246875
0 0.78984375 0.83515625 0.371875 0.2984375
0 0.4265625 0.746875 0.3078125 0.259375
1 0.16875 0.40625 0.0953125 0.1578125
1 0.303125 0.22578125 0.1859375 0.1109375
0 0.203125 0.5125 0.2671875 0.1265625
0 0.44765625 0.43046875 0.1609375 0.1203125
0 0.253125 0.3671875 0.1859375 0.1109375
0 0.421875 0.59765625 0.15 0.0640625
0 0.54609375 0.50546875 0.1125 0.2046875
1 0.446875 0.109375 0.1515625 0.1859375
1 0.5171875 0.26796875 0.20625 0.1265625
1 0.12578125 0.66015625 0.209375 0.1234375