1 0.1140625 0.2078125 0.178125 0.103125
0 0.38359375 0.16171875 0.2328125 0.3234375
0 0.14453125 0.35 0.2765625 0.21875
1 0.1375 0.603125 0.1359375 0.228125
0 0.33203125 0.55546875 0.1796875 0.121875
1 0.45546875 0.834375 0.196875 0.2703125
1 0.8734375 0.27578125 0.253125 0.2921875
1 0.578125 0.2375 0.1734375 0.2296875
1 0.53828125 0.61953125 0.15 0.14375
1 0.6875 0.45390625 0.1765625 0.2109375
0 0.5171875 0.50234375 0.16875 0.1390625
0 0.2921875 0.44609375 0.121875 0.1328125
0 0.43828125 0.35625 0.1625 0.1171875
1 0.38984375 0.63515625 0.1078125 0.078125
0 0.14296875 0.0921875 0.240625 0.15