0 0.23515625 0.73984375 0.1984375 0.1015625
0 0.4109375 0.3 0.121875 0.06875
0 0.340625 0.90625 0.1859375 0.184375
0 0.9140625 0.1015625 0.1625 0.0921875
0 0.6890625 0.5328125 0.18125 0.06875
0 0.2546875 0.1125 0.1578125 0.1390625
0 0.60078125 0.66015625 0.1875 0.1109375
0 0.38046875 0.1671875 0.1546875 0.1234375
0 0.9234375 0.89296875 0.084375 0.13125
0 0.0546875 0.6375 0.109375 0.1421875
0 0.33203125 0.68125 0.1140625 0.065625
0 0.621875 0.1671875 0.15 0.1640625
0 0.26484375 0.259375 0.15625 0.0953125
0 0.465625 0.4171875 0.1640625 0.0546875
0 0.08515625 0.09609375 0.1 0.165625
0 0.75546875 0.634375 0.15 0.16875
0 0.5 0.4890625 0.175 0.0890625
0 0.50234375 0.759375 0.1578125 0.1140625
0 0.92265625 0.33125 0.1296875 0.0609375
0 0.2515625 0.5921875 0.1984375 0.1125
0 0.51796875 0.15078125 0.140625 0.1203125
0 0.38359375 0.57265625 0.134375 0.059375
0 0.51875 0.57734375 0.1046875 0.0484375
0 0.09765625 0.51875 0.15625 0.1046875
0 0.96640625 0.2328125 0.0515625 0.0796875
0 0.9484375 0.73203125 0.05 0.146875
0 0.8578125 0.29765625 0.071875 0.115625
0 0.31328125 0.3890625 0.09375 0.059375
0 0.659375 0.0328125 0.1765625 0.065625
0 0.7265625 0.47265625 0.1375 0.0640625
0 0.47734375 0.4390625 0.1765625 0.1078125
0 0.47890625 0.08359375 0.1375 0.0828125
0 0.76015625 0.3453125 0.115625 0.09375
0 0.634375 0.4453125 0.090625 0.0609375