0 0.75703125 0.265625 0.3328125 0.1953125
0 0.1203125 0.37734375 0.1078125 0.1390625
0 0.55 0.87890625 0.2015625 0.128125
0 0.41953125 0.4296875 0.2703125 0.2953125
0 0.66875 0.61953125 0.2609375 0.115625
0 0.22109375 0.64453125 0.1609375 0.175
0 0.56640625 0.7375 0.2453125 0.153125
0 0.67734375 0.3796875 0.178125 0.1
0 0.3421875 0.1765625 0.340625 0.178125
0 0.95078125 0.5046875 0.0984375 0.1359375
0 0.88671875 0.93984375 0.1921875 0.1203125
0 0.87734375 0.1171875 0.2453125 0.2125
0 0.5265625 0.046875 0.153125 0.08125
0 0.6 0.98203125 0.1515625 0.0359375