0 0.840625 0.3640625 0.253125 0.1546875
0 0.26015625 0.48046875 0.3109375 0.1796875
0 0.28046875 0.22421875 0.253125 0.159375
0 0.5578125 0.38203125 0.3375 0.1796875
1 0.42734375 0.09375 0.146875 0.1359375
1 0.30625 0.85234375 0.29375 0.2703125
1 0.1953125 0.6640625 0.3625 0.171875
0 0.65546875 0.2484375 0.1484375 0.1171875
1 0.6609375 0.50625 0.234375 0.19375
1 0.58203125 0.74921875 0.4046875 0.25625
1 0.2421875 0.05078125 0.1515625 0.0828125
0 0.50859375 0.553125 0.2046875 0.13125
1 0.4796875 0.18515625 0.134375 0.084375
1 0.27578125 0.13046875 0.096875 0.06875