0 0.8828125 0.22578125 0.2125 0.08125
0 0.35 0.859375 0.1515625 0.2015625
0 0.07109375 0.40625 0.1421875 0.0953125
0 0.909375 0.30703125 0.134375 0.0734375
0 0.0796875 0.8875 0.1578125 0.225
0 0.19375 0.06796875 0.121875 0.0875
0 0.06953125 0.06796875 0.0828125 0.0734375
0 0.059375 0.56328125 0.11875 0.1
0 0.68984375 0.70859375 0.1375 0.1453125
0 0.8171875 0.84609375 0.171875 0.1171875
0 0.3109375 0.528125 0.1734375 0.071875
0 0.7421875 0.5625 0.1140625 0.1046875
0 0.4875 0.91015625 0.1578125 0.1078125
0 0.8984375 0.4046875 0.103125 0.1046875
0 0.84140625 0.0875 0.1265625 0.0953125
0 0.83828125 0.4265625 0.1 0.084375
0 0.1078125 0.69921875 0.128125 0.0875
0 0.278125 0.12265625 0.1328125 0.0640625
0 0.22890625 0.7046875 0.1421875 0.0703125
0 0.2125 0.89609375 0.1640625 0.0953125
0 0.3328125 0.665625 0.125 0.0609375
0 0.3796875 0.27734375 0.134375 0.0640625
0 0.38515625 0.0453125 0.090625 0.059375
0 0.89140625 0.90390625 0.103125 0.0953125
0 0.596875 0.40078125 0.0953125 0.1078125
0 0.4390625 0.23984375 0.084375 0.0484375
0 0.6296875 0.59140625 0.0765625 0.0671875
0 0.0390625 0.2765625 0.078125 0.0640625
0 0.20703125 0.23203125 0.1453125 0.04375
0 0.92578125 0.69765625 0.071875 0.103125
0 0.021875 0.3109375 0.04375 0.0828125
0 0.35703125 0.3953125 0.1859375 0.096875
0 0.75078125 0.6421875 0.103125 0.0515625
0 0.41796875 0.603125 0.1265625 0.0625
0 0.3765625 0.42578125 0.08125 0.065625
0 0.21953125 0.35234375 0.084375 0.0671875
0 0.22578125 0.3484375 0.1015625 0.0796875
0 0.75546875 0.36015625 0.0953125 0.0859375
0 0.7546875 0.3046875 0.29375 0.078125
0 0.13515625 0.26796875 0.05625 0.059375
0 0.309375 0.1859375 0.10625 0.05