0 0.2453125 0.75234375 0.1296875 0.1046875
0 0.6734375 0.00703125 0.15625 0.0140625
0 0.7328125 0.6375 0.390625 0.2375
0 0.090625 0.315625 0.15 0.121875
0 0.11484375 0.73046875 0.15 0.115625
0 0.48125 0.396875 0.1796875 0.14375
0 0.234375 0.89296875 0.1640625 0.196875
0 0.59296875 0.471875 0.1234375 0.0796875
0 0.42265625 0.2515625 0.196875 0.0765625
0 0.3078125 0.9453125 0.1875 0.08125
0 0.83828125 0.071875 0.10625 0.04375
0 0.3640625 0.75234375 0.0640625 0.0859375
0 0.22734375 0.2375 0.0828125 0.096875
0 0.42734375 0.68046875 0.15625 0.0609375
0 0.3671875 0.05234375 0.0640625 0.075
0 0.33359375 0.025 0.078125 0.05
0 0.20078125 0.02421875 0.06875 0.0484375
0 0.6671875 0.24609375 0.078125 0.0609375
0 0.428125 0.73515625 0.078125 0.065625
0 0.7 0.44375 0.0875 0.0609375
0 0.68515625 0.3671875 0.071875 0.059375
0 0.7375 0.51171875 0.1 0.0734375
0 0.42578125 0.8421875 0.090625 0.0671875
0 0.1109375 0.14140625 0.2125 0.1421875
0 0.2671875 0.025 0.0734375 0.05
0 0.81640625 0.30234375 0.11875 0.05625
0 0.2921875 0.153125 0.0703125 0.075
0 0.7171875 0.09453125 0.1171875 0.046875
0 0.23203125 0.490625 0.096875 0.0609375