1 0.62265625 0.51796875 0.1453125 0.2359375
1 0.81015625 0.33125 0.334375 0.253125
1 0.4625 0.49140625 0.0984375 0.15625
0 0.3546875 0.54609375 0.10625 0.23125
0 0.08203125 0.36875 0.1609375 0.178125
1 0.365625 0.70625 0.1578125 0.134375
1 0.44609375 0.340625 0.071875 0.1234375
0 0.20625 0.425 0.0765625 0.1640625
1 0.12265625 0.66953125 0.225 0.1375
0 0.06640625 0.140625 0.1328125 0.28125
1 0.20625 0.18984375 0.1453125 0.1921875
1 0.2546875 0.2890625 0.046875 0.125
1 0.2171875 0.86015625 0.1984375 0.265625
1 0.32109375 0.0625 0.1046875 0.125
1 0.24140625 0.5328125 0.09375 0.1046875
1 0.41015625 0.1171875 0.0859375 0.1109375
1 0.5515625 0.225 0.1734375 0.328125