0 0.4484375 0.14921875 0.328125 0.2953125
0 0.20703125 0.65390625 0.1703125 0.1859375
0 0.1328125 0.534375 0.1828125 0.1671875
0 0.7734375 0.8328125 0.06875 0.16875
0 0.41171875 0.4453125 0.3265625 0.2453125
0 0.2734375 0.26796875 0.3140625 0.3203125
0 0.775 0.38984375 0.3140625 0.240625
0 0.8390625 0.94765625 0.1234375 0.1046875
0 0.6625 0.1359375 0.1296875 0.2625
0 0.24140625 0.9140625 0.1765625 0.171875
0 0.63125 0.90234375 0.15625 0.1953125
0 0.2703125 0.54375 0.1046875 0.134375
0 0.41328125 0.6953125 0.115625 0.0875
0 0.9015625 0.2703125 0.196875 0.1609375
0 0.4796875 0.8421875 0.1640625 0.0890625
0 0.59375 0.6640625 0.1640625 0.1515625