0 0.07109375 0.17578125 0.0859375 0.1109375
0 0.153125 0.90078125 0.096875 0.1984375
0 0.4375 0.9296875 0.0625 0.10625
0 0.63359375 0.3234375 0.0625 0.1125
0 0.84296875 0.42265625 0.05625 0.071875
0 0.5359375 0.475 0.0578125 0.14375
0 0.42265625 0.98828125 0.1109375 0.0234375
0 0.9703125 0.6375 0.05625 0.1484375
0 0.075 0.365625 0.1203125 0.1140625
0 0.375 0.38671875 0.065625 0.13125
0 0.1640625 0.0734375 0.078125 0.1328125
0 0.1203125 0.59765625 0.1234375 0.109375
0 0.62890625 0.8390625 0.05 0.1015625
0 0.16171875 0.4171875 0.0609375 0.11875
0 0.87109375 0.6859375 0.0546875 0.1
0 0.1390625 0.6734375 0.0625 0.078125
0 0.22109375 0.78984375 0.078125 0.0734375
0 0.675 0.92109375 0.05625 0.06875
0 0.70703125 0.7953125 0.059375 0.05625
0 0.9140625 0.4765625 0.05625 0.109375
0 0.2515625 0.740625 0.1296875 0.103125
0 0.94921875 0.3984375 0.0515625 0.10625
0 0.84765625 0.484375 0.05625 0.0671875
0 0.76484375 0.8859375 0.065625 0.103125
0 0.046875 0.04375 0.09375 0.0875
0 0.07109375 0.98046875 0.053125 0.0390625
0 0.71171875 0.196875 0.04375 0.078125
0 0.72421875 0.54375 0.075 0.0875
0 0.97421875 0.5046875 0.0515625 0.0875
0 0.50859375 0.30859375 0.065625 0.08125
0 0.26875 0.25859375 0.065625 0.10625
0 0.8 0.3265625 0.0328125 0.08125
0 0.675 0.38125 0.04375 0.0921875
0 0.93203125 0.97109375 0.065625 0.0578125
0 0.87265625 0.346875 0.053125 0.084375
0 0.653125 0.9890625 0.053125 0.021875
0 0.734375 0.746875 0.05 0.05
0 0.040625 0.28671875 0.0578125 0.1
0 0.8125 0.75625 0.0546875 0.10625