0 0.8875 0.8265625 0.1890625 0.1921875
0 0.64453125 0.38671875 0.1765625 0.1234375
0 0.45234375 0.30390625 0.1875 0.134375
0 0.64921875 0.24453125 0.1984375 0.1703125
0 0.2109375 0.28125 0.153125 0.165625
0 0.215625 0.8796875 0.1375 0.1984375
0 0.52421875 0.134375 0.1328125 0.228125
0 0.359375 0.165625 0.1453125 0.1453125
0 0.14453125 0.69765625 0.240625 0.14375
0 0.28046875 0.38984375 0.1375 0.125
0 0.35390625 0.82265625 0.1625 0.1859375
0 0.4625 0.69453125 0.1796875 0.134375
1 0.70703125 0.50703125 0.1234375 0.215625
1 0.8265625 0.68359375 0.1 0.0890625
1 0.61015625 0.690625 0.11875 0.11875
0 0.35 0.44765625 0.0921875 0.1015625
1 0.7515625 0.7859375 0.0890625 0.134375
0 0.59375 0.49453125 0.0734375 0.10625
0 0.2625 0.5015625 0.196875 0.2390625
0 0.34609375 0.2609375 0.0640625 0.053125
1 0.25703125 0.1125 0.11875 0.14375
1 0.45234375 0.4875 0.078125 0.0859375
0 0.69609375 0.7046875 0.0625 0.071875
0 0.31953125 0.67109375 0.1 0.1390625
0 0.44609375 0.41875 0.078125 0.06875
0 0.365625 0.53125 0.05625 0.0828125
0 0.4015625 0.61328125 0.0578125 0.0765625
0 0.73125 0.6296875 0.0453125 0.0640625
0 0.55234375 0.6140625 0.0734375 0.09375