0 0.20234375 0.52265625 0.296875 0.196875
0 0.5859375 0.834375 0.23125 0.2640625
0 0.71171875 0.5984375 0.29375 0.165625
0 0.93515625 0.9578125 0.1296875 0.084375
0 0.61796875 0.46875 0.1515625 0.0875
0 0.36640625 0.309375 0.1390625 0.096875
0 0.084375 0.84140625 0.16875 0.3171875
0 0.15703125 0.0734375 0.15 0.146875
0 0.57421875 0.3515625 0.190625 0.1203125
0 0.16640625 0.321875 0.2515625 0.1765625
0 0.4671875 0.1234375 0.2515625 0.1015625
0 0.1078125 0.646875 0.215625 0.1296875
0 0.66796875 0.15234375 0.11875 0.0515625
0 0.40625 0.51484375 0.096875 0.08125
0 0.93671875 0.02578125 0.1265625 0.0515625
0 0.3578125 0.64609375 0.2359375 0.1828125
0 0.96015625 0.0828125 0.0796875 0.1109375
0 0.5078125 0.5578125 0.08125 0.0671875
0 0.9234375 0.76796875 0.08125 0.05
0 0.70703125 0.259375 0.1171875 0.0640625
0 0.9578125 0.3796875 0.084375 0.0765625
0 0.03828125 0.4828125 0.0765625 0.2171875
0 0.97421875 0.26328125 0.0515625 0.059375
0 0.9609375 0.86640625 0.078125 0.05625
0 0.3609375 0.8140625 0.1171875 0.1203125
0 0.6125 0.0125 0.090625 0.025
0 0.5015625 0.97890625 0.05625 0.0421875
0 0.059375 0.13359375 0.11875 0.0734375