0 0.34375 0.50703125 0.1734375 0.2
0 0.4765625 0.7265625 0.1671875 0.240625
0 0.4625 0.12890625 0.2265625 0.2171875
0 0.615625 0.4359375 0.184375 0.0984375
1 0.634375 0.73125 0.15 0.1453125
1 0.684375 0.303125 0.334375 0.178125
0 0.4546875 0.43046875 0.1203125 0.084375
0 0.57734375 0.52421875 0.1625 0.0875
1 0.8234375 0.60546875 0.1953125 0.1984375
0 0.3359375 0.296875 0.334375 0.16875
1 0.12109375 0.58203125 0.16875 0.1171875
0 0.2171875 0.69375 0.3546875 0.2421875
0 0.4578125 0.5234375 0.0625 0.10625
1 0.79609375 0.88046875 0.175 0.2390625
0 0.52265625 0.584375 0.11875 0.059375
0 0.671875 0.534375 0.1046875 0.1046875
1 0.1859375 0.4875 0.1203125 0.1578125
0 0.93046875 0.778125 0.1390625 0.2390625