0 0.79609375 0.8109375 0.084375 0.1421875
0 0.1453125 0.66640625 0.0875 0.153125
0 0.6296875 0.58515625 0.096875 0.1203125
0 0.63515625 0.25859375 0.1625 0.1765625
0 0.4375 0.45546875 0.0703125 0.128125
0 0.23515625 0.709375 0.09375 0.0953125
0 0.54765625 0.7328125 0.0578125 0.13125
0 0.27734375 0.1625 0.1125 0.109375
0 0.35703125 0.5078125 0.1140625 0.2109375
0 0.465625 0.2796875 0.0765625 0.159375
0 0.40859375 0.25078125 0.06875 0.109375
0 0.65546875 0.38359375 0.06875 0.096875
0 0.1421875 0.24453125 0.0703125 0.128125
0 0.41171875 0.76328125 0.1984375 0.1890625
0 0.6984375 0.86328125 0.059375 0.115625
0 0.1078125 0.55 0.1265625 0.096875
0 0.78046875 0.31953125 0.0578125 0.08125
0 0.29609375 0.546875 0.0515625 0.121875
0 0.2578125 0.6234375 0.065625 0.090625
0 0.46875 0.92421875 0.06875 0.096875
0 0.2640625 0.41015625 0.0546875 0.109375
0 0.5796875 0.975 0.078125 0.0484375
0 0.6515625 0.478125 0.140625 0.0890625
0 0.2140625 0.79453125 0.0484375 0.10625
0 0.7453125 0.2109375 0.1234375 0.1734375
0 0.60546875 0.77578125 0.0703125 0.08125
0 0.371875 0.14375 0.0578125 0.084375
0 0.0609375 0.35390625 0.0796875 0.0453125
0 0.3203125 0.31484375 0.05625 0.1
0 0.2828125 0.01484375 0.0765625 0.025
0 0.55078125 0.42109375 0.071875 0.134375
0 0.50078125 0.38515625 0.0671875 0.065625
0 0.04921875 0.11171875 0.0984375 0.2234375
0 0.7390625 0.40859375 0.090625 0.0890625
0 0.43671875 0.62109375 0.05625 0.121875
0 0.80625 0.98828125 0.0734375 0.0234375