0 0.39921875 0.3890625 0.171875 0.175
0 0.44453125 0.1984375 0.1265625 0.153125
1 0.478125 0.9015625 0.253125 0.1875
0 0.2921875 0.7796875 0.3796875 0.1765625
1 0.19140625 0.309375 0.196875 0.146875
1 0.19453125 0.13671875 0.1546875 0.1796875
0 0.928125 0.27421875 0.0890625 0.134375
1 0.4546875 0.5875 0.1890625 0.1328125
0 0.90390625 0.40859375 0.0875 0.1234375
1 0.7328125 0.0875 0.096875 0.14375
1 0.63203125 0.8046875 0.2265625 0.1734375
0 0.815625 0.29453125 0.0640625 0.0890625
1 0.83515625 0.21171875 0.1234375 0.0609375
1 0.9703125 0.40625 0.059375 0.13125
1 0.6453125 0.6046875 0.1484375 0.0640625
1 0.69296875 0.21484375 0.1265625 0.059375
1 0.6921875 0.3609375 0.16875 0.1140625
1 0.75625 0.434375 0.09375 0.0859375