0 0.5421875 0.73046875 0.253125 0.2015625
0 0.73828125 0.859375 0.2703125 0.275
0 0.25 0.15390625 0.1765625 0.3078125
0 0.7796875 0.27578125 0.190625 0.1421875
0 0.5984375 0.12265625 0.159375 0.2
0 0.55859375 0.29453125 0.178125 0.1890625
0 0.27265625 0.5296875 0.1875 0.3390625
1 0.84453125 0.65859375 0.3109375 0.159375
0 0.44375 0.2234375 0.159375 0.203125
0 0.5296875 0.559375 0.196875 0.0953125
1 0.74296875 0.0921875 0.184375 0.184375
1 0.10546875 0.32109375 0.2109375 0.2203125
0 0.43671875 0.48046875 0.1359375 0.2265625
1 0.725 0.47265625 0.096875 0.2109375