1 0.86953125 0.88359375 0.1671875 0.2328125
0 0.15390625 0.509375 0.3078125 0.3015625
0 0.36171875 0.36640625 0.1984375 0.328125
0 0.6859375 0.8703125 0.2046875 0.259375
0 0.47109375 0.6578125 0.1390625 0.2234375
0 0.85625 0.625 0.2265625 0.2625
0 0.76015625 0.33203125 0.2265625 0.278125
0 0.484375 0.446875 0.1296875 0.1828125
0 0.70703125 0.1484375 0.146875 0.2515625
0 0.309375 0.678125 0.2015625 0.259375
0 0.6625 0.7125 0.1234375 0.1265625
0 0.5796875 0.2796875 0.171875 0.15
0 0.6078125 0.42421875 0.13125 0.1578125
0 0.70390625 0.5484375 0.1265625 0.1671875