0 0.3609375 0.58125 0.1953125 0.134375
0 0.15859375 0.25859375 0.275 0.2703125
0 0.27890625 0.4515625 0.125 0.19375
0 0.53671875 0.528125 0.140625 0.28125
0 0.10859375 0.70546875 0.2171875 0.1625
0 0.33046875 0.22109375 0.103125 0.2171875
0 0.7125 0.4984375 0.2046875 0.284375
0 0.85234375 0.30078125 0.2765625 0.259375
0 0.18515625 0.54765625 0.1546875 0.1453125
0 0.09140625 0.40625 0.1703125 0.11875
0 0.37578125 0.72578125 0.2578125 0.190625
1 0.17734375 0.88359375 0.1703125 0.2328125
0 0.39296875 0.321875 0.1125 0.1046875
1 0.69296875 0.1859375 0.14375 0.3125
1 0.51875 0.28125 0.11875 0.203125