0 0.26328125 0.11953125 0.159375 0.2234375
0 0.57109375 0.89296875 0.2078125 0.2140625
0 0.8890625 0.2109375 0.2078125 0.178125
0 0.7234375 0.74453125 0.3125 0.196875
0 0.57421875 0.16484375 0.20625 0.1609375
0 0.4109375 0.7953125 0.2484375 0.2125
0 0.70390625 0.57421875 0.2703125 0.1578125
0 0.096875 0.2015625 0.19375 0.1828125
0 0.56796875 0.28671875 0.128125 0.075
0 0.76796875 0.34375 0.184375 0.20625
1 0.4078125 0.6078125 0.2328125 0.134375
0 0.88828125 0.0734375 0.2171875 0.1109375
0 0.35703125 0.46328125 0.134375 0.153125
0 0.40234375 0.29453125 0.0953125 0.16875
0 0.70234375 0.0828125 0.1734375 0.1390625
0 0.25703125 0.34296875 0.2078125 0.1671875
0 0.6234375 0.42265625 0.1453125 0.065625
0 0.45 0.44453125 0.053125 0.10625
0 0.1828125 0.37109375 0.0921875 0.225
0 0.46953125 0.32890625 0.059375 0.109375
0 0.65859375 0.353125 0.0640625 0.0890625
1 0.903125 0.346875 0.11875 0.06875
0 0.7671875 0.1921875 0.0796875 0.1078125