0 0.68671875 0.65703125 0.2578125 0.1625
0 0.3625 0.68203125 0.2953125 0.16875
0 0.64375 0.8078125 0.1625 0.1375
0 0.86796875 0.16953125 0.2640625 0.2171875
0 0.45390625 0.86171875 0.190625 0.175
0 0.6078125 0.93125 0.1625 0.1375
0 0.40703125 0.16328125 0.19375 0.2390625
0 0.559375 0.29375 0.2265625 0.1765625
0 0.3640625 0.45546875 0.1828125 0.16875
1 0.1921875 0.16640625 0.2453125 0.221875
1 0.21171875 0.33671875 0.2328125 0.1421875
0 0.78828125 0.3796875 0.11875 0.1203125
0 0.90546875 0.30703125 0.1625 0.090625
0 0.621875 0.5515625 0.0984375 0.13125
1 0.73359375 0.4953125 0.190625 0.1296875