0 0.1875 0.66796875 0.35625 0.4578125
0 0.62734375 0.1296875 0.2515625 0.259375
0 0.34296875 0.09296875 0.28125 0.1859375
0 0.171875 0.12265625 0.19375 0.2453125
0 0.71875 0.35078125 0.1703125 0.128125
0 0.3171875 0.215625 0.15625 0.1921875
0 0.5984375 0.309375 0.078125 0.14375
0 0.8453125 0.553125 0.165625 0.271875
0 0.98984375 0.1234375 0.0203125 0.14375
0 0.49765625 0.48984375 0.1390625 0.2328125
0 0.96484375 0.565625 0.0703125 0.4390625
0 0.71171875 0.63125 0.071875 0.121875
0 0.8203125 0.875 0.1 0.1234375
0 0.9734375 0.23515625 0.053125 0.11875
0 0.08203125 0.35234375 0.1328125 0.215625
0 0.284375 0.40703125 0.125 0.1640625
0 0.71640625 0.84296875 0.153125 0.209375
0 0.63828125 0.6796875 0.05625 0.0796875
0 0.91640625 0.75546875 0.15 0.1765625