0 0.4046875 0.240625 0.171875 0.2765625
0 0.05859375 0.4203125 0.0921875 0.125
0 0.6828125 0.1296875 0.165625 0.1890625
0 0.64296875 0.58828125 0.096875 0.184375
0 0.14609375 0.30625 0.2796875 0.2390625
0 0.83671875 0.33984375 0.13125 0.2171875
0 0.12421875 0.53515625 0.1 0.1625
0 0.87734375 0.60703125 0.1140625 0.1390625
0 0.603125 0.3828125 0.1203125 0.203125
0 0.9484375 0.6640625 0.103125 0.1484375
0 0.49453125 0.90625 0.1171875 0.146875
0 0.41640625 0.08046875 0.075 0.1171875
0 0.48203125 0.76328125 0.1484375 0.1359375
0 0.2234375 0.7984375 0.096875 0.0875
1 0.3578125 0.59140625 0.1578125 0.25
0 0.0984375 0.15625 0.1125 0.103125
0 0.2890625 0.06171875 0.115625 0.096875
0 0.9609375 0.1640625 0.078125 0.1515625
0 0.70078125 0.84375 0.0859375 0.146875
0 0.58046875 0.884375 0.096875 0.1625
0 0.15546875 0.0578125 0.084375 0.103125
0 0.8515625 0.1 0.0609375 0.090625
0 0.315625 0.940625 0.1109375 0.11875
0 0.50703125 0.05390625 0.071875 0.0515625
0 0.35078125 0.83359375 0.134375 0.1140625
0 0.85625 0.95078125 0.2875 0.0984375
0 0.99140625 0.5640625 0.0171875 0.1484375
0 0.81953125 0.059375 0.10625 0.0296875
0 0.98359375 0.96328125 0.0328125 0.0734375
0 0.796875 0.17578125 0.06875 0.0953125
0 0.89609375 0.1375 0.046875 0.0875
0 0.90546875 0.421875 0.0515625 0.08125
0 0.7359375 0.959375 0.0890625 0.08125
0 0.9453125 0.34296875 0.053125 0.103125
0 0.221875 0.01953125 0.0859375 0.0171875
0 0.44375 0.59296875 0.2015625 0.221875
0 0.62578125 0.9125 0.184375 0.175