0 0.6984375 0.70859375 0.1484375 0.128125
0 0.3640625 0.8484375 0.1609375 0.2
0 0.83046875 0.83828125 0.1640625 0.121875
0 0.12421875 0.69375 0.121875 0.0828125
0 0.08671875 0.89140625 0.1546875 0.2171875
0 0.19296875 0.0640625 0.109375 0.1046875
0 0.01015625 0.61875 0.0203125 0.128125
0 0.065625 0.06015625 0.0796875 0.0875
0 0.875 0.21484375 0.2296875 0.0859375
0 0.7546875 0.56171875 0.1046875 0.0953125
0 0.93125 0.69453125 0.053125 0.115625
0 0.89375 0.89375 0.0984375 0.078125
0 0.23984375 0.70390625 0.1375 0.0671875
0 0.0796875 0.39375 0.159375 0.1171875
0 0.3140625 0.52734375 0.1875 0.0953125
0 0.80234375 0.99140625 0.184375 0.0171875
0 0.22421875 0.89296875 0.165625 0.0953125
0 0.503125 0.9046875 0.1671875 0.1109375
0 0.91328125 0.39921875 0.1125 0.1046875
0 0.8453125 0.41796875 0.1 0.08125
0 0.0703125 0.55859375 0.140625 0.1015625
0 0.34765625 0.66328125 0.1296875 0.0625
0 0.471875 0.0390625 0.259375 0.05
0 0.471875 0.9609375 0.09375 0.078125
0 0.765625 0.63046875 0.103125 0.0484375
0 0.3875 0.2734375 0.134375 0.0609375
0 0.9109375 0.3 0.1453125 0.0765625
0 0.38515625 0.04296875 0.078125 0.05625
0 0.93203125 0.590625 0.0625 0.05
0 0.63359375 0.58671875 0.0890625 0.0671875
0 0.8515625 0.084375 0.146875 0.1046875