0 0.903125 0.69296875 0.1140625 0.16875
0 0.8640625 0.975 0.0828125 0.05
0 0.76796875 0.46328125 0.0828125 0.0796875
0 0.9140625 0.10546875 0.128125 0.1015625
0 0.72109375 0.94296875 0.0546875 0.1140625
0 0.7859375 0.1390625 0.0640625 0.146875
0 0.6671875 0.47421875 0.06875 0.109375
0 0.4546875 0.5359375 0.0890625 0.1671875
0 0.01015625 0.58515625 0.0203125 0.1046875
0 0.13828125 0.51015625 0.0609375 0.121875
0 0.24375 0.8578125 0.0671875 0.10625
0 0.18125 0.15 0.0640625 0.08125
0 0.028125 0.4296875 0.05625 0.084375
0 0.20625 0.603125 0.0859375 0.1078125
0 0.4546875 0.31875 0.0546875 0.13125
0 0.18984375 0.93984375 0.04375 0.1203125
0 0.5171875 0.39375 0.06875 0.05
0 0.36015625 0.68359375 0.0484375 0.115625
0 0.82265625 0.90546875 0.071875 0.1046875
0 0.2765625 0.60703125 0.0484375 0.10625
0 0.23515625 0.71328125 0.059375 0.096875
0 0.00859375 0.89921875 0.0171875 0.0421875
0 0.0796875 0.3875 0.084375 0.0453125
0 0.4296875 0.43828125 0.046875 0.109375
0 0.28671875 0.334375 0.046875 0.0984375
0 0.021875 0.72734375 0.04375 0.096875
0 0.88125 0.5203125 0.1 0.1375
0 0.921875 0.39375 0.1171875 0.1203125
0 0.515625 0.71953125 0.0578125 0.1171875
0 0.0515625 0.16953125 0.0453125 0.109375
0 0.53046875 0.665625 0.0625 0.0875
0 0.00625 0.9375 0.0125 0.04375
0 0.32734375 0.97109375 0.221875 0.0578125
0 0.09609375 0.4625 0.046875 0.090625
0 0.6796875 0.69296875 0.0578125 0.071875
0 0.7859375 0.99453125 0.0625 0.0109375
0 0.928125 0.915625 0.0328125 0.1046875
0 0.89296875 0.7953125 0.0765625 0.0671875
0 0.8328125 0.55078125 0.0515625 0.115625
0 0.23046875 0.23984375 0.0765625 0.1015625
0 0.67578125 0.74609375 0.071875 0.0515625
0 0.1984375 0.07890625 0.0625 0.084375
0 0.33203125 0.359375 0.0484375 0.065625
0 0.68046875 0.11640625 0.06875 0.0890625
0 0.11171875 0.990625 0.08125 0.01875
0 0.19140625 0.23125 0.0546875 0.10625
0 0.125 0.48828125 0.0640625 0.125
0 0.8515625 0.53125 0.08125 0.1359375
0 0.9421875 0.5984375 0.05 0.134375
0 0.18984375 0.20078125 0.078125 0.1328125
0 0.8109375 0.7328125 0.05 0.08125
0 0.18984375 0.1109375 0.0671875 0.11875