0 0.2625 0.89140625 0.2125 0.1921875
0 0.50546875 0.35625 0.209375 0.1390625
0 0.17578125 0.359375 0.315625 0.16875
0 0.43515625 0.19765625 0.2265625 0.2609375
0 0.2421875 0.7234375 0.23125 0.1375
0 0.6984375 0.55 0.2375 0.1484375
0 0.49765625 0.69375 0.153125 0.075
0 0.3328125 0.47578125 0.1546875 0.1671875
0 0.365625 0.61953125 0.159375 0.140625
0 0.44765625 0.81015625 0.1828125 0.1390625
0 0.434375 0.53671875 0.1015625 0.1171875
0 0.846875 0.51640625 0.109375 0.1734375
1 0.653125 0.69375 0.14375 0.1453125
0 0.56328125 0.46484375 0.075 0.1421875
0 0.5640625 0.6046875 0.0625 0.115625
1 0.878125 0.68671875 0.1921875 0.1875
1 0.18046875 0.1484375 0.28125 0.2546875