0 0.165625 0.428125 0.3046875 0.2078125
0 0.828125 0.3046875 0.2703125 0.221875
1 0.17265625 0.640625 0.2328125 0.2078125
0 0.34921875 0.38203125 0.0640625 0.1984375
0 0.6359375 0.246875 0.0875 0.24375
1 0.51953125 0.54375 0.2 0.1328125
0 0.55390625 0.64921875 0.15625 0.1328125
1 0.49921875 0.85390625 0.1359375 0.18125
1 0.471875 0.2953125 0.228125 0.115625
1 0.5015625 0.09296875 0.1265625 0.1859375
0 0.7390625 0.43359375 0.2 0.1578125
1 0.353125 0.56171875 0.1078125 0.196875
1 0.38046875 0.1375 0.1546875 0.1546875