0 0.24453125 0.85625 0.1171875 0.228125
0 0.75234375 0.91015625 0.1390625 0.1015625
0 0.92421875 0.87734375 0.1515625 0.1484375
0 0.60625 0.26015625 0.2546875 0.3890625
0 0.64609375 0.81171875 0.175 0.19375
0 0.078125 0.70390625 0.1375 0.3453125
0 0.9515625 0.40234375 0.096875 0.346875
0 0.7671875 0.11953125 0.19375 0.2390625
0 0.31015625 0.140625 0.4140625 0.28125
0 0.96015625 0.13203125 0.0796875 0.1765625
1 0.3734375 0.5578125 0.375 0.40625
0 0.5265625 0.05546875 0.2875 0.1109375
0 0.890625 0.3890625 0.0859375 0.1265625
0 0.82421875 0.64296875 0.121875 0.178125
0 0.971875 0.61640625 0.05625 0.125
0 0.9375 0.1484375 0.0953125 0.1234375
0 0.78046875 0.57421875 0.146875 0.2046875
0 0.05078125 0.92109375 0.0703125 0.1109375