0 0.2859375 0.321875 0.1640625 0.0984375
0 0.4734375 0.49609375 0.196875 0.121875
0 0.70859375 0.16484375 0.0984375 0.0765625
0 0.65078125 0.06015625 0.0859375 0.0921875
0 0.41484375 0.3671875 0.1984375 0.11875
0 0.346875 0.4703125 0.1453125 0.08125
0 0.9203125 0.18828125 0.0890625 0.0765625
0 0.47421875 0.57734375 0.1296875 0.0828125
0 0.6640625 0.46171875 0.0859375 0.078125
0 0.95703125 0.3546875 0.0859375 0.0859375
0 0.94921875 0.2671875 0.1015625 0.059375
0 0.71875 0.0171875 0.0515625 0.034375
0 0.82265625 0.57421875 0.0828125 0.075
0 0.659375 0.24296875 0.1234375 0.053125
0 0.14296875 0.23125 0.0984375 0.0796875
0 0.03671875 0.265625 0.0609375 0.053125
0 0.8546875 0.14765625 0.075 0.065625
0 0.35546875 0.2375 0.1671875 0.0578125
0 0.55234375 0.94765625 0.096875 0.0265625
0 0.16171875 0.134375 0.0890625 0.0953125
0 0.58125 0.640625 0.1921875 0.078125
0 0.6515625 0.871875 0.171875 0.1671875
0 0.03203125 0.15703125 0.0578125 0.0546875
0 0.35078125 0.81875 0.078125 0.1109375
0 0.19921875 0.0703125 0.1140625 0.084375
0 0.18984375 0.4640625 0.23125 0.1390625
0 0.3796875 0.940625 0.1546875 0.071875
0 0.721875 0.41796875 0.0921875 0.0828125
0 0.5328125 0.2734375 0.0984375 0.0890625
0 0.32578125 0.721875 0.0984375 0.075