0 0.1578125 0.1609375 0.2796875 0.3171875
0 0.1484375 0.42421875 0.296875 0.2109375
0 0.2734375 0.7359375 0.20625 0.1703125
0 0.42734375 0.28203125 0.253125 0.2375
0 0.74453125 0.8640625 0.1359375 0.271875
0 0.79375 0.62109375 0.15 0.25
0 0.4828125 0.4625 0.209375 0.1390625
0 0.89453125 0.75703125 0.1953125 0.2171875
1 0.22890625 0.92421875 0.1640625 0.1515625
0 0.65 0.60546875 0.1015625 0.19375
0 0.31171875 0.6234375 0.2484375 0.1453125
0 0.4234375 0.9046875 0.1578125 0.190625
0 0.590625 0.77265625 0.1421875 0.1625
0 0.45234375 0.68125 0.0546875 0.0984375
0 0.446875 0.5828125 0.0671875 0.1109375