0 0.79609375 0.765625 0.26875 0.265625
0 0.2109375 0.09140625 0.328125 0.18125
0 0.5109375 0.52734375 0.175 0.26875
0 0.575 0.20234375 0.2 0.2875
0 0.39296875 0.2015625 0.2859375 0.3921875
0 0.18828125 0.9546875 0.1953125 0.090625
0 0.52734375 0.88671875 0.0875 0.1390625
0 0.08671875 0.7140625 0.1453125 0.228125
0 0.2796875 0.58046875 0.1140625 0.1828125
0 0.078125 0.33359375 0.1484375 0.3265625
0 0.67109375 0.4515625 0.0671875 0.096875
0 0.475 0.79765625 0.125 0.125
0 0.21796875 0.409375 0.1234375 0.1703125