0 0.715625 0.390625 0.19375 0.240625
0 0.13984375 0.6625 0.253125 0.1484375
0 0.84921875 0.52734375 0.2546875 0.2
0 0.2140625 0.54296875 0.2078125 0.159375
0 0.421875 0.665625 0.2140625 0.15625
0 0.321875 0.39609375 0.1859375 0.109375
0 0.53359375 0.571875 0.1265625 0.1640625
0 0.5015625 0.321875 0.159375 0.1265625
0 0.48671875 0.40546875 0.1125 0.053125
0 0.5703125 0.40234375 0.1 0.1703125
0 0.3515625 0.18046875 0.2140625 0.3203125
1 0.16796875 0.87890625 0.178125 0.23125
0 0.68046875 0.6203125 0.14375 0.2171875
1 0.33984375 0.7984375 0.1640625 0.1828125
0 0.3984375 0.44609375 0.0734375 0.0625
1 0.48203125 0.19296875 0.071875 0.1203125