0 0.92421875 0.6296875 0.1515625 0.221875
0 0.46875 0.23984375 0.2765625 0.1828125
0 0.77421875 0.246875 0.2703125 0.175
0 0.5765625 0.60546875 0.20625 0.1671875
0 0.36328125 0.8125 0.2 0.3390625
1 0.534375 0.08046875 0.2703125 0.1609375
0 0.4171875 0.46015625 0.2 0.2125
0 0.78203125 0.640625 0.140625 0.2046875
0 0.8953125 0.4421875 0.18125 0.1703125
1 0.7328125 0.06171875 0.1359375 0.1234375
0 0.69765625 0.53046875 0.125 0.1046875
0 0.78046875 0.40546875 0.09375 0.1171875
0 0.6234375 0.2859375 0.1078125 0.1953125
1 0.19921875 0.6921875 0.2640625 0.1546875
1 0.46328125 0.39140625 0.109375 0.08125
1 0.37421875 0.6 0.096875 0.0671875
1 0.55234375 0.42109375 0.078125 0.14375