0 0.22109375 0.46484375 0.3609375 0.1546875
0 0.27890625 0.7640625 0.3234375 0.1625
0 0.10625 0.6359375 0.1984375 0.16875
0 0.128125 0.10703125 0.25625 0.1578125
0 0.71796875 0.43359375 0.2 0.2375
0 0.42265625 0.20859375 0.290625 0.20625
0 0.45703125 0.06796875 0.2765625 0.1359375
0 0.5234375 0.87734375 0.1859375 0.153125
0 0.92890625 0.81171875 0.0890625 0.1640625
0 0.44921875 0.759375 0.178125 0.171875
0 0.89609375 0.603125 0.2 0.1484375
0 0.5859375 0.63203125 0.16875 0.1421875
0 0.0203125 0.571875 0.0390625 0.10625
0 0.02890625 0.234375 0.0578125 0.203125
0 0.81796875 0.715625 0.1265625 0.1640625