0 0.56484375 0.25234375 0.16875 0.2234375
0 0.43515625 0.58984375 0.1265625 0.0953125
0 0.3734375 0.215625 0.20625 0.2515625
0 0.21953125 0.4484375 0.1953125 0.246875
1 0.87734375 0.21328125 0.228125 0.2265625
1 0.70078125 0.1734375 0.1640625 0.3046875
0 0.10546875 0.12578125 0.2109375 0.2515625
0 0.12265625 0.34375 0.2453125 0.240625
0 0.78359375 0.45859375 0.23125 0.2671875
0 0.32578125 0.871875 0.2140625 0.228125
0 0.23359375 0.725 0.215625 0.1609375
0 0.521875 0.409375 0.1984375 0.125
0 0.6125 0.5578125 0.1765625 0.2671875
0 0.44296875 0.734375 0.225 0.1796875
0 0.2875 0.5953125 0.140625 0.115625
0 0.26796875 0.125 0.184375 0.25