0 0.58359375 0.3984375 0.3125 0.2484375
0 0.596875 0.58984375 0.2296875 0.2015625
0 0.61875 0.84375 0.278125 0.26875
0 0.12890625 0.24921875 0.1734375 0.1796875
0 0.12890625 0.671875 0.1984375 0.2859375
0 0.54921875 0.1484375 0.1859375 0.1234375
0 0.17890625 0.55234375 0.1015625 0.1078125
0 0.9140625 0.290625 0.146875 0.3734375
0 0.32734375 0.3890625 0.1359375 0.1859375
0 0.3515625 0.184375 0.1234375 0.178125
0 0.2078125 0.79453125 0.14375 0.2109375
0 0.79375 0.2484375 0.0953125 0.140625
0 0.05625 0.76484375 0.1125 0.2046875
0 0.51328125 0.05078125 0.203125 0.1015625
0 0.15078125 0.11875 0.096875 0.15625
0 0.809375 0.6453125 0.090625 0.175
0 0.8171875 0.89609375 0.2390625 0.1546875
0 0.95078125 0.12421875 0.0984375 0.2484375
0 0.71171875 0.61015625 0.0703125 0.1171875
0 0.10078125 0.40078125 0.2015625 0.196875
0 0.03046875 0.46328125 0.0609375 0.2078125
0 0.29296875 0.04140625 0.075 0.0828125