0 0.55625 0.16796875 0.165625 0.1578125
1 0.70625 0.10078125 0.20625 0.2015625
0 0.1390625 0.2671875 0.278125 0.2234375
0 0.34921875 0.20703125 0.153125 0.2421875
0 0.75 0.484375 0.259375 0.165625
0 0.41171875 0.434375 0.09375 0.1640625
0 0.2609375 0.42421875 0.1921875 0.2015625
0 0.65625 0.2640625 0.25 0.1921875
0 0.828125 0.30859375 0.1625 0.0921875
0 0.8046875 0.665625 0.35625 0.1765625
0 0.4171875 0.6734375 0.309375 0.16875
1 0.60078125 0.87421875 0.15625 0.2296875
0 0.46015625 0.30390625 0.109375 0.128125