0 0.07890625 0.57890625 0.125 0.0890625
0 0.28984375 0.3296875 0.18125 0.0953125
0 0.30078125 0.63203125 0.1890625 0.1078125
0 0.2453125 0.79921875 0.175 0.1625
0 0.0390625 0.94765625 0.078125 0.1046875
0 0.2609375 0.47734375 0.21875 0.11875
0 0.26484375 0.17421875 0.1921875 0.1328125
0 0.615625 0.07421875 0.0890625 0.1078125
0 0.8609375 0.20625 0.121875 0.084375
0 0.77421875 0.94609375 0.190625 0.0953125
0 0.865625 0.76796875 0.2046875 0.24375
0 0.45703125 0.31640625 0.1296875 0.0921875
0 0.71484375 0.196875 0.1609375 0.06875
0 0.90703125 0.5828125 0.0640625 0.075
0 0.46171875 0.8046875 0.1421875 0.0640625
0 0.60703125 0.596875 0.0984375 0.075
0 0.53125 0.7296875 0.09375 0.0703125
0 0.29296875 0.0421875 0.175 0.0828125
0 0.62109375 0.48984375 0.0890625 0.075
0 0.05234375 0.35 0.103125 0.05625
0 0.0203125 0.2546875 0.040625 0.0953125
0 0.60390625 0.80390625 0.125 0.15625
0 0.63125 0.409375 0.06875 0.0484375
0 0.5328125 0.896875 0.0671875 0.059375
0 0.56796875 0.25 0.1046875 0.0703125
0 0.5328125 0.384375 0.0859375 0.071875
0 0.3921875 0.94921875 0.1265625 0.1015625
0 0.553125 0.521875 0.1046875 0.0703125
0 0.53359375 0.62109375 0.090625 0.0625