0 0.18828125 0.8875 0.184375 0.19375
0 0.68125 0.284375 0.1875 0.2859375
0 0.3140625 0.1609375 0.18125 0.2875
0 0.13515625 0.7296875 0.2421875 0.140625
0 0.68046875 0.59140625 0.1625 0.253125
0 0.84140625 0.4390625 0.303125 0.1921875
0 0.52265625 0.58359375 0.125 0.2171875
0 0.2171875 0.453125 0.125 0.121875
0 0.41328125 0.696875 0.2140625 0.1390625
0 0.44375 0.3140625 0.1796875 0.0984375
0 0.528125 0.334375 0.125 0.2234375
0 0.2296875 0.57734375 0.16875 0.1578125
0 0.140625 0.35625 0.1765625 0.1375
0 0.34296875 0.82265625 0.1765625 0.18125
0 0.253125 0.35078125 0.1671875 0.1046875
1 0.16015625 0.203125 0.171875 0.15625
0 0.30390625 0.43359375 0.090625 0.075
0 0.42421875 0.396875 0.1078125 0.05625