0 0.9328125 0.30859375 0.1296875 0.1421875
0 0.7390625 0.29765625 0.125 0.0859375
0 0.53203125 0.66875 0.228125 0.2078125
0 0.88125 0.07734375 0.19375 0.0859375
0 0.2953125 0.63515625 0.2578125 0.3125
0 0.77734375 0.18984375 0.1453125 0.1078125
0 0.80625 0.35625 0.128125 0.0546875
0 0.06015625 0.3296875 0.11875 0.1421875
0 0.82734375 0.53984375 0.0859375 0.0546875
0 0.671875 0.7328125 0.10625 0.05
0 0.80703125 0.4546875 0.1 0.075
0 0.396875 0.92890625 0.0859375 0.0734375
0 0.471875 0.378125 0.1296875 0.1125
0 0.56875 0.52890625 0.1 0.0578125
0 0.05078125 0.2125 0.1015625 0.06875
0 0.3953125 0.8109375 0.08125 0.0609375
0 0.59765625 0.19296875 0.128125 0.1140625
0 0.7703125 0.83671875 0.075 0.09375
0 0.57421875 0.478125 0.096875 0.0640625
0 0.5390625 0.80078125 0.0359375 0.0609375
0 0.34765625 0.07734375 0.096875 0.146875
0 0.88125 0.59296875 0.1203125 0.0421875
0 0.46953125 0.9765625 0.0640625 0.046875
0 0.91015625 0.02421875 0.159375 0.0453125