0 0.28203125 0.86640625 0.265625 0.2671875
1 0.6546875 0.23828125 0.16875 0.2484375
0 0.18203125 0.6609375 0.30625 0.19375
0 0.48203125 0.78359375 0.2609375 0.2796875
0 0.16953125 0.12265625 0.2203125 0.221875
0 0.53671875 0.3265625 0.1390625 0.1609375
0 0.4953125 0.61484375 0.215625 0.1484375
0 0.29765625 0.54140625 0.18125 0.1421875
0 0.51875 0.471875 0.184375 0.11875
0 0.39375 0.32109375 0.14375 0.1234375
0 0.36640625 0.2046875 0.2 0.1953125
0 0.13984375 0.28046875 0.2578125 0.1578125
0 0.27890625 0.3890625 0.1421875 0.1640625
1 0.71875 0.45 0.1984375 0.165625
0 0.6140625 0.52421875 0.1609375 0.203125
1 0.871875 0.3125 0.25625 0.2234375