0 0.63671875 0.76796875 0.16875 0.2453125
0 0.71484375 0.48359375 0.16875 0.2140625
0 0.84609375 0.62578125 0.28125 0.1640625
0 0.096875 0.55625 0.159375 0.1890625
0 0.31796875 0.365625 0.1265625 0.25625
0 0.7125 0.31015625 0.1765625 0.134375
0 0.2109375 0.6390625 0.140625 0.2515625
0 0.18515625 0.41171875 0.134375 0.1796875
1 0.80546875 0.840625 0.175 0.2671875
0 0.34765625 0.62421875 0.128125 0.2203125
0 0.4328125 0.20390625 0.1640625 0.1375
0 0.66484375 0.16328125 0.1546875 0.175
0 0.6359375 0.40390625 0.1078125 0.13125
0 0.42734375 0.31796875 0.1453125 0.125
0 0.571875 0.1921875 0.11875 0.1609375
0 0.40078125 0.428125 0.0625 0.1
0 0.540625 0.6296875 0.18125 0.1203125
1 0.53828125 0.08515625 0.1171875 0.15
0 0.5171875 0.32421875 0.1234375 0.0703125
0 0.5296875 0.45859375 0.0859375 0.0546875
0 0.49765625 0.57890625 0.1125 0.1640625
0 0.4453125 0.496875 0.103125 0.0578125
0 0.53515625 0.6 0.18125 0.1765625