0 0.7171875 0.3640625 0.225 0.2609375
0 0.109375 0.65859375 0.21875 0.1609375
0 0.83828125 0.509375 0.265625 0.215625
0 0.16796875 0.53125 0.234375 0.1734375
0 0.38125 0.6609375 0.2390625 0.16875
0 0.29375 0.3734375 0.20625 0.11875
0 0.50859375 0.56015625 0.1484375 0.1765625
0 0.49296875 0.29140625 0.1796875 0.1359375
0 0.47109375 0.38125 0.125 0.05625
0 0.56015625 0.378125 0.11875 0.18125
0 0.340625 0.15625 0.25 0.3125
1 0.0984375 0.88359375 0.196875 0.2328125
0 0.66171875 0.61171875 0.16875 0.2359375
1 0.28359375 0.80390625 0.1890625 0.1984375
0 0.37265625 0.42578125 0.0828125 0.0671875
1 0.48125 0.15390625 0.0859375 0.128125