0 0.8828125 0.0375 0.234375 0.075
0 0.8609375 0.29765625 0.2421875 0.2546875
0 0.23828125 0.25625 0.4765625 0.265625
0 0.69453125 0.6 0.3734375 0.2234375
0 0.8375 0.79765625 0.2015625 0.1953125
0 0.590625 0.86796875 0.215625 0.196875
0 0.17734375 0.59609375 0.3359375 0.240625
0 0.14765625 0.75234375 0.234375 0.1421875
0 0.3421875 0.90078125 0.2953125 0.1671875
0 0.38125 0.4296875 0.203125 0.134375
0 0.32109375 0.071875 0.2046875 0.08125
0 0.7125 0.9109375 0.253125 0.0984375
0 0.05078125 0.07265625 0.1015625 0.1453125
0 0.515625 0.16328125 0.16875 0.121875
0 0.66484375 0.22734375 0.1734375 0.096875
0 0.56015625 0.48125 0.225 0.13125
0 0.134375 0.934375 0.1828125 0.115625
0 0.4671875 0.00390625 0.25 0.0078125
0 0.471875 0.59296875 0.125 0.08125
0 0.45390625 0.73046875 0.1359375 0.0953125
0 0.11640625 0.90234375 0.2328125 0.1953125
0 0.4 0.5265625 0.125 0.08125