0 0.85078125 0.8328125 0.1984375 0.2421875
0 0.27734375 0.5359375 0.2390625 0.2671875
0 0.8859375 0.3296875 0.228125 0.165625
0 0.17109375 0.7578125 0.278125 0.275
0 0.83359375 0.440625 0.190625 0.1578125
0 0.35625 0.79609375 0.2 0.278125
0 0.6859375 0.471875 0.10625 0.090625
0 0.52421875 0.696875 0.14375 0.196875
0 0.659375 0.25234375 0.20625 0.19375
0 0.8328125 0.640625 0.1703125 0.1703125
0 0.44296875 0.47890625 0.1609375 0.2484375
0 0.653125 0.66953125 0.1359375 0.103125
0 0.7421875 0.559375 0.1078125 0.15
1 0.85625 0.1140625 0.18125 0.228125
0 0.57265625 0.51328125 0.1109375 0.06875
0 0.59765625 0.37734375 0.1734375 0.2390625
0 0.70546875 0.76640625 0.159375 0.196875