1 0.1171875 0.69296875 0.234375 0.275
0 0.69921875 0.7765625 0.175 0.28125
0 0.5296875 0.12421875 0.265625 0.2484375
1 0.88046875 0.75546875 0.1625 0.3046875
0 0.734375 0.46484375 0.1640625 0.246875
0 0.4484375 0.65078125 0.14375 0.2265625
0 0.23515625 0.46953125 0.23125 0.2875
0 0.7171875 0.25234375 0.275 0.234375
0 0.2859375 0.734375 0.21875 0.2625
0 0.453125 0.30625 0.25 0.178125
0 0.55703125 0.55234375 0.125 0.190625
0 0.4140625 0.46484375 0.09375 0.1703125
0 0.61328125 0.42734375 0.1453125 0.1390625
0 0.60859375 0.64453125 0.1609375 0.190625
0 0.5125 0.41875 0.075 0.1109375