0 0.796875 0.97578125 0.1390625 0.0484375
0 0.6171875 0.5234375 0.1765625 0.0671875
0 0.86640625 0.46015625 0.1171875 0.0703125
0 0.07109375 0.93125 0.0921875 0.1375
0 0.1546875 0.775 0.2390625 0.153125
0 0.28046875 0.75 0.171875 0.0921875
0 0.64921875 0.94765625 0.15625 0.1
0 0.3578125 0.903125 0.15 0.19375
0 0.09453125 0.45546875 0.165625 0.1203125
0 0.75546875 0.3703125 0.1265625 0.0671875
0 0.09765625 0.32109375 0.175 0.1234375
0 0.6265625 0.84765625 0.1359375 0.0796875
0 0.65703125 0.7125 0.1171875 0.0546875
0 0.7375 0.89921875 0.1046875 0.0796875
0 0.31328125 0.596875 0.103125 0.09375
0 0.3640625 0.5375 0.1359375 0.06875
0 0.709375 0.80078125 0.140625 0.0890625
0 0.02578125 0.0859375 0.0515625 0.153125
0 0.83515625 0.80546875 0.0765625 0.0703125
0 0.59375 0.30546875 0.1078125 0.0703125
0 0.61640625 0.58125 0.09375 0.0703125
0 0.471875 0.0390625 0.059375 0.01875
0 0.45234375 0.39921875 0.0625 0.1125
0 0.47265625 0.6125 0.0703125 0.078125
0 0.378125 0.2859375 0.1046875 0.0703125
0 0.10234375 0.5734375 0.1234375 0.0546875
0 0.2703125 0.12265625 0.034375 0.0890625
0 0.8328125 0.6390625 0.084375 0.0578125
0 0.4796875 0.18671875 0.096875 0.06875
0 0.4703125 0.50625 0.1203125 0.0484375
0 0.9609375 0.496875 0.078125 0.05625
0 0.4296875 0.71171875 0.084375 0.0859375
0 0.53203125 0.67109375 0.1203125 0.059375
0 0.76484375 0.52890625 0.0796875 0.0703125
0 0.33515625 0.5546875 0.13125 0.1203125
0 0.8640625 0.39296875 0.0671875 0.0609375
0 0.80390625 0.27734375 0.0703125 0.071875
0 0.79921875 0.228125 0.0953125 0.05625
0 0.18125 0.58828125 0.0875 0.08125
0 0.56875 0.06796875 0.05625 0.065625
0 0.2265625 0.32109375 0.11875 0.0453125
0 0.3390625 0.99765625 0.1140625 0.0046875
0 0.07109375 0.16640625 0.134375 0.0578125