0 0.70390625 0.63203125 0.203125 0.253125
0 0.234375 0.18125 0.06875 0.196875
0 0.45 0.2515625 0.1953125 0.25625
0 0.82578125 0.315625 0.2359375 0.2203125
0 0.57421875 0.7125 0.28125 0.234375
0 0.09375 0.27265625 0.090625 0.2125
0 0.20390625 0.32890625 0.06875 0.103125
0 0.28515625 0.065625 0.0640625 0.11875
0 0.33046875 0.81171875 0.084375 0.20625
0 0.93671875 0.625 0.096875 0.159375
0 0.509375 0.478125 0.1015625 0.11875
0 0.18203125 0.6046875 0.109375 0.1796875
0 0.5390625 0.37734375 0.1578125 0.1703125
0 0.8859375 0.71328125 0.0828125 0.0796875
0 0.52578125 0.89609375 0.159375 0.2078125
0 0.88359375 0.846875 0.06875 0.090625
0 0.46796875 0.0765625 0.096875 0.096875
0 0.09609375 0.46484375 0.0578125 0.125
0 0.3125 0.28359375 0.053125 0.084375
0 0.66171875 0.0625 0.0671875 0.1078125
0 0.365625 0.553125 0.096875 0.1078125
0 0.253125 0.73671875 0.146875 0.1921875
0 0.95859375 0.9453125 0.0828125 0.109375
0 0.93359375 0.375 0.06875 0.0875
0 0.3609375 0.42578125 0.0859375 0.1390625