0 0.3421875 0.3453125 0.1359375 0.0546875
0 0.38203125 0.46015625 0.121875 0.0421875
0 0.34765625 0.57421875 0.109375 0.090625
0 0.28828125 0.09375 0.090625 0.0640625
0 0.78828125 0.6671875 0.1484375 0.1359375
0 0.7578125 0.2640625 0.09375 0.0609375
0 0.46015625 0.53828125 0.1609375 0.065625
0 0.328125 0.26171875 0.1453125 0.04375
0 0.57109375 0.7890625 0.140625 0.1390625
0 0.2421875 0.20625 0.121875 0.0453125
0 0.921875 0.125 0.15 0.0671875
0 0.85 0.37265625 0.121875 0.075
0 0.246875 0.5546875 0.0890625 0.0640625
0 0.87265625 0.29921875 0.1859375 0.05625
0 0.128125 0.1890625 0.0921875 0.040625
0 0.2203125 0.31796875 0.0796875 0.0796875
0 0.4046875 0.196875 0.1078125 0.046875
0 0.5953125 0.26015625 0.059375 0.04375
0 0.46484375 0.646875 0.1453125 0.075
0 0.51328125 0.95390625 0.1125 0.08125
0 0.2859375 0.4328125 0.0703125 0.075
0 0.7640625 0.8015625 0.1765625 0.140625
0 0.96171875 0.41171875 0.075 0.15625
0 0.62265625 0.31015625 0.153125 0.0359375
0 0.67109375 0.64375 0.1171875 0.0703125
0 0.1328125 0.2921875 0.115625 0.0390625
0 0.2046875 0.496875 0.071875 0.065625
0 0.19296875 0.1046875 0.10625 0.0390625
0 0.08671875 0.40625 0.0921875 0.0421875
0 0.78828125 0.46171875 0.0859375 0.0515625
0 0.1359375 0.44375 0.075 0.04375
0 0.14296875 0.6671875 0.0921875 0.059375
0 0.2171875 0.78203125 0.1015625 0.0671875
0 0.16640625 0.615625 0.0828125 0.0828125
0 0.7 0.5109375 0.1109375 0.0546875
0 0.24375 0.68984375 0.14375 0.05625
0 0.03515625 0.3390625 0.06875 0.053125
0 0.6359375 0.0328125 0.059375 0.065625
0 0.0390625 0.2609375 0.078125 0.0546875
0 0.66875 0.221875 0.0578125 0.053125
0 0.55390625 0.3953125 0.2296875 0.0578125
0 0.77578125 0.16484375 0.04375 0.05625
0 0.01875 0.4703125 0.0375 0.065625
0 0.953125 0.66875 0.0765625 0.0625
0 0.890625 0.6546875 0.0765625 0.0796875
0 0.7046875 0.4703125 0.0875 0.0390625
0 0.4453125 0.03671875 0.0609375 0.0703125
0 0.82421875 0.2390625 0.0515625 0.0578125
0 0.596875 0.61484375 0.065625 0.06875
0 0.8203125 0.48203125 0.071875 0.075
0 0.54296875 0.51015625 0.0828125 0.0421875
0 0.51015625 0.3421875 0.0859375 0.0390625
0 0.35703125 0.72109375 0.1296875 0.05
0 0.0890625 0.3421875 0.05625 0.046875
0 0.015625 0.58125 0.03125 0.1125
0 0.03515625 0.16171875 0.0703125 0.0421875