0 0.759375 0.03359375 0.0703125 0.0671875
0 0.38046875 0.590625 0.0828125 0.15625
0 0.36328125 0.16640625 0.0765625 0.1125
0 0.49140625 0.3078125 0.075 0.1234375
0 0.67578125 0.04453125 0.059375 0.0859375
0 0.30546875 0.084375 0.0859375 0.08125
0 0.54453125 0.23828125 0.071875 0.096875
0 0.21328125 0.0359375 0.0703125 0.0703125
0 0.48046875 0.62421875 0.0765625 0.090625
0 0.425 0.36875 0.059375 0.0828125
0 0.51328125 0.409375 0.0828125 0.0984375
0 0.228125 0.37421875 0.090625 0.0796875
0 0.3671875 0.30234375 0.1046875 0.0890625
0 0.64921875 0.334375 0.103125 0.1109375
0 0.37578125 0.40859375 0.0453125 0.0625
0 0.49375 0.53828125 0.0609375 0.140625
0 0.7078125 0.66484375 0.0765625 0.078125
0 0.30390625 0.515625 0.084375 0.134375
0 0.4203125 0.48828125 0.0625 0.0984375
0 0.2375 0.90078125 0.1125 0.1390625
0 0.209375 0.21484375 0.0625 0.0609375
0 0.70625 0.80390625 0.13125 0.0875
0 0.484375 0.8921875 0.115625 0.134375
0 0.565625 0.3421875 0.078125 0.06875
0 0.21171875 0.5828125 0.071875 0.1734375
0 0.5953125 0.440625 0.0703125 0.1109375
0 0.37109375 0.8359375 0.0765625 0.1421875
0 0.3171875 0.3609375 0.05625 0.065625
0 0.2890625 0.24453125 0.0765625 0.1265625
0 0.56015625 0.60546875 0.0625 0.109375
0 0.5046875 0.79609375 0.0796875 0.1015625
0 0.196875 0.1171875 0.0578125 0.0875
0 0.2921875 0.25703125 0.0765625 0.09375
0 0.0640625 0.24765625 0.115625 0.1203125
0 0.6203125 0.75859375 0.0625 0.1046875
0 0.0640625 0.028125 0.084375 0.05625
0 0.65234375 0.634375 0.0515625 0.0921875
0 0.53828125 0.75390625 0.0578125 0.115625
0 0.609375 0.76015625 0.059375 0.1046875
0 0.3265625 0.9421875 0.05625 0.0625
0 0.0453125 0.4453125 0.040625 0.1234375