0 0.30078125 0.28046875 0.1453125 0.178125
0 0.14140625 0.33515625 0.25 0.1359375
0 0.43671875 0.30234375 0.1359375 0.165625
0 0.8890625 0.146875 0.221875 0.1265625
0 0.61875 0.90859375 0.3015625 0.1828125
0 0.36640625 0.48125 0.15625 0.1421875
0 0.2453125 0.45234375 0.1765625 0.1640625
0 0.771875 0.0609375 0.221875 0.11875
0 0.59375 0.25703125 0.23125 0.11875
0 0.08125 0.4546875 0.1265625 0.14375
1 0.2703125 0.68984375 0.24375 0.125
0 0.55 0.359375 0.1203125 0.1046875
0 0.89453125 0.66328125 0.2109375 0.1265625
0 0.83359375 0.57734375 0.1921875 0.09375
0 0.5484375 0.74453125 0.35 0.146875
0 0.88671875 0.2921875 0.2265625 0.1140625
0 0.55 0.51953125 0.15 0.1296875
0 0.5828125 0.62421875 0.225 0.09375
0 0.3765625 0.58203125 0.2 0.11875
0 0.89765625 0.85390625 0.203125 0.146875
0 0.9125 0.3859375 0.1703125 0.084375
0 0.8671875 0.4703125 0.1109375 0.121875
1 0.6109375 0.128125 0.2671875 0.1453125
0 0.8625 0.94609375 0.2484375 0.1078125
0 0.65078125 0.37578125 0.125 0.0890625
0 0.96484375 0.48671875 0.0703125 0.1140625
0 0.78359375 0.38046875 0.1046875 0.0796875
1 0.96484375 0.4875 0.0703125 0.1109375