0 0.44140625 0.471875 0.178125 0.1859375
0 0.86953125 0.6484375 0.11875 0.125
0 0.19140625 0.56640625 0.2515625 0.2375
0 0.64609375 0.89609375 0.1421875 0.1625
0 0.73125 0.31796875 0.2453125 0.2890625
0 0.13515625 0.40078125 0.0875 0.1125
0 0.8765625 0.2734375 0.075 0.128125
0 0.63671875 0.175 0.078125 0.10625
0 0.2625 0.296875 0.0765625 0.134375
0 0.79765625 0.50859375 0.1078125 0.0953125
0 0.9453125 0.421875 0.109375 0.096875
0 0.6703125 0.54375 0.1015625 0.2015625
0 0.015625 0.03828125 0.0296875 0.0734375
0 0.2625 0.8921875 0.203125 0.203125
0 0.29609375 0.03671875 0.0546875 0.0734375
0 0.7515625 0.73671875 0.165625 0.11875
0 0.97890625 0.16796875 0.0421875 0.0796875
0 0.50234375 0.2546875 0.096875 0.1
0 0.18359375 0.03046875 0.0671875 0.0609375
0 0.565625 0.64453125 0.075 0.190625
0 0.90546875 0.94140625 0.0953125 0.0484375
0 0.57109375 0.13359375 0.053125 0.0890625
0 0.96171875 0.54140625 0.0765625 0.1046875
0 0.940625 0.23203125 0.0796875 0.21875
0 0.02734375 0.27578125 0.0421875 0.0828125
0 0.94765625 0.87109375 0.1 0.0921875