0 0.83671875 0.446875 0.321875 0.1859375
0 0.3921875 0.27734375 0.2859375 0.2140625
0 0.61484375 0.225 0.18125 0.1421875
0 0.853125 0.28671875 0.2265625 0.1171875
0 0.9 0.8234375 0.19375 0.1640625
0 0.28125 0.64609375 0.365625 0.3296875
0 0.0625 0.2828125 0.125 0.090625
0 0.771875 0.77890625 0.20625 0.15
0 0.28984375 0.86875 0.128125 0.128125
0 0.25234375 0.40625 0.1453125 0.1609375
0 0.1203125 0.89609375 0.1265625 0.08125
0 0.8203125 0.9421875 0.1828125 0.1140625
0 0.61328125 0.821875 0.06875 0.0578125
0 0.56796875 0.046875 0.2171875 0.09375
0 0.028125 0.09609375 0.0546875 0.0578125
0 0.85703125 0.65703125 0.1125 0.046875
0 0.95234375 0.14375 0.09375 0.0640625
0 0.56328125 0.93203125 0.1640625 0.1078125