0 0.83203125 0.484375 0.275 0.29375
0 0.26953125 0.11328125 0.1890625 0.2171875
0 0.62890625 0.53359375 0.1421875 0.253125
0 0.41953125 0.6515625 0.1765625 0.2625
0 0.3734375 0.28203125 0.1734375 0.3109375
0 0.28515625 0.45234375 0.2078125 0.225
0 0.4203125 0.0703125 0.1625 0.140625
0 0.5734375 0.42578125 0.0921875 0.128125
0 0.13828125 0.5140625 0.13125 0.3390625
1 0.2484375 0.82734375 0.2609375 0.2796875
1 0.0546875 0.8125 0.109375 0.365625
0 0.73515625 0.275 0.1265625 0.24375
0 0.64375 0.25859375 0.06875 0.184375
1 0.74921875 0.12265625 0.0953125 0.1609375
0 0.26328125 0.28203125 0.075 0.15625
0 0.6609375 0.09453125 0.06875 0.10625
0 0.53671875 0.31796875 0.071875 0.15625
0 0.471875 0.309375 0.109375 0.3265625
1 0.58046875 0.02578125 0.1171875 0.0515625