0 0.93046875 0.6046875 0.1375 0.14375
0 0.575 0.58203125 0.1390625 0.1375
0 0.36484375 0.06640625 0.1671875 0.1078125
0 0.696875 0.8125 0.1609375 0.2078125
0 0.78359375 0.58515625 0.1265625 0.1671875
0 0.56171875 0.890625 0.134375 0.21875
0 0.68125 0.0828125 0.1890625 0.1140625
0 0.246875 0.45546875 0.1125 0.1328125
0 0.203125 0.25390625 0.1453125 0.2359375
0 0.91640625 0.09609375 0.1625 0.11875
0 0.621875 0.37734375 0.13125 0.1640625
0 0.1015625 0.70234375 0.0953125 0.178125
0 0.06484375 0.15703125 0.125 0.23125
0 0.79296875 0.17578125 0.1734375 0.1796875
0 0.50078125 0.64453125 0.1171875 0.178125
0 0.26640625 0.5890625 0.090625 0.165625
0 0.3984375 0.5671875 0.134375 0.1265625
0 0.11015625 0.43515625 0.1765625 0.2140625
0 0.9546875 0.85859375 0.090625 0.159375
0 0.15078125 0.0703125 0.0921875 0.09375
0 0.2078125 0.74375 0.065625 0.1
0 0.85625 0.9140625 0.0609375 0.121875
0 0.80546875 0.90390625 0.0609375 0.1296875
0 0.3390625 0.73046875 0.0671875 0.1203125
0 0.8234375 0.76484375 0.059375 0.09375
0 0.83359375 0.7640625 0.0625 0.0984375