0 0.475 0.6140625 0.1875 0.1921875
0 0.29296875 0.28828125 0.0953125 0.1859375
0 0.63046875 0.421875 0.1109375 0.1828125
0 0.3234375 0.68828125 0.1625 0.1921875
0 0.1546875 0.03671875 0.0640625 0.0609375
0 0.6046875 0.5984375 0.1390625 0.184375
0 0.43359375 0.40625 0.121875 0.15
0 0.1484375 0.77578125 0.115625 0.146875
0 0.94765625 0.640625 0.1046875 0.1421875
0 0.39296875 0.165625 0.0796875 0.1203125
0 0.0328125 0.04375 0.065625 0.0875
0 0.8640625 0.9453125 0.1671875 0.109375
0 0.0609375 0.34296875 0.0734375 0.1
0 0.83828125 0.48203125 0.13125 0.190625
0 0.74296875 0.51796875 0.0734375 0.1046875
0 0.04453125 0.41953125 0.0265625 0.1015625
0 0.1046875 0.4296875 0.0546875 0.09375
0 0.75625 0.63828125 0.0859375 0.1046875
0 0.465625 0.05546875 0.1125 0.06875
0 0.58828125 0.840625 0.1375 0.15625
0 0.92109375 0.75703125 0.1140625 0.1046875
0 0.70546875 0.28515625 0.1375 0.084375
0 0.96484375 0.9515625 0.0703125 0.096875
0 0.69453125 0.528125 0.06875 0.1109375
0 0.40234375 0.8703125 0.1171875 0.1703125
0 0.171875 0.64296875 0.065625 0.0765625
0 0.44921875 0.32734375 0.1890625 0.2953125
0 0.19375 0.5234375 0.0609375 0.103125