0 0.84296875 0.13203125 0.3140625 0.2640625
0 0.2234375 0.31640625 0.2328125 0.1890625
0 0.621875 0.121875 0.1453125 0.24375
0 0.73203125 0.334375 0.2015625 0.2046875
0 0.571875 0.38125 0.115625 0.2125
0 0.4609375 0.8390625 0.1953125 0.309375
0 0.49453125 0.51484375 0.1828125 0.1171875
0 0.378125 0.2359375 0.075 0.171875
0 0.28828125 0.7375 0.2359375 0.2734375
0 0.19140625 0.13359375 0.14375 0.2140625
0 0.55859375 0.6421875 0.2765625 0.1484375
0 0.49375 0.2046875 0.1171875 0.140625
0 0.29375 0.50859375 0.178125 0.103125
0 0.225 0.43828125 0.103125 0.096875
0 0.359375 0.415625 0.0859375 0.1625
0 0.11875 0.38984375 0.109375 0.1796875
0 0.28984375 0.20703125 0.0890625 0.096875
1 0.0625 0.2140625 0.125 0.1453125