0 0.2078125 0.75078125 0.11875 0.090625
0 0.66015625 0.03984375 0.1484375 0.0734375
0 0.67890625 0.6828125 0.3640625 0.1953125
0 0.0828125 0.321875 0.140625 0.10625
0 0.0765625 0.7203125 0.153125 0.1
0 0.45234375 0.43203125 0.165625 0.121875
0 0.1890625 0.8953125 0.1484375 0.196875
0 0.5546875 0.51328125 0.1140625 0.065625
0 0.4046875 0.28828125 0.1859375 0.05625
0 0.25703125 0.95390625 0.1765625 0.0890625
0 0.8109375 0.15234375 0.1 0.0328125
0 0.32109375 0.76171875 0.0578125 0.0765625
0 0.21875 0.259375 0.075 0.0859375
0 0.38515625 0.6984375 0.1484375 0.046875
0 0.36328125 0.09375 0.0578125 0.0671875
0 0.33203125 0.06328125 0.071875 0.0453125
0 0.20546875 0.03671875 0.0609375 0.0734375
0 0.97890625 0.4921875 0.0390625 0.1375
0 0.63828125 0.30390625 0.071875 0.053125
0 0.3828125 0.75 0.071875 0.05625
0 0.65859375 0.4953125 0.0796875 0.0515625
0 0.6484375 0.42109375 0.065625 0.0515625
0 0.68984375 0.56328125 0.09375 0.0640625
0 0.90859375 0.0171875 0.075 0.034375
0 0.375 0.85234375 0.0859375 0.0578125
0 0.10703125 0.1578125 0.2109375 0.11875
0 0.26875 0.04296875 0.0671875 0.075
0 0.77734375 0.3703125 0.1125 0.04375
0 0.2859375 0.18359375 0.0625 0.065625
0 0.69375 0.16328125 0.1125 0.0359375
0 0.20859375 0.50078125 0.0890625 0.0515625