1 0.16484375 0.13046875 0.3296875 0.2609375
0 0.66171875 0.87890625 0.290625 0.2421875
0 0.8046875 0.7078125 0.3328125 0.1984375
1 0.9125 0.3171875 0.1703125 0.1484375
0 0.46171875 0.73984375 0.3078125 0.2234375
0 0.55234375 0.378125 0.1953125 0.146875
0 0.73984375 0.26171875 0.275 0.3265625
0 0.53125 0.565625 0.18125 0.1265625
1 0.2359375 0.3796875 0.1953125 0.2421875
0 0.68671875 0.55859375 0.134375 0.1234375
0 0.73984375 0.46640625 0.1921875 0.1234375
1 0.51796875 0.19296875 0.21875 0.2359375
1 0.43359375 0.3953125 0.1453125 0.1953125
1 0.79921875 0.41328125 0.1234375 0.090625
1 0.37109375 0.36484375 0.0890625 0.1640625