0 0.9453125 0.84140625 0.109375 0.2359375
0 0.6671875 0.85546875 0.2421875 0.2390625
0 0.7328125 0.2296875 0.2390625 0.459375
0 0.3765625 0.725 0.20625 0.359375
0 0.17578125 0.89609375 0.184375 0.2
0 0.11328125 0.65703125 0.190625 0.20625
0 0.40078125 0.2140625 0.2203125 0.3203125
0 0.2484375 0.2046875 0.1296875 0.225
0 0.0875 0.415625 0.1640625 0.2859375
0 0.55625 0.39375 0.125 0.196875
0 0.909375 0.290625 0.071875 0.196875
0 0.06328125 0.7828125 0.103125 0.246875
0 0.92578125 0.03515625 0.1484375 0.0703125
0 0.8125 0.49296875 0.1125 0.1609375
0 0.74375 0.6484375 0.0875 0.1671875
0 0.49765625 0.57734375 0.11875 0.2171875
0 0.0625 0.21484375 0.1203125 0.1734375
0 0.9859375 0.42265625 0.028125 0.2453125
0 0.3921875 0.5046875 0.0765625 0.11875
0 0.25859375 0.503125 0.0875 0.1296875
0 0.09609375 0.1515625 0.1921875 0.303125
0 0.4609375 0.42578125 0.0765625 0.11875