0 0.31640625 0.8265625 0.21875 0.3234375
0 0.47109375 0.6328125 0.28125 0.153125
0 0.165625 0.61171875 0.2765625 0.2046875
0 0.82734375 0.2890625 0.2890625 0.1453125
1 0.5609375 0.0953125 0.1375 0.13125
0 0.6078125 0.1671875 0.1578125 0.1109375
1 0.54609375 0.75859375 0.2 0.18125
0 0.2765625 0.4234375 0.259375 0.1203125
0 0.565625 0.2875 0.240625 0.14375
1 0.1421875 0.26953125 0.1796875 0.084375
0 0.50625 0.37578125 0.15 0.0734375
0 0.265625 0.50390625 0.1703125 0.16875
1 0.40703125 0.2109375 0.2109375 0.125
1 0.12734375 0.73046875 0.140625 0.059375
0 0.5953125 0.4453125 0.0875 0.146875
1 0.39296875 0.51640625 0.084375 0.0515625
0 0.609375 0.45390625 0.115625 0.1578125