0 0.096875 0.125 0.19375 0.215625
0 0.27265625 0.15 0.165625 0.26875
0 0.35078125 0.29921875 0.1609375 0.1828125
0 0.85625 0.45546875 0.2390625 0.178125
0 0.6859375 0.36953125 0.1265625 0.175
0 0.21953125 0.74765625 0.1671875 0.1359375
0 0.2140625 0.45546875 0.1203125 0.2078125
0 0.553125 0.37265625 0.128125 0.1859375
0 0.709375 0.62421875 0.134375 0.2703125
0 0.103125 0.36484375 0.20625 0.2078125
0 0.25390625 0.909375 0.153125 0.18125
0 0.440625 0.36640625 0.103125 0.1078125
0 0.27734375 0.60703125 0.1453125 0.134375
0 0.43671875 0.67578125 0.159375 0.115625
0 0.559375 0.59453125 0.0875 0.1890625
0 0.33125 0.434375 0.121875 0.078125
0 0.37890625 0.8296875 0.1375 0.121875
0 0.3859375 0.5140625 0.0609375 0.09375
0 0.35078125 0.56640625 0.0609375 0.1046875
0 0.459375 0.4640625 0.1046875 0.0515625
1 0.40390625 0.75546875 0.0640625 0.0625
1 0.35 0.88515625 0.05 0.0609375