0 0.4171875 0.27265625 0.1796875 0.1703125
0 0.73359375 0.66640625 0.134375 0.115625
0 0.7203125 0.1078125 0.2015625 0.215625
0 0.84296875 0.5640625 0.165625 0.121875
0 0.075 0.7015625 0.15 0.234375
0 0.228125 0.87734375 0.134375 0.071875
0 0.4671875 0.05859375 0.165625 0.1171875
0 0.384375 0.93046875 0.0890625 0.1109375
0 0.965625 0.209375 0.065625 0.1
0 0.96171875 0.66484375 0.0703125 0.15
0 0.36171875 0.78359375 0.1234375 0.1546875
0 0.62734375 0.1859375 0.1828125 0.1484375
0 0.2546875 0.68359375 0.1390625 0.096875
0 0.71015625 0.59375 0.128125 0.075
0 0.55625 0.7984375 0.046875 0.1046875
0 0.18203125 0.2171875 0.14375 0.05625
0 0.6359375 0.8296875 0.078125 0.096875
0 0.75 0.48046875 0.13125 0.0828125
0 0.0609375 0.83359375 0.1125 0.0765625
0 0.8765625 0.83125 0.171875 0.109375
0 0.98359375 0.35 0.028125 0.0859375
0 0.959375 0.1 0.0796875 0.0625
0 0.4140625 0.51015625 0.1078125 0.0625
0 0.559375 0.01953125 0.1125 0.0390625
0 0.28359375 0.5671875 0.134375 0.0765625
0 0.4328125 0.01328125 0.1484375 0.0265625
0 0.26328125 0.01875 0.1015625 0.0375
0 0.07421875 0.50390625 0.146875 0.06875
0 0.53984375 0.5671875 0.06875 0.078125