0 0.22890625 0.13984375 0.2140625 0.2796875
0 0.853125 0.37890625 0.29375 0.2296875
0 0.6765625 0.21328125 0.209375 0.3578125
0 0.70234375 0.57890625 0.2 0.2953125
0 0.3953125 0.73671875 0.2625 0.159375
0 0.32109375 0.88671875 0.221875 0.1984375
0 0.51171875 0.590625 0.1484375 0.2703125
0 0.39765625 0.2765625 0.2171875 0.1265625
0 0.13828125 0.4671875 0.1453125 0.15
0 0.50234375 0.290625 0.1484375 0.2703125
0 0.16328125 0.61953125 0.209375 0.1796875
0 0.12578125 0.8078125 0.165625 0.1703125
1 0.08046875 0.17578125 0.159375 0.1796875
0 0.171875 0.33984375 0.2 0.128125
0 0.1609375 0.93359375 0.2 0.13125
0 0.37890625 0.38046875 0.128125 0.0671875
0 0.2421875 0.43359375 0.10625 0.1046875
0 0.078125 0.36796875 0.1171875 0.1953125