0 0.190625 0.6359375 0.38125 0.2
1 0.29453125 0.1484375 0.29375 0.2109375
1 0.5796875 0.77109375 0.4109375 0.2671875
1 0.26015625 0.8515625 0.31875 0.296875
0 0.50625 0.2546875 0.284375 0.1625
0 0.20703125 0.2953125 0.3140625 0.1578125
0 0.55859375 0.59765625 0.3109375 0.1421875
0 0.33046875 0.4078125 0.146875 0.096875
0 0.4828125 0.384375 0.1515625 0.078125
1 0.8640625 0.31484375 0.1765625 0.1609375
1 0.85703125 0.453125 0.2203125 0.140625
0 0.29375 0.5484375 0.23125 0.125
1 0.6453125 0.30859375 0.175 0.196875
1 0.68828125 0.53046875 0.18125 0.178125
1 0.49296875 0.48671875 0.1671875 0.1203125