1 0.36640625 0.153125 0.4140625 0.30625
0 0.72890625 0.2625 0.3453125 0.2625
0 0.2640625 0.73828125 0.403125 0.1796875
0 0.82578125 0.46796875 0.3484375 0.15625
0 0.8984375 0.75 0.203125 0.1703125
0 0.240625 0.90078125 0.378125 0.1984375
0 0.5375 0.88671875 0.2359375 0.20625
0 0.71875 0.9078125 0.1921875 0.184375
0 0.35625 0.41015625 0.465625 0.1984375
0 0.46953125 0.65546875 0.1671875 0.1609375
0 0.50390625 0.5265625 0.2265625 0.125
0 0.81171875 0.6234375 0.14375 0.14375
0 0.65859375 0.75703125 0.29375 0.1046875
0 0.95703125 0.653125 0.0859375 0.0625