0 0.28828125 0.64140625 0.2125 0.4078125
1 0.34609375 0.24453125 0.1875 0.3828125
1 0.16328125 0.3515625 0.2609375 0.3109375
0 0.61953125 0.54765625 0.1296875 0.24375
0 0.50859375 0.284375 0.140625 0.265625
0 0.6703125 0.81484375 0.1265625 0.321875
1 0.89453125 0.38515625 0.1328125 0.1546875
1 0.8421875 0.22421875 0.1203125 0.1125
1 0.93203125 0.19609375 0.13125 0.1640625
1 0.79609375 0.45859375 0.0921875 0.1453125
0 0.64765625 0.3515625 0.0671875 0.2359375
1 0.73515625 0.28203125 0.1046875 0.13125
1 0.51171875 0.6375 0.1859375 0.1875