0 0.4859375 0.8546875 0.2140625 0.290625
0 0.69375 0.440625 0.2390625 0.3015625
0 0.7265625 0.66796875 0.1578125 0.190625
0 0.6453125 0.89296875 0.134375 0.2140625
0 0.103125 0.90703125 0.18125 0.1859375
0 0.33203125 0.3046875 0.3609375 0.390625
0 0.7140625 0.10859375 0.1015625 0.13125
0 0.1578125 0.78984375 0.1671875 0.215625
0 0.10703125 0.3 0.1390625 0.1359375
0 0.57578125 0.29140625 0.1734375 0.1578125
0 0.09296875 0.1265625 0.0921875 0.13125
0 0.02734375 0.828125 0.0546875 0.1921875
0 0.12734375 0.628125 0.065625 0.071875
0 0.9078125 0.63203125 0.1078125 0.225
0 0.90546875 0.08515625 0.0640625 0.05625
0 0.27265625 0.88359375 0.05625 0.115625
0 0.78125 0.98125 0.0703125 0.0375
0 0.040625 0.5703125 0.08125 0.171875