0 0.696875 0.13359375 0.30625 0.234375
0 0.1578125 0.2203125 0.3140625 0.2984375
0 0.34765625 0.91328125 0.13125 0.1546875
0 0.0515625 0.92890625 0.1 0.11875
0 0.19609375 0.7640625 0.203125 0.1140625
1 0.53828125 0.60703125 0.2953125 0.3203125
0 0.884375 0.09296875 0.2296875 0.1796875
0 0.9109375 0.78984375 0.1109375 0.1171875
0 0.5765625 0.921875 0.0875 0.040625
0 0.63828125 0.8609375 0.1296875 0.090625
0 0.48984375 0.21796875 0.096875 0.0796875
0 0.97578125 0.6546875 0.0484375 0.075
0 0.48046875 0.95625 0.1140625 0.0828125
0 0.9765625 0.54609375 0.046875 0.0703125
0 0.83125 0.384375 0.1359375 0.16875
0 0.94609375 0.4171875 0.10625 0.1359375
0 0.54296875 0.38203125 0.153125 0.1140625
0 0.58671875 0.95703125 0.0578125 0.040625
0 0.31171875 0.12734375 0.3140625 0.2546875
0 0.22265625 0.4140625 0.165625 0.09375
0 0.5359375 0.84765625 0.05625 0.0859375