0 0.7125 0.83515625 0.1125 0.1703125
0 0.16171875 0.81875 0.11875 0.175
0 0.52265625 0.20625 0.15625 0.14375
0 0.7546875 0.5515625 0.159375 0.19375
0 0.21875 0.36875 0.0734375 0.1203125
0 0.25078125 0.48984375 0.0859375 0.121875
0 0.26328125 0.7375 0.1421875 0.1640625
0 0.7703125 0.7109375 0.175 0.1515625
0 0.77734375 0.0796875 0.13125 0.159375
0 0.44921875 0.71953125 0.0875 0.1859375
0 0.5765625 0.78046875 0.1078125 0.1546875
0 0.37109375 0.04453125 0.0609375 0.0890625
0 0.0609375 0.6921875 0.059375 0.1921875
0 0.615625 0.5171875 0.1203125 0.1875
0 0.7953125 0.18125 0.190625 0.1765625
0 0.38125 0.38125 0.0828125 0.109375
0 0.43828125 0.4890625 0.178125 0.1453125
0 0.10390625 0.1203125 0.1375 0.240625
0 0.23203125 0.61484375 0.0796875 0.1234375
0 0.83984375 0.440625 0.1765625 0.175
0 0.38046875 0.1265625 0.059375 0.096875
0 0.94921875 0.08125 0.1015625 0.1625
0 0.6609375 0.33671875 0.0984375 0.171875
0 0.01796875 0.58203125 0.0359375 0.178125
0 0.665625 0.92578125 0.09375 0.084375
0 0.3203125 0.60625 0.05625 0.1234375
0 0.05234375 0.290625 0.0578125 0.0953125
0 0.12109375 0.34375 0.0625 0.09375
0 0.49921875 0.82890625 0.075 0.1828125
0 0.2765625 0.96953125 0.0703125 0.03125
0 0.35390625 0.2515625 0.115625 0.10625
0 0.56328125 0.125 0.1046875 0.0984375
0 0.18125 0.0328125 0.128125 0.065625
0 0.93203125 0.43359375 0.08125 0.1859375
0 0.51953125 0.065625 0.0703125 0.06875
0 0.0890625 0.44921875 0.053125 0.1390625
0 0.8109375 0.91484375 0.25 0.1
0 0.1765625 0.95390625 0.1078125 0.0734375