0 0.53203125 0.1296875 0.240625 0.240625
0 0.65234375 0.471875 0.2265625 0.1453125
0 0.56171875 0.3046875 0.203125 0.1125
0 0.1890625 0.63203125 0.18125 0.15625
0 0.13359375 0.50625 0.1765625 0.1296875
1 0.790625 0.85390625 0.3359375 0.253125
0 0.35703125 0.22890625 0.1984375 0.0953125
1 0.7859375 0.609375 0.2328125 0.2125
0 0.471875 0.59921875 0.190625 0.171875
0 0.3359375 0.53125 0.2625 0.14375
0 0.46796875 0.35546875 0.109375 0.0765625
0 0.5234375 0.71171875 0.2546875 0.1109375
1 0.22109375 0.22578125 0.128125 0.0828125
0 0.33125 0.62734375 0.1296875 0.065625
0 0.33046875 0.309375 0.153125 0.053125
0 0.1953125 0.30234375 0.090625 0.05625
0 0.36484375 0.44453125 0.253125 0.078125