0 0.21875 0.484375 0.303125 0.19375
0 0.809375 0.45078125 0.3359375 0.1515625
0 0.58828125 0.55859375 0.2921875 0.153125
0 0.921875 0.08203125 0.15 0.15625
0 0.22421875 0.77421875 0.2515625 0.3046875
0 0.8765625 0.2984375 0.246875 0.1
0 0.628125 0.2453125 0.1609375 0.09375
0 0.4421875 0.41875 0.125 0.0796875
0 0.40703125 0.2609375 0.303125 0.2109375
0 0.053125 0.2796875 0.10625 0.0828125
0 0.2140625 0.3140625 0.25625 0.10625
0 0.03984375 0.121875 0.0796875 0.125
0 0.0453125 0.50390625 0.0890625 0.1296875
0 0.2953125 0.57734375 0.0984375 0.0578125
0 0.82109375 0.621875 0.1265625 0.0546875