0 0.76796875 0.11484375 0.2078125 0.2296875
0 0.653125 0.80625 0.1859375 0.184375
1 0.415625 0.5625 0.428125 0.4171875
0 0.6 0.25703125 0.2625 0.3828125
0 0.8296875 0.63359375 0.1203125 0.171875
0 0.9203125 0.8640625 0.159375 0.1609375
0 0.29765625 0.13515625 0.3953125 0.26875
0 0.95703125 0.415625 0.0859375 0.2515625
0 0.08125 0.71015625 0.1375 0.3265625
0 0.25234375 0.8578125 0.134375 0.2328125
0 0.89453125 0.3734375 0.0890625 0.1265625
0 0.7640625 0.903125 0.1671875 0.1109375
0 0.93671875 0.1328125 0.0953125 0.1453125
0 0.0578125 0.9171875 0.071875 0.0953125
0 0.78203125 0.565625 0.1421875 0.2109375
0 0.878125 0.24609375 0.065625 0.0796875
0 0.51796875 0.05703125 0.2703125 0.1140625