0 0.59921875 0.27421875 0.23125 0.1515625
1 0.83359375 0.6125 0.246875 0.178125
1 0.6484375 0.70546875 0.1375 0.240625
0 0.11171875 0.69140625 0.2234375 0.259375
0 0.21328125 0.48515625 0.2203125 0.2546875
1 0.26015625 0.8046875 0.153125 0.35625
1 0.4171875 0.70546875 0.1875 0.2328125
1 0.69140625 0.45625 0.1515625 0.1921875
0 0.4015625 0.2578125 0.2015625 0.1453125
0 0.42109375 0.3875 0.1453125 0.140625
1 0.521875 0.1078125 0.196875 0.215625
1 0.34453125 0.46015625 0.0921875 0.1890625
1 0.44140625 0.5609375 0.08125 0.1203125
1 0.5296875 0.646875 0.1265625 0.159375
1 0.40546875 0.10859375 0.1 0.1609375
1 0.353125 0.325 0.125 0.06875
1 0.54453125 0.41875 0.1125 0.153125