0 0.2 0.121875 0.3515625 0.24375
0 0.534375 0.140625 0.2890625 0.28125
0 0.25390625 0.39140625 0.2703125 0.3046875
0 0.421875 0.459375 0.1546875 0.2609375
0 0.5859375 0.30703125 0.2015625 0.1109375
0 0.8703125 0.3625 0.25 0.209375
0 0.5734375 0.58515625 0.1640625 0.1125
0 0.6828125 0.3765625 0.115625 0.13125
0 0.7375 0.5109375 0.1125 0.1375
1 0.596875 0.88046875 0.1296875 0.153125
1 0.771875 0.6171875 0.2046875 0.1203125
1 0.7234375 0.7546875 0.1890625 0.090625
1 0.5296875 0.74140625 0.171875 0.140625
1 0.85 0.2875 0.1515625 0.0765625
0 0.55390625 0.4921875 0.128125 0.165625