1 0.94609375 0.8875 0.1078125 0.225
0 0.36171875 0.32421875 0.20625 0.4
0 0.3765625 0.78046875 0.228125 0.415625
0 0.5625 0.78828125 0.2046875 0.378125
1 0.1828125 0.54453125 0.3125 0.2890625
0 0.73671875 0.19609375 0.2046875 0.29375
1 0.81015625 0.83984375 0.1796875 0.25625
0 0.92890625 0.63359375 0.1421875 0.2078125
0 0.8171875 0.40546875 0.1953125 0.140625
0 0.52890625 0.38125 0.1515625 0.3125
0 0.62890625 0.34609375 0.1984375 0.1453125
0 0.6890625 0.61875 0.1046875 0.2171875
0 0.8859375 0.3671875 0.1515625 0.13125
1 0.903125 0.5015625 0.16875 0.1015625
1 0.81953125 0.13125 0.1265625 0.2625