0 0.07109375 0.425 0.1421875 0.3625
0 0.57265625 0.78671875 0.190625 0.3171875
0 0.225 0.5703125 0.171875 0.3484375
0 0.14765625 0.9 0.1578125 0.184375
0 0.62734375 0.09921875 0.1359375 0.1984375
0 0.55546875 0.46875 0.1359375 0.184375
0 0.859375 0.0625 0.20625 0.125
0 0.453125 0.0328125 0.08125 0.065625
0 0.31015625 0.290625 0.1328125 0.2265625
0 0.84765625 0.5875 0.2546875 0.2453125
0 0.44296875 0.21171875 0.075 0.1546875
0 0.49375 0.85625 0.31875 0.234375
0 0.70078125 0.40234375 0.1796875 0.253125
0 0.553125 0.25703125 0.084375 0.1421875
0 0.14296875 0.66640625 0.075 0.1703125
0 0.70625 0.68046875 0.190625 0.1703125
0 0.009375 0.9671875 0.01875 0.065625
0 0.01875 0.71875 0.0375 0.1515625
0 0.3578125 0.00390625 0.1359375 0.0078125
0 0.20078125 0.271875 0.08125 0.1484375
0 0.32265625 0.540625 0.1125 0.2140625