0 0.36953125 0.81875 0.1765625 0.31875
0 0.27890625 0.521875 0.20625 0.3140625
0 0.14765625 0.76015625 0.2875 0.271875
0 0.46796875 0.69609375 0.090625 0.190625
1 0.83359375 0.7796875 0.1890625 0.2171875
1 0.68359375 0.11640625 0.1578125 0.2328125
0 0.665625 0.44921875 0.1015625 0.1953125
0 0.4375 0.51953125 0.0828125 0.165625
0 0.84140625 0.55625 0.3171875 0.2765625
0 0.74921875 0.3015625 0.196875 0.159375
0 0.6546875 0.68203125 0.1296875 0.2875
0 0.55234375 0.29296875 0.159375 0.1328125
0 0.58046875 0.6015625 0.0671875 0.134375