0 0.52734375 0.646875 0.23125 0.1453125
0 0.18125 0.28984375 0.3296875 0.1890625
0 0.73359375 0.5234375 0.190625 0.10625
0 0.78515625 0.66796875 0.253125 0.196875
0 0.39765625 0.1734375 0.140625 0.2671875
0 0.85625 0.425 0.2828125 0.1328125
0 0.565625 0.3 0.178125 0.1578125
0 0.8328125 0.32734375 0.1671875 0.1015625
0 0.353125 0.4296875 0.165625 0.21875
1 0.65859375 0.825 0.1671875 0.2875
0 0.6640625 0.30546875 0.1203125 0.13125
0 0.5640625 0.52890625 0.1234375 0.075
1 0.825 0.175 0.146875 0.1734375