1 0.9015625 0.39765625 0.196875 0.221875
1 0.62890625 0.89453125 0.14375 0.1625
1 0.8953125 0.13359375 0.209375 0.2671875
0 0.2109375 0.49453125 0.38125 0.2484375
0 0.44296875 0.3328125 0.146875 0.309375
0 0.61796875 0.7203125 0.1671875 0.303125
0 0.76171875 0.51640625 0.14375 0.203125
0 0.66015625 0.5359375 0.1390625 0.084375
1 0.48359375 0.7671875 0.1578125 0.15
0 0.54765625 0.53203125 0.1046875 0.0828125
1 0.721875 0.78125 0.153125 0.1375
1 0.453125 0.63828125 0.1453125 0.275
1 0.6796875 0.2390625 0.2140625 0.26875
0 0.5171875 0.45078125 0.0578125 0.10625