1 0.1671875 0.85234375 0.2953125 0.2515625
0 0.26953125 0.64140625 0.23125 0.2
0 0.8609375 0.3421875 0.25 0.1609375
0 0.85625 0.76328125 0.2203125 0.20625
0 0.60078125 0.33125 0.20625 0.1578125
1 0.7453125 0.1578125 0.1765625 0.275
0 0.5 0.75078125 0.1390625 0.159375
0 0.78359375 0.4921875 0.178125 0.128125
0 0.4125 0.5765625 0.1421875 0.196875
0 0.76796875 0.6171875 0.140625 0.159375
0 0.38671875 0.83671875 0.1546875 0.21875
1 0.58359375 0.8625 0.1609375 0.23125
0 0.6953125 0.78125 0.125 0.178125
0 0.559375 0.5109375 0.128125 0.190625
0 0.634375 0.70703125 0.0828125 0.096875