0 0.20078125 0.64609375 0.1875 0.165625
0 0.378125 0.2640625 0.1921875 0.1046875
0 0.1375 0.50859375 0.225 0.1359375
0 0.02578125 0.32265625 0.0515625 0.0984375
0 0.20078125 0.2625 0.2140625 0.1140625
0 0.38046875 0.1140625 0.0765625 0.06875
0 0.48125 0.1390625 0.0671875 0.078125
0 0.93125 0.5671875 0.0484375 0.0609375
0 0.45078125 0.328125 0.1015625 0.0671875
0 0.5078125 0.50234375 0.1453125 0.1625
0 0.915625 0.62421875 0.0703125 0.078125
0 0.8546875 0.52421875 0.0875 0.0640625
0 0.64765625 0.575 0.0671875 0.059375
0 0.590625 0.26875 0.0921875 0.0640625
0 0.20546875 0.003125 0.0984375 0.00625
0 0.37734375 0.0390625 0.0890625 0.078125
0 0.61796875 0.53828125 0.059375 0.08125
0 0.79609375 0.44921875 0.075 0.05625
0 0.8765625 0.0375 0.0734375 0.071875
0 0.3796875 0.4234375 0.1140625 0.065625
0 0.68671875 0.50546875 0.0734375 0.059375
0 0.509375 0.19921875 0.0703125 0.0625
0 0.31328125 0.19375 0.075 0.0625
0 0.803125 0.3859375 0.078125 0.059375
0 0.3609375 0.5203125 0.1046875 0.0765625
0 0.3890625 0.18515625 0.0578125 0.06875
0 0.57421875 0.36328125 0.0796875 0.0671875
0 0.81171875 0.49375 0.0765625 0.053125
0 0.0265625 0.19609375 0.053125 0.059375
0 0.56796875 0.14453125 0.06875 0.0625
0 0.89375 0.3140625 0.0796875 0.0734375
0 0.475 0.05 0.0796875 0.0640625