0 0.54140625 0.73359375 0.1578125 0.2109375
0 0.1796875 0.89609375 0.3046875 0.2078125
0 0.3953125 0.81796875 0.2171875 0.1390625
0 0.50078125 0.5453125 0.3109375 0.159375
0 0.65546875 0.94453125 0.1859375 0.1109375
0 0.153125 0.75703125 0.240625 0.115625
0 0.484375 0.35625 0.31875 0.225
0 0.2859375 0.1828125 0.3015625 0.3359375
0 0.49140625 0.91796875 0.16875 0.1640625
0 0.33203125 0.9625 0.1359375 0.075
0 0.69921875 0.72109375 0.225 0.2796875
1 0.828125 0.92109375 0.2171875 0.1578125
0 0.26640625 0.69296875 0.121875 0.121875
1 0.159375 0.36875 0.31875 0.159375
1 0.234375 0.55703125 0.225 0.1296875