0 0.19453125 0.26953125 0.340625 0.2765625
0 0.88515625 0.18046875 0.16875 0.2953125
0 0.35546875 0.52578125 0.221875 0.2828125
0 0.8734375 0.42421875 0.190625 0.203125
0 0.55546875 0.3390625 0.1296875 0.2015625
0 0.70078125 0.7203125 0.1296875 0.14375
0 0.4296875 0.2078125 0.153125 0.3203125
0 0.7203125 0.25703125 0.1703125 0.23125
0 0.77109375 0.5171875 0.090625 0.1328125
0 0.49453125 0.49140625 0.0734375 0.1140625
1 0.546875 0.83828125 0.1703125 0.29375
0 0.696875 0.5859375 0.165625 0.153125
1 0.80859375 0.696875 0.0875 0.1140625
1 0.91015625 0.334375 0.0359375 0.0609375
1 0.7140625 0.37265625 0.0609375 0.0703125
0 0.56875 0.49140625 0.1265625 0.059375