0 0.3046875 0.2875 0.1640625 0.23125
0 0.35546875 0.684375 0.125 0.275
0 0.5140625 0.271875 0.0796875 0.2046875
0 0.2265625 0.53203125 0.1203125 0.221875
0 0.07890625 0.66796875 0.1578125 0.21875
0 0.55390625 0.63203125 0.0828125 0.2
0 0.4890625 0.8140625 0.0625 0.15625
0 0.8109375 0.51875 0.0546875 0.0875
0 0.9359375 0.209375 0.0578125 0.1
0 0.01640625 0.96171875 0.0328125 0.0734375
0 0.95859375 0.51484375 0.05 0.134375
0 0.09453125 0.32890625 0.1734375 0.140625
0 0.61953125 0.0703125 0.065625 0.096875
0 0.4421875 0.3515625 0.0625 0.1234375
0 0.7765625 0.21953125 0.0578125 0.075
0 0.06953125 0.05546875 0.0875 0.1109375
0 0.7953125 0.67890625 0.05625 0.134375
0 0.63671875 0.37421875 0.0640625 0.1265625
0 0.90546875 0.50234375 0.04375 0.14375
0 0.2984375 0.98671875 0.053125 0.0265625
0 0.97109375 0.90078125 0.0203125 0.1984375
0 0.70859375 0.57265625 0.0546875 0.18125
0 0.42890625 0.44140625 0.053125 0.0734375
0 0.2 0.9328125 0.0734375 0.134375
0 0.634375 0.55625 0.0515625 0.1734375
0 0.8671875 0.94453125 0.053125 0.1109375
0 0.05703125 0.9609375 0.0953125 0.078125
0 0.6765625 0.76015625 0.0359375 0.0828125
0 0.8671875 0.16796875 0.0578125 0.1
0 0.97421875 0.24375 0.0421875 0.065625
0 0.89375 0.7015625 0.05625 0.103125