0 0.24296875 0.04140625 0.1046875 0.0828125
0 0.80078125 0.05859375 0.1078125 0.1171875
0 0.47109375 0.6375 0.15 0.140625
0 0.21640625 0.2828125 0.15 0.19375
0 0.76953125 0.4828125 0.0671875 0.1203125
0 0.72890625 0.36015625 0.0796875 0.121875
0 0.703125 0.10859375 0.1328125 0.159375
0 0.1921875 0.121875 0.16875 0.1484375
0 0.22265625 0.76484375 0.1203125 0.171875
0 0.515625 0.12109375 0.078125 0.1859375
0 0.62890625 0.92421875 0.0578125 0.103125
0 0.3828125 0.06640625 0.0984375 0.1328125
0 0.63515625 0.8265625 0.0546875 0.1296875
0 0.909375 0.1609375 0.0484375 0.1921875
0 0.359375 0.321875 0.1109375 0.1859375
0 0.19765625 0.65546875 0.1796875 0.175
0 0.6046875 0.465625 0.078125 0.1078125
0 0.53984375 0.3546875 0.1703125 0.140625
0 0.89921875 0.76015625 0.125 0.2859375
0 0.74140625 0.234375 0.0734375 0.1234375
0 0.1375 0.39296875 0.16875 0.171875
0 0.6203125 0.72265625 0.0546875 0.096875
0 0.04765625 0.77265625 0.0953125 0.2015625
0 0.32421875 0.50234375 0.0890625 0.1703125
0 0.97265625 0.2734375 0.05 0.1765625
0 0.34375 0.92890625 0.0515625 0.13125
0 0.6515625 0.23984375 0.05 0.1234375
0 0.94140625 0.5671875 0.0546875 0.0953125
0 0.86875 0.51015625 0.0578125 0.09375
0 0.45859375 0.05078125 0.0640625 0.1015625
0 0.63984375 0.59765625 0.1109375 0.1046875
0 0.43515625 0.71875 0.1015625 0.0953125
0 0.8265625 0.846875 0.1265625 0.1109375
0 0.03984375 0.396875 0.0796875 0.1859375
0 0.028125 0.96484375 0.05625 0.0703125
0 0.4828125 0.78046875 0.065625 0.0671875
0 0.8953125 0.40546875 0.0453125 0.1390625
0 0.00859375 0.7484375 0.0171875 0.228125