0 0.37421875 0.94296875 0.1609375 0.103125
0 0.059375 0.92578125 0.1140625 0.075
0 0.59140625 0.79375 0.075 0.078125
0 0.953125 0.91328125 0.09375 0.1203125
0 0.11171875 0.78125 0.1171875 0.046875
0 0.91171875 0.7890625 0.14375 0.0546875
0 0.57421875 0.6953125 0.1046875 0.0609375
0 0.5 0.48984375 0.1609375 0.0765625
0 0.421875 0.03125 0.1 0.0625
0 0.5046875 0.1765625 0.1171875 0.053125
0 0.1703125 0.30390625 0.103125 0.059375
0 0.86328125 0.19375 0.0765625 0.0578125
0 0.57734375 0.0578125 0.0796875 0.0578125
0 0.41796875 0.25 0.103125 0.078125
0 0.7140625 0.475 0.128125 0.0453125
0 0.07265625 0.25703125 0.1453125 0.0359375
0 0.64375 0.5421875 0.0453125 0.0640625
0 0.34765625 0.40703125 0.1109375 0.0421875
0 0.15859375 0.878125 0.0984375 0.065625
0 0.41875 0.3203125 0.103125 0.0421875
0 0.3109375 0.2859375 0.0921875 0.053125
0 0.11171875 0.046875 0.0375 0.0734375
0 0.62265625 0.11015625 0.040625 0.0796875
0 0.5953125 0.45859375 0.1046875 0.0390625
0 0.68828125 0.3109375 0.09375 0.0390625
0 0.2828125 0.06796875 0.0921875 0.05625
0 0.5421875 0.909375 0.1296875 0.0890625
0 0.6703125 0.94140625 0.1140625 0.1078125
0 0.32265625 0.56328125 0.1140625 0.05
0 0.83515625 0.06796875 0.10625 0.0359375
0 0.37734375 0.5734375 0.0828125 0.05625
0 0.07421875 0.046875 0.0390625 0.06875
0 0.04296875 0.39609375 0.0859375 0.215625
0 0.55 0.13203125 0.0859375 0.0421875
0 0.359375 0.72265625 0.0671875 0.053125
0 0.03828125 0.85078125 0.071875 0.0578125
0 0.15625 0.98515625 0.103125 0.0296875
0 0.271875 0.93984375 0.0609375 0.071875
0 0.509375 0.86328125 0.1125 0.04375
0 0.77734375 0.24921875 0.096875 0.0703125
0 0.30703125 0.72265625 0.046875 0.06875
0 0.934375 0.20625 0.0796875 0.05625
0 0.66640625 0.35703125 0.0625 0.04375
0 0.92734375 0.68359375 0.084375 0.0609375
0 0.01875 0.18359375 0.0375 0.0796875
0 0.78359375 0.21015625 0.1015625 0.046875
0 0.52578125 0.16171875 0.121875 0.05625
0 0.5296875 0.8796875 0.1296875 0.071875
0 0.4703125 0.97734375 0.1296875 0.04375
0 0.8140625 0.20625 0.1265625 0.0671875
0 0.328125 0.8546875 0.0765625 0.0453125
0 0.90234375 0.2 0.1140625 0.0578125