0 0.37109375 0.67890625 0.253125 0.1921875
0 0.81875 0.228125 0.196875 0.0640625
0 0.74921875 0.43984375 0.2546875 0.184375
0 0.68515625 0.8109375 0.21875 0.228125
0 0.29140625 0.546875 0.234375 0.271875
0 0.728125 0.08515625 0.2109375 0.0828125
0 0.671875 0.1921875 0.103125 0.065625
0 0.934375 0.28203125 0.11875 0.059375
0 0.1921875 0.3015625 0.2046875 0.0765625
0 0.378125 0.9109375 0.159375 0.090625
0 0.52421875 0.490625 0.1171875 0.096875
0 0.3984375 0.1609375 0.1796875 0.103125
0 0.62421875 0.52421875 0.16875 0.1515625
0 0.28984375 0.85703125 0.078125 0.0796875
0 0.10703125 0.49296875 0.2109375 0.1515625
0 0.15703125 0.85 0.090625 0.065625
0 0.92265625 0.4640625 0.096875 0.09375
0 0.53671875 0.0796875 0.125 0.0546875
0 0.7171875 0.3015625 0.0859375 0.05
0 0.93671875 0.65703125 0.1078125 0.0640625
0 0.44921875 0.3453125 0.1078125 0.09375
0 0.2671875 0.22734375 0.1890625 0.1390625
0 0.0578125 0.92421875 0.1125 0.0828125
0 0.62578125 0.91640625 0.0859375 0.065625
0 0.57578125 0.3453125 0.1375 0.0796875