0 0.63203125 0.7734375 0.1828125 0.2484375
0 0.59296875 0.35625 0.14375 0.2921875
0 0.4109375 0.7953125 0.090625 0.2171875
0 0.7234375 0.5140625 0.1359375 0.2375
0 0.890625 0.36640625 0.1875 0.2359375
0 0.38203125 0.41640625 0.09375 0.2140625
0 0.4578125 0.221875 0.071875 0.1671875
0 0.10703125 0.54140625 0.0609375 0.0953125
0 0.971875 0.046875 0.05625 0.09375
0 0.8546875 0.72421875 0.1890625 0.153125
0 0.29453125 0.97578125 0.0703125 0.034375
0 0.48984375 0.709375 0.0703125 0.1328125
0 0.13203125 0.85703125 0.0640625 0.0796875
0 0.1296875 0.371875 0.0640625 0.1421875
0 0.28515625 0.68984375 0.071875 0.1359375
0 0.01640625 0.56171875 0.0328125 0.153125
0 0.66640625 0.025 0.059375 0.05
0 0.2171875 0.4828125 0.0625 0.1921875
0 0.50625 0.61484375 0.0578125 0.0796875
0 0.7671875 0.08046875 0.0859375 0.1609375
0 0.29375 0.49765625 0.0609375 0.1859375
0 0.06484375 0.078125 0.0625 0.15
0 0.91953125 0.04921875 0.10625 0.0984375
0 0.25703125 0.284375 0.0421875 0.0890625
0 0.034375 0.91328125 0.065625 0.1078125
0 0.02890625 0.3515625 0.0578125 0.109375