0 0.85703125 0.3734375 0.2671875 0.2265625
0 0.69609375 0.21953125 0.15625 0.340625
0 0.19921875 0.43203125 0.203125 0.246875
0 0.72109375 0.5703125 0.1328125 0.3
0 0.434375 0.3109375 0.1796875 0.19375
0 0.30078125 0.5328125 0.1375 0.2546875
0 0.33046875 0.16640625 0.175 0.2890625
0 0.4328125 0.55859375 0.121875 0.0890625
0 0.56171875 0.54765625 0.1234375 0.09375
0 0.515625 0.72578125 0.1640625 0.29375
0 0.384375 0.75 0.125 0.115625
0 0.58515625 0.32421875 0.075 0.190625
1 0.12734375 0.1734375 0.2171875 0.23125
0 0.53515625 0.42578125 0.075 0.1109375