0 0.9390625 0.6125 0.115625 0.1703125
0 0.8125 0.640625 0.11875 0.184375
0 0.2765625 0.37578125 0.15625 0.3125
0 0.1296875 0.22265625 0.2140625 0.253125
0 0.18984375 0.73046875 0.1640625 0.3125
0 0.60859375 0.9 0.1578125 0.1296875
0 0.3703125 0.4640625 0.0890625 0.1625
0 0.36953125 0.95234375 0.140625 0.0953125
0 0.784375 0.19921875 0.1328125 0.184375
0 0.584375 0.5046875 0.10625 0.2328125
0 0.6734375 0.121875 0.1328125 0.1421875
0 0.41875 0.703125 0.25 0.2296875
0 0.68828125 0.60703125 0.1328125 0.21875
0 0.48203125 0.23046875 0.1140625 0.1109375
0 0.8703125 0.36171875 0.1125 0.178125
0 0.03046875 0.86328125 0.0609375 0.228125
0 0.06171875 0.54140625 0.121875 0.1328125
0 0.28203125 0.87265625 0.0875 0.15625
0 0.06875 0.75 0.134375 0.28125
0 0.3921875 0.2234375 0.096875 0.1109375