0 0.184375 0.41484375 0.1359375 0.1765625
0 0.71796875 0.3140625 0.171875 0.1359375
0 0.6671875 0.16328125 0.15 0.1765625
0 0.2109375 0.6328125 0.1390625 0.2671875
0 0.70859375 0.48125 0.16875 0.215625
0 0.43203125 0.2015625 0.1640625 0.1375
1 0.80390625 0.83984375 0.1703125 0.2640625
0 0.34296875 0.62578125 0.121875 0.215625
0 0.32109375 0.3640625 0.1265625 0.2515625
0 0.09375 0.5671875 0.15625 0.1953125
0 0.5734375 0.209375 0.1140625 0.16875
0 0.6328125 0.76875 0.165625 0.2484375
0 0.40625 0.42890625 0.059375 0.1015625
0 0.63828125 0.40234375 0.1140625 0.1359375
0 0.43125 0.31640625 0.14375 0.1296875
0 0.515625 0.32734375 0.1140625 0.06875
0 0.5453125 0.6265625 0.1734375 0.1265625
0 0.51171875 0.59140625 0.0828125 0.1984375
0 0.53359375 0.4578125 0.0859375 0.0515625
1 0.53671875 0.0703125 0.109375 0.11875
0 0.84609375 0.6234375 0.28125 0.165625