0 0.50234375 0.63828125 0.234375 0.1359375
0 0.5609375 0.7890625 0.1609375 0.178125
0 0.7234375 0.74296875 0.1484375 0.13125
0 0.71796875 0.50703125 0.1296875 0.203125
0 0.6921875 0.890625 0.15625 0.19375
0 0.79375 0.15625 0.1875 0.2875
0 0.90625 0.3140625 0.175 0.0875
0 0.60078125 0.3921875 0.1390625 0.1125
0 0.79609375 0.40390625 0.1171875 0.159375
0 0.31875 0.61171875 0.1390625 0.2546875
0 0.48359375 0.4671875 0.11875 0.0859375
1 0.3140625 0.33359375 0.1 0.2484375
0 0.728125 0.61796875 0.196875 0.1203125
1 0.1375 0.46484375 0.25 0.209375
1 0.44765625 0.31640625 0.1671875 0.2046875
0 0.61328125 0.4671875 0.0921875 0.040625