0 0.5734375 0.675 0.240625 0.115625
0 0.88203125 0.6984375 0.1578125 0.1234375
0 0.65078125 0.14296875 0.1984375 0.2359375
0 0.821875 0.403125 0.296875 0.115625
0 0.51796875 0.4078125 0.2578125 0.1203125
0 0.81328125 0.2375 0.2796875 0.178125
0 0.24375 0.88046875 0.21875 0.221875
0 0.44453125 0.8046875 0.2 0.2046875
0 0.321875 0.57265625 0.26875 0.171875
0 0.1921875 0.709375 0.3328125 0.125
0 0.48515625 0.28828125 0.315625 0.1421875
1 0.45546875 0.503125 0.078125 0.071875
1 0.73515625 0.67109375 0.1328125 0.05625
1 0.3453125 0.45546875 0.1265625 0.0609375
0 0.61640625 0.54453125 0.128125 0.084375
1 0.77578125 0.53515625 0.178125 0.1453125