0 0.44609375 0.20546875 0.3171875 0.3796875
0 0.45078125 0.8265625 0.184375 0.346875
0 0.3515625 0.37421875 0.1921875 0.3703125
0 0.146875 0.678125 0.29375 0.25625
0 0.6421875 0.5875 0.065625 0.1171875
0 0.7625 0.384375 0.0953125 0.1375
0 0.18203125 0.21640625 0.234375 0.2828125
0 0.79765625 0.49765625 0.0890625 0.1484375
0 0.85703125 0.11484375 0.184375 0.221875
0 0.86953125 0.67578125 0.1 0.296875
0 0.94296875 0.75703125 0.053125 0.165625
0 0.5734375 0.60234375 0.0890625 0.178125
0 0.665625 0.4 0.084375 0.2015625
0 0.0296875 0.11171875 0.059375 0.1984375
0 0.82265625 0.9484375 0.075 0.084375
0 0.6515625 0.81640625 0.153125 0.2640625