0 0.65859375 0.17734375 0.24375 0.3078125
0 0.1703125 0.64765625 0.315625 0.2171875
0 0.52890625 0.7375 0.2296875 0.2015625
0 0.46640625 0.31953125 0.2703125 0.1875
1 0.1484375 0.88046875 0.2625 0.2390625
0 0.78671875 0.53359375 0.1734375 0.1640625
0 0.4078125 0.8640625 0.2265625 0.2609375
0 0.73515625 0.3984375 0.24375 0.1484375
0 0.33046875 0.5203125 0.19375 0.26875
0 0.503125 0.45703125 0.1765625 0.090625
0 0.6875 0.62421875 0.1875 0.165625
1 0.890625 0.6484375 0.18125 0.15
1 0.76328125 0.73359375 0.121875 0.16875