0 0.22265625 0.48984375 0.109375 0.134375
0 0.42109375 0.27734375 0.096875 0.1953125
0 0.98671875 0.48828125 0.0265625 0.20625
0 0.87421875 0.6296875 0.065625 0.1375
0 0.60703125 0.109375 0.0859375 0.1515625
0 0.49921875 0.07421875 0.0953125 0.1015625
0 0.80546875 0.73359375 0.075 0.1765625
0 0.32109375 0.32421875 0.14375 0.209375
0 0.16015625 0.6375 0.16875 0.134375
0 0.04765625 0.46328125 0.04375 0.1765625
0 0.759375 0.68359375 0.125 0.134375
0 0.76875 0.07578125 0.0640625 0.075
0 0.69375 0.76953125 0.075 0.13125
0 0.47890625 0.1703125 0.078125 0.121875
0 0.41328125 0.7890625 0.1 0.11875
0 0.2171875 0.759375 0.0765625 0.1046875
0 0.58828125 0.71953125 0.0640625 0.121875
0 0.290625 0.57734375 0.0640625 0.1203125
0 0.3453125 0.49921875 0.0640625 0.09375
0 0.33203125 0.67421875 0.0515625 0.115625
0 0.7421875 0.13046875 0.05625 0.146875
0 0.83046875 0.48515625 0.0625 0.14375
0 0.96171875 0.29375 0.0765625 0.1828125
0 0.8765625 0.19921875 0.053125 0.1265625
0 0.575 0.821875 0.15 0.1828125
0 0.8640625 0.284375 0.05625 0.0921875
0 0.68046875 0.234375 0.0609375 0.1125
0 0.4375 0.44921875 0.0578125 0.096875
0 0.14453125 0.025 0.0734375 0.0375
0 0.6890625 0.42734375 0.0640625 0.071875
0 0.6109375 0.3609375 0.0625 0.096875
0 0.409375 0.53359375 0.0578125 0.159375
0 0.890625 0.39609375 0.0703125 0.065625
0 0.78203125 0.98984375 0.0578125 0.0203125
0 0.6359375 0.0609375 0.053125 0.0578125
0 0.821875 0.09296875 0.0625 0.103125
0 0.78984375 0.0828125 0.0859375 0.0875