0 0.91328125 0.4890625 0.171875 0.23125
0 0.1953125 0.60703125 0.275 0.2734375
0 0.934375 0.24921875 0.13125 0.2765625
0 0.6859375 0.32265625 0.1296875 0.171875
0 0.3875 0.71953125 0.13125 0.3265625
0 0.79921875 0.1953125 0.1296875 0.3234375
0 0.4640625 0.33046875 0.1921875 0.3375
0 0.7328125 0.859375 0.1296875 0.184375
0 0.8546875 0.72265625 0.1640625 0.1765625
0 0.29453125 0.384375 0.2046875 0.2875
0 0.7171875 0.46015625 0.13125 0.1625
0 0.51015625 0.6796875 0.140625 0.296875
0 0.77421875 0.5921875 0.103125 0.1640625
1 0.60234375 0.34140625 0.0671875 0.0859375
0 0.671875 0.7203125 0.1203125 0.1515625
0 0.86328125 0.921875 0.1640625 0.1546875
0 0.871875 0.8578125 0.1359375 0.10625
0 0.865625 0.84609375 0.1234375 0.0796875