0 0.215625 0.3875 0.228125 0.1546875
0 0.68515625 0.61484375 0.196875 0.190625
0 0.80625 0.81015625 0.3203125 0.2515625
0 0.12890625 0.63125 0.2 0.1515625
0 0.4625 0.29453125 0.21875 0.15625
0 0.5828125 0.81015625 0.1734375 0.221875
0 0.56171875 0.5265625 0.1703125 0.20625
0 0.4484375 0.725 0.146875 0.16875
1 0.296875 0.16484375 0.203125 0.2578125
0 0.4078125 0.446875 0.1328125 0.1984375
0 0.3015625 0.75390625 0.1515625 0.1703125
0 0.1296875 0.82421875 0.2171875 0.2671875
0 0.259375 0.5734375 0.0859375 0.121875
0 0.3390625 0.68046875 0.1203125 0.1015625
0 0.146875 0.540625 0.153125 0.0671875