0 0.109375 0.771875 0.096875 0.0765625
0 0.76015625 0.44140625 0.1109375 0.05625
0 0.4359375 0.74921875 0.0609375 0.0859375
0 0.96171875 0.5953125 0.06875 0.0640625
0 0.26796875 0.56328125 0.071875 0.0625
0 0.11171875 0.49921875 0.1390625 0.0546875
0 0.92890625 0.69296875 0.096875 0.065625
0 0.04296875 0.30390625 0.0859375 0.0546875
0 0.04296875 0.5859375 0.0859375 0.05
0 0.3 0.87890625 0.0828125 0.05625
0 0.03203125 0.72109375 0.0625 0.0765625
0 0.61015625 0.66484375 0.0625 0.071875
0 0.43125 0.396875 0.1171875 0.0703125
0 0.96328125 0.534375 0.0734375 0.0625
0 0.26875 0.7453125 0.0859375 0.0453125
0 0.67734375 0.8921875 0.0546875 0.0875
0 0.32890625 0.68984375 0.0578125 0.0671875
0 0.53203125 0.6140625 0.0640625 0.0578125
0 0.70390625 0.6359375 0.1140625 0.0453125
0 0.190625 0.9109375 0.05625 0.065625
0 0.34921875 0.35390625 0.1484375 0.0421875
0 0.196875 0.8015625 0.0703125 0.075
0 0.653125 0.41796875 0.0734375 0.046875
0 0.8421875 0.6140625 0.096875 0.0453125
0 0.765625 0.7328125 0.0671875 0.0671875
0 0.65859375 0.6953125 0.05 0.071875
0 0.11875 0.59921875 0.0984375 0.04375
0 0.85078125 0.66796875 0.09375 0.059375
0 0.028125 0.78984375 0.05625 0.05625
0 0.22890625 0.67578125 0.0953125 0.0484375
0 0.29296875 0.45390625 0.0859375 0.053125
0 0.53671875 0.35078125 0.1109375 0.0359375
0 0.65703125 0.81171875 0.0859375 0.05
0 0.38984375 0.56015625 0.084375 0.0703125
0 0.05234375 0.4109375 0.103125 0.0421875
0 0.7546875 0.83828125 0.08125 0.053125
0 0.9125 0.42578125 0.175 0.0484375
0 0.8390625 0.74296875 0.053125 0.0796875
0 0.35 0.5828125 0.0640625 0.05625
0 0.77734375 0.3546875 0.1078125 0.0390625
0 0.35078125 0.2921875 0.1328125 0.03125
0 0.16328125 0.62890625 0.0984375 0.0375
0 0.4765625 0.54921875 0.09375 0.04375
0 0.3609375 0.79921875 0.0578125 0.0578125
0 0.15703125 0.81796875 0.0515625 0.0609375
0 0.696875 0.428125 0.1671875 0.0625
0 0.01484375 0.2109375 0.0296875 0.090625
0 0.5796875 0.30078125 0.1109375 0.0296875
0 0.3796875 0.0234375 0.0703125 0.046875
0 0.24921875 0.93671875 0.03125 0.0796875