0 0.23046875 0.14140625 0.2171875 0.259375
0 0.4078125 0.27109375 0.234375 0.1515625
0 0.13359375 0.30390625 0.2671875 0.134375
0 0.81640625 0.80390625 0.178125 0.2453125
0 0.79140625 0.52421875 0.1734375 0.2515625
0 0.47734375 0.40078125 0.2875 0.128125
0 0.6171875 0.79765625 0.125 0.2203125
0 0.47578125 0.903125 0.2265625 0.1203125
0 0.190625 0.4953125 0.2390625 0.1234375
0 0.9 0.65078125 0.1515625 0.1421875
0 0.49921875 0.7828125 0.2390625 0.1046875
0 0.14296875 0.715625 0.153125 0.103125
0 0.21328125 0.8921875 0.2421875 0.115625
0 0.5515625 0.5328125 0.1921875 0.1265625
0 0.4078125 0.52578125 0.11875 0.10625
0 0.32109375 0.96484375 0.2109375 0.0703125
0 0.2765625 0.7203125 0.14375 0.1265625
1 0.14375 0.77265625 0.071875 0.065625
1 0.08515625 0.91796875 0.14375 0.1640625
1 0.26484375 0.58828125 0.1390625 0.04375
1 0.28203125 0.5875 0.1 0.04375