1 0.18828125 0.159375 0.3171875 0.24375
0 0.6625 0.84765625 0.265625 0.2515625
0 0.7921875 0.6546875 0.3046875 0.159375
1 0.8984375 0.28828125 0.1765625 0.1234375
0 0.47578125 0.709375 0.2828125 0.1828125
0 0.55546875 0.3703125 0.1796875 0.121875
0 0.7265625 0.24921875 0.2515625 0.2796875
0 0.53828125 0.54453125 0.165625 0.103125
1 0.26484375 0.3953125 0.1765625 0.209375
0 0.68125 0.5265625 0.121875 0.1046875
0 0.72890625 0.4375 0.1765625 0.1
1 0.521875 0.203125 0.2 0.2015625
1 0.44609375 0.3953125 0.1328125 0.16875
1 0.7828125 0.38359375 0.1140625 0.075
1 0.3890625 0.371875 0.0796875 0.14375