0 0.3125 0.5234375 0.165625 0.1359375
0 0.7484375 0.84609375 0.1453125 0.2015625
1 0.48671875 0.56484375 0.1984375 0.1171875
0 0.5640625 0.33046875 0.19375 0.125
0 0.1703125 0.7125 0.2859375 0.1453125
0 0.73203125 0.603125 0.1 0.0984375
0 0.60078125 0.6125 0.1734375 0.1
0 0.80390625 0.42734375 0.2578125 0.1703125
1 0.35546875 0.8453125 0.1640625 0.1890625
1 0.696875 0.11953125 0.1265625 0.196875
0 0.59296875 0.72734375 0.2265625 0.1375
1 0.825 0.17578125 0.125 0.128125
0 0.53203125 0.87890625 0.2265625 0.125
0 0.4578125 0.725 0.234375 0.146875
1 0.38046875 0.64765625 0.109375 0.09375
1 0.7859375 0.27734375 0.1203125 0.0734375
0 0.690625 0.21640625 0.084375 0.0828125
0 0.6546875 0.421875 0.05625 0.0796875