0 0.13828125 0.759375 0.1421875 0.0875
0 0.17421875 0.2859375 0.1453125 0.090625
0 0.684375 0.55859375 0.1171875 0.1265625
0 0.37890625 0.77890625 0.1609375 0.1265625
0 0.55703125 0.3078125 0.1 0.05625
0 0.45234375 0.34296875 0.103125 0.065625
0 0.2390625 0.36796875 0.134375 0.1125
0 0.2421875 0.80078125 0.1234375 0.1421875
0 0.78828125 0.76875 0.1453125 0.1015625
0 0.246875 0.52734375 0.15625 0.065625
0 0.92890625 0.42265625 0.0859375 0.0484375
0 0.18984375 0.63984375 0.128125 0.0828125
0 0.84609375 0.41875 0.1078125 0.046875
0 0.2859375 0.1921875 0.1625 0.0390625
0 0.4140625 0.65703125 0.15625 0.0921875
0 0.6953125 0.79140625 0.1453125 0.153125
0 0.53984375 0.4484375 0.0921875 0.065625
0 0.4453125 0.50390625 0.1171875 0.14375
0 0.79375 0.1953125 0.240625 0.103125
0 0.34609375 0.33359375 0.103125 0.0609375
0 0.47109375 0.8453125 0.14375 0.1421875
0 0.7546875 0.03203125 0.14375 0.059375
0 0.7578125 0.43203125 0.08125 0.0453125
0 0.7921875 0.91875 0.1703125 0.0828125
0 0.5671875 0.68515625 0.14375 0.075
0 0.303125 0.0296875 0.2 0.0484375
0 0.3828125 0.13203125 0.15 0.053125
0 0.04765625 0.725 0.0953125 0.075
0 0.93203125 0.66484375 0.115625 0.04375
0 0.34921875 0.41015625 0.103125 0.0421875
0 0.63125 0.1609375 0.0796875 0.04375
0 0.58203125 0.22265625 0.078125 0.0484375
0 0.15234375 0.57578125 0.153125 0.0546875
0 0.02578125 0.39375 0.0515625 0.059375
0 0.65234375 0.4171875 0.0875 0.0921875
0 0.75234375 0.5890625 0.0796875 0.0828125
0 0.8671875 0.25625 0.0921875 0.10625
0 0.47265625 0.9390625 0.15625 0.0890625
0 0.96015625 0.93828125 0.06875 0.059375
0 0.8046875 0.54765625 0.05625 0.05625
0 0.384375 0.06015625 0.1296875 0.0453125
0 0.49296875 0.20234375 0.11875 0.0375
0 0.05234375 0.8703125 0.1046875 0.25
0 0.04296875 0.30703125 0.0859375 0.0890625
0 0.77109375 0.97109375 0.1921875 0.0546875
0 0.98046875 0.06171875 0.0359375 0.1234375