0 0.4828125 0.09375 0.090625 0.1625
0 0.91484375 0.759375 0.1140625 0.1515625
0 0.88828125 0.36484375 0.13125 0.1109375
0 0.72578125 0.37890625 0.1203125 0.2171875
0 0.45859375 0.61796875 0.09375 0.1609375
0 0.58984375 0.36484375 0.0703125 0.171875
0 0.88359375 0.196875 0.096875 0.1421875
0 0.65078125 0.70859375 0.0921875 0.215625
0 0.03046875 0.36875 0.0609375 0.05625
0 0.72890625 0.7625 0.0953125 0.184375
0 0.40703125 0.1625 0.06875 0.15625
0 0.7703125 0.52265625 0.084375 0.1765625
0 0.2171875 0.28203125 0.071875 0.096875
0 0.92265625 0.6484375 0.0984375 0.09375
0 0.41484375 0.73046875 0.0640625 0.1171875
0 0.23828125 0.44765625 0.06875 0.0984375
0 0.03515625 0.16015625 0.04375 0.0984375
0 0.1828125 0.7234375 0.0578125 0.0984375
0 0.8109375 0.83515625 0.078125 0.0890625
0 0.56875 0.59375 0.06875 0.153125
0 0.15 0.0703125 0.0640625 0.0671875
0 0.94375 0.30234375 0.0671875 0.1015625
0 0.22890625 0.03125 0.053125 0.0546875
0 0.071875 0.3328125 0.0640625 0.0953125
0 0.08125 0.5390625 0.0578125 0.0515625
0 0.0484375 0.27578125 0.0625 0.1046875
0 0.18046875 0.6203125 0.05625 0.0609375
0 0.83671875 0.66328125 0.0625 0.075
0 0.02578125 0.5640625 0.0515625 0.0484375
0 0.13125 0.23828125 0.06875 0.1
0 0.07734375 0.62578125 0.06875 0.0578125
0 0.73828125 0.615625 0.05625 0.06875
0 0.1015625 0.796875 0.059375 0.0609375
0 0.27890625 0.3734375 0.04375 0.0953125
0 0.2453125 0.3828125 0.034375 0.0921875
0 0.55625 0.5953125 0.059375 0.1421875
0 0.1296875 0.37421875 0.053125 0.165625
0 0.2734375 0.37265625 0.046875 0.0828125
0 0.0109375 0.640625 0.021875 0.10625