0 0.6421875 0.46640625 0.240625 0.2890625
0 0.60625 0.74375 0.3609375 0.3203125
0 0.0890625 0.1328125 0.125 0.171875
0 0.09375 0.340625 0.1296875 0.15625
0 0.3109375 0.503125 0.128125 0.1578125
0 0.27109375 0.9515625 0.16875 0.096875
0 0.209375 0.190625 0.096875 0.1546875
0 0.2734375 0.11171875 0.06875 0.165625
0 0.42265625 0.40625 0.06875 0.1296875
0 0.47890625 0.41015625 0.0640625 0.1265625
0 0.81015625 0.6421875 0.075 0.09375
0 0.7125 0.31484375 0.0671875 0.125
0 0.94453125 0.640625 0.0859375 0.134375
0 0.48515625 0.12109375 0.0625 0.10625
0 0.8390625 0.22109375 0.1078125 0.078125
0 0.6765625 0.12109375 0.065625 0.13125
0 0.38046875 0.1203125 0.0578125 0.1109375
0 0.13984375 0.95625 0.0796875 0.0875
0 0.7484375 0.70703125 0.0796875 0.1109375
0 0.41875 0.1390625 0.0578125 0.109375
0 0.75390625 0.25859375 0.0640625 0.0890625
0 0.58359375 0.2015625 0.046875 0.0796875
0 0.49296875 0.89921875 0.090625 0.171875
0 0.45078125 0.246875 0.090625 0.0703125