0 0.859375 0.4046875 0.28125 0.2640625
0 0.61796875 0.4265625 0.18125 0.140625
0 0.765625 0.690625 0.1828125 0.165625
0 0.321875 0.69375 0.234375 0.153125
0 0.54921875 0.596875 0.2921875 0.2515625
0 0.17890625 0.44921875 0.24375 0.1421875
0 0.6140625 0.15859375 0.446875 0.29375
0 0.29921875 0.296875 0.146875 0.1375
0 0.95859375 0.815625 0.0828125 0.125
0 0.1078125 0.62890625 0.1109375 0.0734375
0 0.24375 0.14765625 0.153125 0.103125
0 0.17578125 0.09140625 0.2015625 0.0765625
0 0.5515625 0.81640625 0.05 0.075
0 0.9078125 0.72109375 0.1375 0.15625
0 0.13515625 0.8109375 0.134375 0.08125
0 0.1015625 0.728125 0.0828125 0.0984375
0 0.93984375 0.109375 0.1203125 0.1640625