0 0.471875 0.565625 0.203125 0.1609375
0 0.7125 0.7578125 0.184375 0.2609375
0 0.87265625 0.5828125 0.2359375 0.1234375
0 0.3140625 0.290625 0.1578125 0.1078125
0 0.5359375 0.70078125 0.121875 0.1140625
0 0.621875 0.54296875 0.2328125 0.1171875
0 0.6328125 0.359375 0.2921875 0.109375
0 0.13359375 0.61640625 0.171875 0.096875
0 0.5984375 0.89375 0.14375 0.0765625
0 0.11796875 0.45234375 0.1640625 0.1140625
0 0.33671875 0.6328125 0.1453125 0.1046875
0 0.746875 0.440625 0.13125 0.0765625
0 0.17109375 0.5328125 0.1921875 0.071875
0 0.490625 0.44296875 0.1546875 0.090625
0 0.128125 0.05546875 0.1125 0.065625
0 0.20703125 0.7625 0.1171875 0.146875
0 0.91015625 0.346875 0.134375 0.071875
0 0.81796875 0.8390625 0.1125 0.075
0 0.121875 0.165625 0.078125 0.0578125
0 0.82421875 0.49609375 0.109375 0.0625
0 0.5765625 0.02578125 0.1296875 0.0515625
0 0.4078125 0.66796875 0.0859375 0.0734375
0 0.52734375 0.06171875 0.0609375 0.053125
0 0.94765625 0.46953125 0.103125 0.1921875
0 0.3625 0.1546875 0.115625 0.1296875
0 0.8890625 0.15390625 0.103125 0.0703125
0 0.53671875 0.14921875 0.0671875 0.071875
0 0.41640625 0.03203125 0.0625 0.0546875
0 0.3203125 0.5515625 0.090625 0.0625
0 0.25859375 0.45390625 0.1875 0.0765625
0 0.3734375 0.92421875 0.09375 0.08125
0 0.30546875 0.43125 0.115625 0.059375
0 0.74140625 0.92421875 0.1609375 0.05
0 0.83046875 0.23515625 0.0734375 0.059375
0 0.2765625 0.01875 0.1125 0.0375
0 0.2546875 0.39296875 0.1 0.0484375
0 0.9328125 0.0234375 0.1125 0.046875
0 0.0921875 0.7671875 0.065625 0.1296875
0 0.7234375 0.38125 0.0984375 0.0625
0 0.4640625 0.27734375 0.1015625 0.065625
0 0.98203125 0.68671875 0.0359375 0.1125
0 0.0453125 0.24375 0.0515625 0.0734375
0 0.26484375 0.39765625 0.09375 0.040625
0 0.50859375 0.01015625 0.1140625 0.0203125