0 0.23359375 0.66328125 0.221875 0.1921875
0 0.08828125 0.14609375 0.1765625 0.1421875
0 0.103125 0.56875 0.2 0.2078125
0 0.14921875 0.34609375 0.2015625 0.1203125
0 0.56875 0.4578125 0.2078125 0.2046875
0 0.49609375 0.70703125 0.2359375 0.1828125
0 0.6296875 0.5953125 0.196875 0.0734375
0 0.66171875 0.16015625 0.3203125 0.2046875
0 0.2890625 0.25625 0.146875 0.2171875
0 0.03046875 0.2078125 0.0609375 0.103125
0 0.03515625 0.415625 0.0703125 0.2875
1 0.73828125 0.40390625 0.2796875 0.2421875
0 0.0625 0.77421875 0.1234375 0.18125
0 0.42578125 0.09609375 0.1859375 0.1921875
0 0.29765625 0.45234375 0.159375 0.05625