0 0.39296875 0.8546875 0.2921875 0.26875
0 0.21796875 0.4625 0.2859375 0.2375
0 0.5265625 0.284375 0.3140625 0.2375
1 0.3640625 0.15390625 0.215625 0.29375
0 0.75078125 0.4609375 0.2265625 0.159375
0 0.321875 0.67109375 0.278125 0.15
1 0.7984375 0.61484375 0.2984375 0.159375
0 0.54453125 0.4171875 0.128125 0.221875
0 0.5703125 0.7046875 0.25625 0.103125
0 0.5125 0.59765625 0.115625 0.06875
1 0.14140625 0.171875 0.2828125 0.34375
1 0.634375 0.6109375 0.1234375 0.0953125
0 0.40859375 0.58515625 0.128125 0.078125
1 0.60625 0.47265625 0.0984375 0.128125