0 0.1796875 0.621875 0.284375 0.190625
0 0.890625 0.69453125 0.21875 0.121875
0 0.47734375 0.4421875 0.1171875 0.2375
0 0.37109375 0.75625 0.171875 0.2796875
1 0.68359375 0.35859375 0.0921875 0.075
0 0.30078125 0.44296875 0.2078125 0.2859375
0 0.54453125 0.70625 0.153125 0.2671875
0 0.88203125 0.884375 0.1953125 0.23125
1 0.696875 0.2671875 0.11875 0.115625
0 0.66484375 0.66640625 0.159375 0.090625
0 0.6421875 0.4296875 0.1203125 0.2078125
0 0.703125 0.8171875 0.203125 0.221875
1 0.81796875 0.35625 0.0984375 0.1046875
0 0.8515625 0.43515625 0.1859375 0.115625
1 0.78359375 0.12734375 0.2359375 0.246875
1 0.90546875 0.52421875 0.090625 0.071875