0 0.146875 0.34765625 0.29375 0.2984375
0 0.2671875 0.546875 0.2609375 0.315625
0 0.7546875 0.83671875 0.2109375 0.25
0 0.759375 0.2984375 0.265625 0.24375
0 0.815625 0.6328125 0.275 0.2171875
0 0.34375 0.1828125 0.2203125 0.365625
0 0.58984375 0.79140625 0.2203125 0.334375
0 0.51015625 0.3328125 0.153125 0.1984375
0 0.4484375 0.56015625 0.15 0.25625
0 0.66796875 0.48828125 0.11875 0.15625
0 0.59453125 0.33984375 0.103125 0.1453125
0 0.66640625 0.18359375 0.0859375 0.1421875
0 0.396875 0.303125 0.10625 0.1671875
1 0.7640625 0.15546875 0.096875 0.1390625
1 0.41484375 0.721875 0.140625 0.1546875