0 0.546875 0.31484375 0.203125 0.1953125
0 0.80078125 0.6984375 0.1671875 0.1453125
0 0.178125 0.80859375 0.1578125 0.121875
0 0.13203125 0.5875 0.121875 0.09375
0 0.740625 0.453125 0.25625 0.1421875
0 0.43046875 0.81171875 0.178125 0.153125
0 0.28671875 0.61640625 0.340625 0.225
0 0.38671875 0.3265625 0.146875 0.15
0 0.1078125 0.22109375 0.19375 0.1328125
0 0.21875 0.07890625 0.1703125 0.084375
0 0.60390625 0.8328125 0.15625 0.15625
0 0.74609375 0.19296875 0.171875 0.075
0 0.475 0.46484375 0.109375 0.0671875
0 0.325 0.47109375 0.19375 0.1453125
0 0.04375 0.0609375 0.0875 0.078125
0 0.034375 0.18359375 0.06875 0.1671875
0 0.690625 0.33125 0.1328125 0.1078125
0 0.5375 0.028125 0.0859375 0.05625
0 0.92421875 0.840625 0.1484375 0.103125
0 0.03984375 0.4640625 0.0515625 0.065625
0 0.0296875 0.5890625 0.059375 0.096875
0 0.98125 0.13984375 0.0375 0.184375
0 0.9296875 0.446875 0.1390625 0.121875
0 0.95390625 0.94921875 0.0921875 0.1015625
0 0.95625 0.40859375 0.0875 0.196875
0 0.95390625 0.97265625 0.0921875 0.0546875
0 0.93046875 0.42109375 0.1390625 0.171875