0 0.84765625 0.46796875 0.290625 0.2265625
0 0.671875 0.3234375 0.1796875 0.3453125
0 0.18125 0.453125 0.209375 0.2140625
1 0.1671875 0.159375 0.284375 0.26875
0 0.40703125 0.303125 0.1890625 0.2125
0 0.7140625 0.6625 0.2046875 0.2734375
0 0.38515625 0.48828125 0.140625 0.121875
0 0.26796875 0.6203125 0.190625 0.1875
0 0.44453125 0.63984375 0.096875 0.0734375
0 0.53359375 0.4296875 0.1140625 0.2109375
0 0.54453125 0.62578125 0.1109375 0.1890625
0 0.27265625 0.84765625 0.1921875 0.25
0 0.36171875 0.5625 0.08125 0.121875
0 0.41796875 0.77265625 0.1515625 0.2078125
1 0.515625 0.84375 0.1125 0.246875