0 0.71484375 0.38359375 0.146875 0.084375
0 0.6734375 0.8734375 0.14375 0.215625
0 0.17265625 0.32421875 0.30625 0.2140625
0 0.3625 0.18203125 0.125 0.3125
0 0.7125 0.21171875 0.1953125 0.2390625
1 0.9171875 0.246875 0.1390625 0.134375
0 0.5703125 0.60078125 0.1609375 0.10625
0 0.7515625 0.71328125 0.1671875 0.1296875
0 0.54296875 0.74296875 0.21875 0.1234375
0 0.57578125 0.34296875 0.121875 0.0765625
0 0.3265625 0.5203125 0.165625 0.2890625
0 0.50078125 0.309375 0.1078125 0.1515625
0 0.71796875 0.5578125 0.121875 0.1546875
0 0.48046875 0.459375 0.08125 0.1296875
0 0.60859375 0.47890625 0.1203125 0.0921875