0 0.09453125 0.81015625 0.0984375 0.0765625
0 0.4484375 0.40703125 0.13125 0.0921875
0 0.9125 0.66875 0.096875 0.0515625
0 0.4578125 0.80234375 0.0703125 0.090625
0 0.828125 0.80234375 0.075 0.075
0 0.26875 0.58125 0.071875 0.065625
0 0.271875 0.7859375 0.084375 0.0421875
0 0.81484375 0.4734375 0.128125 0.0609375
0 0.14375 0.86640625 0.046875 0.05625
0 0.50390625 0.5828125 0.0953125 0.05
0 0.36328125 0.61015625 0.0734375 0.065625
0 0.73359375 0.9625 0.0625 0.075
0 0.1953125 0.846875 0.071875 0.065625
0 0.65546875 0.7171875 0.071875 0.0796875
0 0.69375 0.44140625 0.0828125 0.05
0 0.403125 0.578125 0.0953125 0.0796875
0 0.184375 0.96640625 0.071875 0.0671875
0 0.92421875 0.7328125 0.0875 0.0734375
0 0.10390625 0.50234375 0.1375 0.0625
0 0.33984375 0.72890625 0.059375 0.0703125
0 0.10390625 0.6125 0.09375 0.0484375
0 0.709375 0.88203125 0.096875 0.053125
0 0.30703125 0.940625 0.090625 0.0625
0 0.0359375 0.5984375 0.05625 0.0515625
0 0.70625 0.75390625 0.0625 0.0796875
0 0.37578125 0.85234375 0.0703125 0.0640625
0 0.82421875 0.91796875 0.09375 0.06875
0 0.23125 0.71328125 0.0984375 0.046875
0 0.91015625 0.81015625 0.053125 0.075
0 0.5640625 0.6546875 0.0671875 0.06875
0 0.7609375 0.68984375 0.1125 0.046875
0 0.36953125 0.3546875 0.153125 0.0421875
0 0.978125 0.771875 0.04375 0.08125
0 0.94140625 0.45546875 0.1171875 0.0546875
0 0.02578125 0.28125 0.0484375 0.0625
0 0.15234375 0.65 0.0984375 0.0390625
0 0.021875 0.7296875 0.0265625 0.0578125
0 0.35859375 0.28828125 0.1359375 0.0375
0 0.565625 0.92734375 0.0453125 0.0796875
0 0.5609375 0.36484375 0.13125 0.0453125
0 0.834375 0.3796875 0.128125 0.04375
0 0.29609375 0.46328125 0.10625 0.0578125
0 0.61015625 0.30625 0.1171875 0.0359375
0 0.61796875 0.61640625 0.09375 0.0484375
0 0.9421875 0.6234375 0.0765625 0.0515625
0 0.0421875 0.39296875 0.0765625 0.034375
0 0.059375 0.70859375 0.046875 0.0625
0 0.86953125 0.8359375 0.071875 0.0453125