0 0.571875 0.08984375 0.340625 0.178125
0 0.18515625 0.62109375 0.2953125 0.171875
0 0.41875 0.27421875 0.328125 0.15
0 0.09375 0.2125 0.1875 0.146875
0 0.85 0.64375 0.1859375 0.121875
0 0.4953125 0.58984375 0.16875 0.125
0 0.90703125 0.865625 0.1796875 0.1921875
0 0.9484375 0.47109375 0.103125 0.075
0 0.68515625 0.34375 0.2109375 0.11875
0 0.36015625 0.88125 0.221875 0.2375
0 0.14375 0.03125 0.1953125 0.059375
0 0.753125 0.4703125 0.1453125 0.065625
0 0.11328125 0.54765625 0.225 0.3015625
0 0.55 0.72890625 0.234375 0.1640625
0 0.70078125 0.57890625 0.134375 0.075
0 0.33125 0.1984375 0.1609375 0.065625
0 0.2796875 0.746875 0.153125 0.178125
0 0.03984375 0.0453125 0.0796875 0.090625
0 0.28984375 0.046875 0.1421875 0.09375
0 0.98046875 0.37734375 0.0390625 0.1296875
0 0.7109375 0.23671875 0.140625 0.071875
0 0.4421875 0.36796875 0.2015625 0.1