0 0.88515625 0.7125 0.1234375 0.0828125
0 0.23203125 0.390625 0.1375 0.10625
0 0.278125 0.2640625 0.15625 0.140625
0 0.68671875 0.0375 0.1671875 0.0671875
0 0.40546875 0.0390625 0.1265625 0.078125
0 0.77109375 0.465625 0.1171875 0.0703125
0 0.47734375 0.64296875 0.1953125 0.08125
0 0.54296875 0.85625 0.20625 0.125
0 0.81171875 0.825 0.128125 0.084375
0 0.21328125 0.034375 0.090625 0.06875
0 0.7296875 0.709375 0.1046875 0.1265625
0 0.115625 0.440625 0.1546875 0.053125
0 0.6359375 0.93671875 0.1546875 0.078125
0 0.60546875 0.75625 0.1234375 0.075
0 0.134375 0.8 0.065625 0.096875
0 0.36875 0.75 0.0609375 0.09375
0 0.39375 0.95625 0.1828125 0.0609375
0 0.37265625 0.2140625 0.0703125 0.078125
0 0.96640625 0.43203125 0.0671875 0.0984375
0 0.4609375 0.23671875 0.08125 0.0984375
0 0.509375 0.01640625 0.0890625 0.0328125
0 0.25625 0.00703125 0.096875 0.0140625
0 0.725 0.5546875 0.1140625 0.0765625
0 0.109375 0.0671875 0.0640625 0.078125
0 0.8421875 0.5828125 0.0859375 0.0828125
0 0.4609375 0.30234375 0.146875 0.096875
0 0.20546875 0.78671875 0.078125 0.0890625
0 0.03671875 0.53046875 0.04375 0.0453125
0 0.40859375 0.89375 0.1234375 0.0703125
0 0.93359375 0.9265625 0.103125 0.0671875