0 0.8140625 0.15 0.271875 0.2515625
0 0.565625 0.1734375 0.246875 0.2453125
0 0.12421875 0.2203125 0.2484375 0.225
0 0.22734375 0.7296875 0.2734375 0.196875
0 0.79140625 0.371875 0.34375 0.2140625
0 0.32421875 0.2171875 0.16875 0.2296875
0 0.23359375 0.415625 0.1625 0.1921875
0 0.51328125 0.61484375 0.234375 0.1390625
0 0.52734375 0.7453125 0.2671875 0.15
0 0.48671875 0.284375 0.178125 0.1625
0 0.5734375 0.440625 0.1296875 0.159375
0 0.7609375 0.60703125 0.1453125 0.1765625
0 0.290625 0.596875 0.1609375 0.1046875
0 0.46953125 0.47109375 0.1671875 0.1625
0 0.8296875 0.525 0.2 0.109375
0 0.8875 0.6140625 0.140625 0.1734375
1 0.37421875 0.88515625 0.15 0.2296875