0 0.24296875 0.0515625 0.146875 0.0890625
0 0.246875 0.3140625 0.1765625 0.09375
0 0.32890625 0.24296875 0.1578125 0.0796875
0 0.359375 0.61015625 0.20625 0.0921875
0 0.6171875 0.18828125 0.1828125 0.0765625
0 0.634375 0.33515625 0.1703125 0.0859375
0 0.07421875 0.31875 0.14375 0.0703125
0 0.7140625 0.3078125 0.10625 0.0546875
0 0.84609375 0.31875 0.121875 0.0453125
0 0.625 0.68984375 0.1921875 0.1109375
0 0.1359375 0.21015625 0.271875 0.0890625
0 0.471875 0.3203125 0.178125 0.071875
0 0.13984375 0.93125 0.1140625 0.078125
0 0.7640625 0.77734375 0.0984375 0.0453125
0 0.909375 0.39375 0.18125 0.059375
0 0.8546875 0.9640625 0.0421875 0.071875
0 0.721875 0.5546875 0.2078125 0.2328125
0 0.3078125 0.85078125 0.128125 0.159375
0 0.31015625 0.12734375 0.1484375 0.08125
0 0.7953125 0.096875 0.1765625 0.0875
0 0.509375 0.1390625 0.15625 0.0578125
0 0.0921875 0.62109375 0.1078125 0.0796875
0 0.065625 0.77890625 0.13125 0.0921875
0 0.753125 0.87734375 0.090625 0.1109375
0 0.9296875 0.221875 0.140625 0.0625
0 0.953125 0.78515625 0.0921875 0.071875
0 0.5546875 0.428125 0.0890625 0.053125
0 0.8515625 0.83671875 0.046875 0.071875
0 0.446875 0.9671875 0.10625 0.0640625
0 0.29921875 0.51171875 0.128125 0.14375
0 0.02734375 0.0359375 0.0546875 0.071875
0 0.38828125 0.17890625 0.10625 0.040625
0 0.7734375 0.203125 0.0890625 0.046875
0 0.83828125 0.903125 0.0609375 0.05625
0 0.34921875 0.45078125 0.203125 0.0765625
0 0.9328125 0.921875 0.0671875 0.0546875
0 0.94921875 0.98125 0.0953125 0.0375
0 0.7046875 0.0640625 0.0859375 0.0765625