0 0.0703125 0.7046875 0.140625 0.1375
0 0.23984375 0.54921875 0.175 0.096875
0 0.7359375 0.0484375 0.209375 0.096875
0 0.321875 0.24609375 0.1765625 0.065625
0 0.92265625 0.734375 0.125 0.1203125
0 0.0828125 0.22734375 0.165625 0.0875
0 0.49375 0.7484375 0.109375 0.10625
0 0.12734375 0.03515625 0.1484375 0.0671875
0 0.37265625 0.46796875 0.109375 0.0828125
0 0.31015625 0.384375 0.2046875 0.1203125
0 0.8578125 0.19140625 0.284375 0.0953125
0 0.71328125 0.81484375 0.1078125 0.1203125
0 0.67890625 0.96171875 0.1140625 0.0765625
0 0.10859375 0.3390625 0.1015625 0.0453125
0 0.80703125 0.96875 0.1515625 0.0625
0 0.64921875 0.20078125 0.09375 0.0734375
0 0.58828125 0.43828125 0.171875 0.1984375
0 0.296875 0.9 0.0671875 0.0828125
0 0.60546875 0.8796875 0.0828125 0.0765625
0 0.23203125 0.91796875 0.090625 0.0625
0 0.2703125 0.68671875 0.0875 0.0671875
0 0.36328125 0.165625 0.0984375 0.0546875
0 0.16640625 0.45546875 0.1 0.053125
0 0.79921875 0.4828125 0.1828125 0.0546875
0 0.103125 0.975 0.0859375 0.05
0 0.3453125 0.790625 0.090625 0.053125
0 0.028125 0.5578125 0.05625 0.0859375
0 0.53828125 0.0890625 0.09375 0.0765625
0 0.028125 0.06328125 0.05625 0.090625
0 0.4828125 0.171875 0.1078125 0.078125
0 0.1296875 0.61953125 0.09375 0.0625
0 0.940625 0.96640625 0.11875 0.0671875
0 0.84375 0.62890625 0.13125 0.0515625
0 0.978125 0.0796875 0.04375 0.078125
0 0.03125 0.428125 0.0625 0.0921875
0 0.55 0.1515625 0.0765625 0.06875
0 0.52578125 0.990625 0.0921875 0.01875
0 0.47890625 0.9328125 0.065625 0.0359375
0 0.9765625 0.525 0.046875 0.0515625
0 0.9546875 0.92578125 0.090625 0.1484375