0 0.1296875 0.80234375 0.259375 0.2734375
0 0.8328125 0.59921875 0.2765625 0.2046875
0 0.82265625 0.80625 0.2171875 0.2375
0 0.41875 0.23515625 0.190625 0.15625
0 0.33203125 0.7796875 0.1515625 0.275
0 0.21328125 0.57578125 0.1953125 0.190625
0 0.64453125 0.82734375 0.1671875 0.296875
0 0.56484375 0.33203125 0.1609375 0.2625
0 0.67421875 0.47265625 0.178125 0.2484375
0 0.53046875 0.67890625 0.16875 0.203125
0 0.34453125 0.48828125 0.1140625 0.1890625
0 0.42734375 0.64140625 0.1609375 0.1546875
1 0.6390625 0.10234375 0.1609375 0.1984375
1 0.25546875 0.47265625 0.08125 0.1109375
0 0.46640625 0.4515625 0.0953125 0.059375