0 0.18515625 0.4984375 0.1640625 0.2453125
0 0.225 0.8125 0.1609375 0.3421875
0 0.5609375 0.2921875 0.20625 0.1578125
1 0.74375 0.5453125 0.16875 0.20625
0 0.465625 0.14296875 0.2046875 0.228125
0 0.86796875 0.7546875 0.2328125 0.1734375
0 0.359375 0.26640625 0.2046875 0.1578125
0 0.090625 0.6609375 0.16875 0.2296875
0 0.5609375 0.71484375 0.1921875 0.2140625
0 0.3859375 0.68359375 0.1578125 0.1875
0 0.37421875 0.39921875 0.1265625 0.103125
0 0.50703125 0.4203125 0.1328125 0.096875
0 0.7015625 0.81484375 0.09375 0.234375
0 0.5375 0.5546875 0.1875 0.125
0 0.571875 0.67109375 0.1578125 0.1171875