1 0.7796875 0.19296875 0.0953125 0.1734375
0 0.83359375 0.45234375 0.3328125 0.2390625
0 0.64453125 0.20625 0.2046875 0.278125
1 0.4046875 0.1765625 0.2140625 0.1421875
0 0.446875 0.3640625 0.1125 0.175
1 0.17421875 0.45234375 0.271875 0.2015625
1 0.70703125 0.88671875 0.275 0.2265625
1 0.74609375 0.62578125 0.215625 0.1765625
1 0.384375 0.55078125 0.134375 0.15
1 0.5390625 0.7078125 0.196875 0.178125
0 0.4953125 0.54296875 0.13125 0.165625
0 0.5515625 0.33671875 0.1234375 0.121875
0 0.63515625 0.4828125 0.1078125 0.1609375
1 0.37109375 0.41015625 0.0734375 0.1046875
0 0.88828125 0.2328125 0.1390625 0.234375