0 0.21640625 0.8375 0.3171875 0.325
0 0.4828125 0.80390625 0.253125 0.28125
0 0.2734375 0.48046875 0.284375 0.3515625
0 0.7171875 0.29921875 0.1125 0.23125
0 0.52890625 0.42265625 0.0953125 0.08125
0 0.67265625 0.51484375 0.11875 0.184375
0 0.5546875 0.203125 0.146875 0.346875
0 0.55625 0.62734375 0.225 0.134375
1 0.946875 0.50703125 0.10625 0.146875
1 0.85234375 0.365625 0.1109375 0.2
0 0.4484375 0.484375 0.0921875 0.1828125
0 0.6234375 0.396875 0.1109375 0.075
0 0.58359375 0.53671875 0.0734375 0.1734375
1 0.83828125 0.57890625 0.1296875 0.2078125
1 0.42578125 0.17265625 0.103125 0.21875