0 0.309375 0.33203125 0.1453125 0.0640625
0 0.34921875 0.45 0.1265625 0.0515625
0 0.31171875 0.571875 0.115625 0.1
0 0.2578125 0.07265625 0.0953125 0.071875
0 0.771875 0.64296875 0.159375 0.153125
0 0.74765625 0.221875 0.0984375 0.06875
0 0.43046875 0.52734375 0.1703125 0.078125
0 0.296875 0.24609375 0.153125 0.05625
0 0.5421875 0.784375 0.15 0.1546875
0 0.20703125 0.1921875 0.128125 0.0546875
0 0.9203125 0.065625 0.15625 0.0796875
0 0.8421875 0.33046875 0.1296875 0.0859375
0 0.20625 0.55859375 0.0953125 0.0703125
0 0.8671875 0.2515625 0.196875 0.0703125
0 0.08828125 0.18125 0.096875 0.0484375
0 0.18203125 0.31171875 0.0859375 0.0890625
0 0.37890625 0.1734375 0.1140625 0.05625
0 0.5765625 0.228125 0.0640625 0.05
0 0.43359375 0.64140625 0.153125 0.0875
0 0.478125 0.94453125 0.11875 0.059375
0 0.24921875 0.428125 0.075 0.0828125
0 0.74375 0.78515625 0.1875 0.1578125
0 0.95625 0.36484375 0.075 0.1671875
0 0.6046875 0.27890625 0.159375 0.046875
0 0.64921875 0.62578125 0.125 0.08125
0 0.09140625 0.28984375 0.121875 0.0484375
0 0.16328125 0.5 0.0765625 0.0734375
0 0.1578125 0.0890625 0.1109375 0.0484375
0 0.0453125 0.41171875 0.090625 0.05
0 0.775 0.428125 0.0921875 0.0578125
0 0.0921875 0.44921875 0.0796875 0.05
0 0.0953125 0.68203125 0.0984375 0.06875
0 0.1703125 0.79765625 0.1078125 0.0765625
0 0.1203125 0.62734375 0.0890625 0.090625
0 0.68203125 0.484375 0.1171875 0.0625
0 0.20078125 0.7 0.1515625 0.06875
0 0.01171875 0.34375 0.0234375 0.0578125
0 0.6234375 0.01171875 0.0640625 0.0234375
0 0.0171875 0.26171875 0.034375 0.0578125
0 0.6546875 0.18359375 0.0609375 0.059375
0 0.53125 0.371875 0.2421875 0.0734375
0 0.76796875 0.1171875 0.0484375 0.0625
0 0.9453125 0.63515625 0.0828125 0.0703125
0 0.8796875 0.62421875 0.0828125 0.0875
0 0.68828125 0.44140625 0.090625 0.0453125
0 0.4234375 0.0203125 0.0640625 0.040625
0 0.8171875 0.19140625 0.05625 0.0625
0 0.57265625 0.59921875 0.0703125 0.0765625
0 0.80859375 0.446875 0.0765625 0.0828125
0 0.5171875 0.49296875 0.0875 0.0484375
0 0.4859375 0.31875 0.090625 0.0453125
0 0.31796875 0.72578125 0.1359375 0.0609375
0 0.04453125 0.34453125 0.059375 0.053125
0 0.0140625 0.1578125 0.028125 0.0453125