0 0.54375 0.91875 0.10625 0.1625
0 0.48671875 0.86015625 0.090625 0.134375
0 0.63125 0.4671875 0.103125 0.2015625
0 0.40078125 0.98125 0.08125 0.0375
0 0.41484375 0.55546875 0.0515625 0.1421875
0 0.03125 0.35703125 0.0625 0.1265625
0 0.1078125 0.21640625 0.0765625 0.1015625
0 0.8765625 0.7109375 0.1109375 0.209375
0 0.346875 0.69921875 0.1203125 0.153125
0 0.76875 0.2921875 0.0671875 0.09375
0 0.93828125 0.346875 0.0953125 0.096875
0 0.484375 0.48984375 0.0671875 0.153125
0 0.7796875 0.928125 0.0875 0.109375
0 0.80546875 0.61484375 0.0625 0.1296875
0 0.86796875 0.97734375 0.084375 0.0453125
0 0.5328125 0.57734375 0.1046875 0.10625
0 0.640625 0.29140625 0.0546875 0.0921875
0 0.8109375 0.4328125 0.1046875 0.09375
0 0.23671875 0.9890625 0.0625 0.021875
0 0.93125 0.8875 0.05625 0.14375
0 0.74609375 0.7796875 0.0546875 0.0859375
0 0.6734375 0.971875 0.08125 0.05625
0 0.9140625 0.428125 0.0734375 0.071875
0 0.15234375 0.90546875 0.0578125 0.0515625
0 0.81171875 0.35078125 0.09375 0.0671875
0 0.940625 0.83515625 0.0390625 0.0765625
0 0.51875 0.221875 0.071875 0.11875