0 0.07265625 0.08671875 0.1421875 0.171875
0 0.57890625 0.13203125 0.1546875 0.2640625
0 0.68671875 0.09609375 0.115625 0.190625
0 0.8953125 0.71328125 0.1234375 0.1515625
0 0.71796875 0.790625 0.265625 0.34375
0 0.55703125 0.6359375 0.296875 0.7125
0 0.2140625 0.1015625 0.1546875 0.2015625
0 0.946875 0.3015625 0.10625 0.225
0 0.35 0.1609375 0.1875 0.1359375
0 0.08359375 0.80625 0.1515625 0.3859375
0 0.9296875 0.06484375 0.0859375 0.1296875
0 0.96328125 0.46171875 0.0734375 0.153125
0 0.084375 0.459375 0.0875 0.1484375
0 0.03046875 0.303125 0.053125 0.078125