0 0.88671875 0.840625 0.2265625 0.1734375
0 0.440625 0.48125 0.4078125 0.1859375
0 0.9125 0.65 0.175 0.11875
0 0.2140625 0.6875 0.146875 0.1359375
0 0.90625 0.3796875 0.1875 0.1859375
0 0.7625 0.2015625 0.1890625 0.1765625
0 0.50390625 0.17421875 0.190625 0.0953125
0 0.4921875 0.67109375 0.146875 0.1375
0 0.61328125 0.72578125 0.09375 0.1375
0 0.971875 0.58125 0.05625 0.125
0 0.403125 0.68984375 0.115625 0.09375
0 0.2171875 0.58515625 0.178125 0.0734375
0 0.85703125 0.9859375 0.2171875 0.028125
0 0.31484375 0.22421875 0.0984375 0.046875
0 0.90390625 0.2109375 0.1203125 0.128125
0 0.1625 0.44453125 0.0875 0.065625
0 0.5609375 0.05390625 0.13125 0.08125
0 0.08828125 0.165625 0.10625 0.059375
0 0.17890625 0.11953125 0.1109375 0.065625
0 0.6234375 0.296875 0.1765625 0.0703125
0 0.73046875 0.0203125 0.1171875 0.03125
0 0.403125 0.2984375 0.1109375 0.0671875
0 0.74296875 0.41171875 0.15 0.0796875
0 0.2625 0.06171875 0.1296875 0.0671875
0 0.184375 0.82109375 0.13125 0.0953125
0 0.39375 0.80390625 0.1140625 0.09375
0 0.2375 0.2265625 0.065625 0.0609375
0 0.39921875 0.07734375 0.1296875 0.05
0 0.34765625 0.7296875 0.109375 0.0703125
0 0.1578125 0.046875 0.0703125 0.059375
0 0.82109375 0.765625 0.125 0.065625