0 0.81953125 0.371875 0.3359375 0.2328125
0 0.2828125 0.934375 0.3671875 0.13125
0 0.13671875 0.43359375 0.2734375 0.215625
0 0.56640625 0.82265625 0.3125 0.1953125
0 0.5953125 0.571875 0.3703125 0.196875
0 0.16484375 0.753125 0.3296875 0.24375
0 0.5171875 0.0671875 0.184375 0.134375
0 0.1546875 0.16171875 0.309375 0.2140625
0 0.534375 0.37421875 0.2390625 0.115625
0 0.33046875 0.20859375 0.1859375 0.0921875
0 0.2375 0.3296875 0.2515625 0.1359375
0 0.315625 0.03515625 0.2640625 0.06875
0 0.896875 0.03671875 0.1828125 0.071875
0 0.52890625 0.9796875 0.209375 0.040625
0 0.81328125 0.54453125 0.3 0.1453125
0 0.34453125 0.56015625 0.15625 0.1109375
0 0.1515625 0.5625 0.1375 0.075
0 0.7203125 0.85390625 0.2125 0.1453125
0 0.453125 0.7015625 0.0921875 0.078125
0 0.40078125 0.446875 0.125 0.075