0 0.85703125 0.36171875 0.2671875 0.23125
0 0.3609375 0.75859375 0.19375 0.21875
1 0.14140625 0.86484375 0.196875 0.25625
0 0.4359375 0.61484375 0.190625 0.1453125
0 0.146875 0.63203125 0.23125 0.15625
0 0.45390625 0.26015625 0.165625 0.1515625
0 0.68125 0.26015625 0.171875 0.2625
0 0.25625 0.35234375 0.2015625 0.1359375
0 0.46171875 0.34140625 0.1015625 0.059375
0 0.553125 0.48046875 0.10625 0.146875
0 0.25859375 0.48828125 0.1703125 0.1640625
0 0.71796875 0.48984375 0.20625 0.19375
0 0.54375 0.33515625 0.1171875 0.1375
0 0.3765625 0.425 0.0703125 0.1171875
0 0.3125 0.14609375 0.20625 0.2578125
0 0.44765625 0.42421875 0.0578125 0.0984375