0 0.5640625 0.85625 0.275 0.2078125
0 0.85703125 0.09453125 0.284375 0.1890625
0 0.84453125 0.26015625 0.271875 0.15625
0 0.35078125 0.57265625 0.3375 0.153125
0 0.20859375 0.378125 0.2015625 0.234375
0 0.6 0.1484375 0.246875 0.19375
0 0.68828125 0.36484375 0.146875 0.1921875
0 0.35546875 0.75625 0.325 0.1875
0 0.271875 0.10859375 0.1640625 0.215625
0 0.42578125 0.1796875 0.1578125 0.1640625
0 0.66640625 0.52890625 0.2515625 0.13125
0 0.3859375 0.43125 0.26875 0.15
0 0.54765625 0.27734375 0.178125 0.0859375
1 0.63515625 0.70390625 0.1578125 0.11875
0 0.37265625 0.34609375 0.1484375 0.14375
1 0.0984375 0.20546875 0.196875 0.1734375
0 0.553125 0.41171875 0.0796875 0.084375
1 0.76875 0.73828125 0.1328125 0.06875