0 0.115625 0.4015625 0.2046875 0.234375
0 0.6984375 0.2046875 0.1625 0.2796875
1 0.7234375 0.53515625 0.1625 0.2359375
0 0.4015625 0.36484375 0.13125 0.171875
0 0.4453125 0.74765625 0.1703125 0.146875
0 0.6375 0.71171875 0.2015625 0.1421875
1 0.59921875 0.35390625 0.1296875 0.1671875
1 0.8890625 0.1609375 0.2109375 0.253125
0 0.54765625 0.875 0.1765625 0.2125
1 0.85859375 0.38125 0.234375 0.1796875
0 0.2203125 0.56015625 0.1671875 0.2875
0 0.3578125 0.54453125 0.09375 0.1703125
0 0.4546875 0.6296875 0.125 0.10625
1 0.246875 0.27578125 0.1546875 0.23125