0 0.75625 0.14609375 0.1875 0.215625
0 0.196875 0.46640625 0.215625 0.3078125
1 0.315625 0.15546875 0.1953125 0.2984375
0 0.5234375 0.54296875 0.23125 0.1984375
0 0.465625 0.70546875 0.271875 0.1765625
0 0.49453125 0.234375 0.2109375 0.2453125
0 0.6984375 0.76875 0.20625 0.171875
1 0.51015625 0.86875 0.190625 0.1734375
1 0.11796875 0.22890625 0.221875 0.2375
0 0.62890625 0.23828125 0.1328125 0.1140625
0 0.375 0.45859375 0.140625 0.2265625
0 0.728125 0.6 0.21875 0.1328125
0 0.77265625 0.30390625 0.159375 0.09375
1 0.8515625 0.40546875 0.125 0.1234375
1 0.93984375 0.25859375 0.0703125 0.125
1 0.7875 0.45546875 0.0859375 0.0921875
1 0.64765625 0.66328125 0.0953125 0.08125
1 0.8609375 0.27734375 0.0625 0.065625