0 0.534375 0.77109375 0.2828125 0.2453125
0 0.846875 0.69453125 0.30625 0.190625
0 0.17109375 0.56484375 0.3375 0.2140625
0 0.34453125 0.3875 0.1203125 0.171875
0 0.69609375 0.5203125 0.153125 0.134375
0 0.39140625 0.58125 0.1109375 0.2
0 0.56015625 0.46015625 0.1390625 0.125
0 0.52734375 0.58046875 0.184375 0.1015625
0 0.46875 0.5125 0.078125 0.1015625
1 0.7671875 0.87421875 0.2765625 0.2515625
1 0.42734375 0.14921875 0.115625 0.128125
1 0.43046875 0.10625 0.1125 0.19375
1 0.65859375 0.32265625 0.096875 0.1046875