0 0.41953125 0.23359375 0.196875 0.1703125
0 0.2078125 0.5765625 0.1703125 0.209375
0 0.134375 0.803125 0.26875 0.2796875
0 0.340625 0.4828125 0.1140625 0.209375
0 0.83984375 0.60234375 0.271875 0.2046875
0 0.334375 0.7828125 0.159375 0.275
0 0.43125 0.64375 0.165625 0.1625
0 0.5640625 0.321875 0.15625 0.253125
0 0.678125 0.47109375 0.171875 0.24375
0 0.840625 0.8078125 0.225 0.2453125
0 0.64453125 0.825 0.16875 0.3
0 0.53359375 0.68046875 0.16875 0.209375
1 0.640625 0.10078125 0.1546875 0.2015625
1 0.26328125 0.47421875 0.0828125 0.103125