0 0.5421875 0.95859375 0.203125 0.0828125
0 0.8359375 0.31484375 0.2234375 0.0984375
0 0.26171875 0.696875 0.19375 0.2109375
0 0.45625 0.23203125 0.1703125 0.078125
0 0.7296875 0.4125 0.14375 0.096875
0 0.62578125 0.4015625 0.1046875 0.13125
0 0.58046875 0.49453125 0.1515625 0.0828125
0 0.03359375 0.4671875 0.0671875 0.153125
0 0.60546875 0.27890625 0.1359375 0.06875
0 0.04765625 0.15234375 0.0890625 0.1359375
0 0.765625 0.20859375 0.1953125 0.0640625
0 0.3765625 0.4453125 0.1546875 0.1546875
0 0.10234375 0.49453125 0.1703125 0.0828125
0 0.271875 0.05390625 0.2359375 0.0921875
0 0.20546875 0.54296875 0.090625 0.05625
0 0.4359375 0.540625 0.1765625 0.090625
0 0.18125 0.915625 0.096875 0.0640625
0 0.17421875 0.26015625 0.1109375 0.0671875
0 0.4609375 0.09765625 0.1203125 0.0703125
0 0.89609375 0.14453125 0.071875 0.0578125
0 0.9515625 0.09765625 0.0828125 0.053125
0 0.09375 0.86953125 0.09375 0.109375
0 0.2265625 0.421875 0.09375 0.0734375
0 0.3140625 0.9765625 0.1140625 0.046875
0 0.26171875 0.24375 0.0859375 0.065625
0 0.0765625 0.9734375 0.1 0.053125
0 0.6640625 0.084375 0.0734375 0.059375
0 0.78046875 0.7171875 0.0515625 0.05625
0 0.62578125 0.0328125 0.0703125 0.0453125
0 0.06953125 0.7578125 0.115625 0.10625
0 0.06171875 0.971875 0.1015625 0.05625