0 0.82109375 0.28671875 0.290625 0.25625
0 0.36875 0.55234375 0.2140625 0.2671875
0 0.59921875 0.17421875 0.221875 0.3
0 0.46796875 0.8546875 0.1953125 0.271875
0 0.2 0.70625 0.253125 0.1375
0 0.5890625 0.72421875 0.1796875 0.1
0 0.57421875 0.3703125 0.190625 0.0890625
0 0.775 0.671875 0.1765625 0.0875
0 0.7578125 0.83515625 0.1984375 0.2515625
0 0.7734375 0.5046875 0.203125 0.1484375
0 0.5984375 0.4796875 0.109375 0.0484375
0 0.70234375 0.6265625 0.096875 0.0640625
1 0.56875 0.534375 0.1578125 0.03125
0 0.2546875 0.8703125 0.1453125 0.1953125
1 0.878125 0.6234375 0.2328125 0.10625
1 0.125 0.83828125 0.2109375 0.1109375
0 0.584375 0.58671875 0.1640625 0.078125