0 0.26484375 0.45 0.14375 0.06875
0 0.3484375 0.7046875 0.1046875 0.121875
0 0.7578125 0.81015625 0.0765625 0.090625
0 0.81875 0.6828125 0.0796875 0.0796875
0 0.4328125 0.41171875 0.1109375 0.0734375
0 0.46875 0.8515625 0.103125 0.0640625
0 0.36328125 0.5 0.1296875 0.059375
0 0.1578125 0.80625 0.08125 0.05
0 0.86640625 0.88828125 0.078125 0.1015625
0 0.34765625 0.565625 0.103125 0.071875
0 0.390625 0.78046875 0.109375 0.065625
0 0.23125 0.73203125 0.1 0.0484375
0 0.4609375 0.63984375 0.0921875 0.0640625
0 0.15703125 0.71328125 0.05 0.065625
0 0.13125 0.8703125 0.10625 0.05
0 0.52578125 0.32734375 0.125 0.0546875
0 0.26875 0.87734375 0.0578125 0.078125
0 0.6609375 0.8484375 0.1015625 0.05
0 0.52890625 0.66328125 0.0921875 0.05
0 0.71328125 0.64140625 0.078125 0.078125
0 0.76328125 0.509375 0.08125 0.0453125
0 0.559375 0.89921875 0.0828125 0.0609375
0 0.61875 0.978125 0.084375 0.04375
0 0.20703125 0.30234375 0.0953125 0.0359375
0 0.19140625 0.97578125 0.0578125 0.0484375
0 0.5671875 0.546875 0.1265625 0.0578125
0 0.3421875 0.82734375 0.08125 0.05625
0 0.14375 0.3625 0.1328125 0.0421875
0 0.56796875 0.6984375 0.0953125 0.0390625
0 0.30703125 0.17578125 0.059375 0.0359375
0 0.71796875 0.03359375 0.0796875 0.053125
0 0.64453125 0.60078125 0.0609375 0.0546875
0 0.63125 0.765625 0.1109375 0.05
0 0.8140625 0.55703125 0.0625 0.0359375
0 0.75859375 0.7109375 0.0859375 0.0453125
0 0.27578125 0.6703125 0.0796875 0.0796875
0 0.30859375 0.359375 0.115625 0.04375
0 0.60859375 0.49140625 0.1046875 0.0515625
0 0.4921875 0.98125 0.0671875 0.0375
0 0.16640625 0.93125 0.06875 0.046875
0 0.93046875 0.5875 0.0953125 0.0625
0 0.73125 0.4078125 0.0953125 0.040625
0 0.74140625 0.57421875 0.084375 0.028125
0 0.66171875 0.73515625 0.084375 0.0359375
0 0.2234375 0.834375 0.071875 0.0359375
0 0.4671875 0.08046875 0.115625 0.0375
0 0.890625 0.41171875 0.084375 0.03125
0 0.84921875 0.49609375 0.09375 0.03125
0 0.4640625 0.72265625 0.0921875 0.0453125
0 0.3890625 0.28046875 0.10625 0.0375
0 0.9296875 0.5296875 0.09375 0.034375
0 0.97578125 0.33984375 0.0484375 0.0359375
0 0.22265625 0.5453125 0.0640625 0.0703125
0 0.96015625 0.67578125 0.0796875 0.0671875
0 0.9140625 0.0796875 0.096875 0.0359375
0 0.653125 0.4375 0.078125 0.0390625
0 0.653125 0.9171875 0.06875 0.0796875
0 0.4609375 0.0859375 0.11875 0.046875
0 0.89765625 0.575 0.1109375 0.0546875
0 0.70078125 0.4921875 0.0546875 0.0375