0 0.28828125 0.1515625 0.2265625 0.2515625
0 0.878125 0.04140625 0.165625 0.0828125
0 0.39921875 0.0578125 0.2421875 0.115625
0 0.65 0.084375 0.1421875 0.16875
0 0.50234375 0.52890625 0.2421875 0.2375
0 0.22421875 0.4484375 0.21875 0.2671875
0 0.34453125 0.59921875 0.09375 0.221875
0 0.83515625 0.6328125 0.2484375 0.3640625
0 0.74609375 0.2109375 0.2546875 0.1671875
1 0.5546875 0.7203125 0.2875 0.31875
0 0.16875 0.0140625 0.20625 0.028125
0 0.896875 0.36484375 0.18125 0.2109375
0 0.52421875 0.22265625 0.0703125 0.1796875