0 0.5109375 0.1984375 0.1515625 0.1171875
0 0.8265625 0.45625 0.1921875 0.1296875
0 0.37890625 0.278125 0.1171875 0.0625
0 0.43515625 0.56484375 0.2125 0.2046875
0 0.2515625 0.384375 0.1390625 0.096875
0 0.8734375 0.371875 0.1484375 0.0921875
0 0.84453125 0.21171875 0.221875 0.0953125
0 0.80546875 0.5734375 0.1546875 0.0921875
0 0.0734375 0.5171875 0.1203125 0.115625
0 0.66015625 0.4421875 0.11875 0.065625
0 0.96640625 0.4375 0.0671875 0.13125
0 0.13828125 0.0125 0.134375 0.025
0 0.9859375 0.6140625 0.028125 0.0953125
0 0.73828125 0.6859375 0.2234375 0.1453125
0 0.8078125 0.2828125 0.14375 0.0734375
0 0.40234375 0.11015625 0.1203125 0.078125
0 0.2578125 0.946875 0.0671875 0.053125
0 0.3390625 0.94296875 0.0640625 0.08125
0 0.221875 0.03515625 0.16875 0.0703125
0 0.25 0.22890625 0.21875 0.109375
0 0.125 0.26953125 0.0953125 0.0828125
0 0.265625 0.13984375 0.125 0.09375
0 0.06875 0.7828125 0.059375 0.059375
0 0.26875 0.5203125 0.096875 0.1140625
0 0.8109375 0.94609375 0.1671875 0.0328125
0 0.54921875 0.80234375 0.053125 0.05625
0 0.221875 0.8234375 0.0609375 0.053125