0 0.11953125 0.278125 0.2390625 0.3359375
0 0.190625 0.82265625 0.3140625 0.3453125
0 0.90625 0.57109375 0.1609375 0.146875
0 0.915625 0.87265625 0.1234375 0.109375
0 0.75 0.73984375 0.121875 0.21875
1 0.596875 0.4015625 0.3359375 0.3296875
0 0.0859375 0.10703125 0.171875 0.2140625
0 0.79375 0.03203125 0.121875 0.0640625
0 0.92109375 0.3359375 0.0421875 0.0921875
0 0.86015625 0.27734375 0.096875 0.140625
0 0.19609375 0.4828125 0.0828125 0.10625
0 0.94921875 0.43203125 0.08125 0.1234375
0 0.375 0.11875 0.175 0.1546875
0 0.41171875 0.0296875 0.1390625 0.059375
0 0.36640625 0.415625 0.1203125 0.165625
0 0.95703125 0.321875 0.0421875 0.0625
0 0.11640625 0.67265625 0.2328125 0.3421875
0 0.39140625 0.740625 0.1015625 0.1765625
0 0.84453125 0.38359375 0.0890625 0.0640625