0 0.27578125 0.82421875 0.2859375 0.3515625
0 0.184375 0.1140625 0.303125 0.1890625
0 0.540625 0.67734375 0.2921875 0.2421875
0 0.43515625 0.13828125 0.209375 0.20625
0 0.34765625 0.46171875 0.2078125 0.1421875
0 0.740625 0.3296875 0.1484375 0.1390625
0 0.2125 0.58515625 0.3296875 0.1734375
0 0.2625 0.2875 0.2390625 0.1859375
0 0.53125 0.24765625 0.1359375 0.1
0 0.5046875 0.53203125 0.1171875 0.0796875
1 0.8546875 0.4953125 0.290625 0.190625
0 0.60234375 0.328125 0.1578125 0.178125
1 0.7171875 0.21796875 0.11875 0.096875
1 0.34296875 0.0953125 0.0625 0.040625
1 0.3828125 0.3 0.0734375 0.065625
0 0.50546875 0.45546875 0.0609375 0.134375