0 0.5625 0.45625 0.2578125 0.2671875
0 0.4046875 0.15390625 0.26875 0.3078125
0 0.70078125 0.1203125 0.16875 0.14375
0 0.6640625 0.2546875 0.16875 0.1796875
0 0.39765625 0.38125 0.1359375 0.165625
0 0.23671875 0.69296875 0.140625 0.1390625
0 0.61328125 0.6875 0.146875 0.1859375
0 0.13203125 0.36796875 0.2546875 0.4171875
0 0.82109375 0.05078125 0.10625 0.1015625
0 0.084375 0.74140625 0.09375 0.1375
0 0.7640625 0.46328125 0.0734375 0.0421875
0 0.37734375 0.79375 0.1265625 0.2359375
0 0.5453125 0.88515625 0.078125 0.1203125