0 0.3328125 0.2703125 0.1984375 0.275
0 0.07265625 0.67265625 0.1453125 0.2359375
0 0.25703125 0.4296875 0.11875 0.2140625
0 0.29453125 0.63984375 0.109375 0.1625
0 0.115625 0.7984375 0.1671875 0.0953125
0 0.49453125 0.23359375 0.0921875 0.1828125
0 0.1796875 0.1234375 0.1046875 0.140625
0 0.88203125 0.45703125 0.0734375 0.1046875
0 0.5546875 0.07109375 0.09375 0.0984375
0 0.690625 0.74140625 0.0890625 0.1125
0 0.434375 0.68828125 0.0953125 0.09375
0 0.2 0.2265625 0.0609375 0.1
0 0.78359375 0.52734375 0.0671875 0.103125
0 0.721875 0.4328125 0.0625 0.0921875
0 0.7890625 0.2421875 0.0671875 0.1375
0 0.68046875 0.63984375 0.0640625 0.096875
0 0.86015625 0.125 0.178125 0.1328125
0 0.23671875 0.81015625 0.065625 0.109375
0 0.35234375 0.55 0.05625 0.10625
0 0.4109375 0.521875 0.06875 0.1
0 0.8234375 0.4859375 0.065625 0.1125
0 0.9671875 0.66171875 0.059375 0.109375
0 0.8015625 0.3578125 0.053125 0.1609375
0 0.2203125 0.6 0.0515625 0.0875
0 0.603125 0.78828125 0.0515625 0.159375
0 0.79921875 0.85078125 0.0609375 0.1109375
0 0.671875 0.49140625 0.065625 0.103125
0 0.80390625 0.3375 0.0515625 0.1171875
0 0.9640625 0.08046875 0.071875 0.0890625
0 0.96875 0.9484375 0.0453125 0.1
0 0.92265625 0.84609375 0.0515625 0.0921875
0 0.0984375 0.08828125 0.0796875 0.128125
0 0.60859375 0.778125 0.0484375 0.1296875
0 0.93359375 0.84375 0.0546875 0.0921875
0 0.9578125 0.2359375 0.084375 0.1296875