1 0.48984375 0.3765625 0.1671875 0.21875
1 0.24921875 0.18125 0.1953125 0.1703125
0 0.92578125 0.134375 0.1453125 0.1390625
0 0.86015625 0.29609375 0.128125 0.0796875
0 0.3921875 0.18984375 0.11875 0.1390625
0 0.04296875 0.315625 0.0859375 0.13125
0 0.053125 0.61484375 0.103125 0.1
0 0.6484375 0.31640625 0.096875 0.059375
0 0.25859375 0.66171875 0.1375 0.1109375
0 0.43359375 0.50703125 0.096875 0.0734375
0 0.690625 0.4703125 0.078125 0.084375
0 0.25 0.225 0.1421875 0.0671875
0 0.49765625 0.053125 0.1359375 0.0546875
0 0.27734375 0.51015625 0.096875 0.0515625
0 0.14140625 0.84765625 0.1171875 0.0515625
0 0.7578125 0.76953125 0.075 0.0546875
0 0.19765625 0.0921875 0.0734375 0.0625
0 0.4390625 0.6546875 0.1 0.06875
0 0.765625 0.7734375 0.059375 0.046875
0 0.0109375 0.43125 0.021875 0.059375