0 0.59296875 0.85390625 0.209375 0.278125
0 0.30859375 0.378125 0.175 0.1390625
0 0.4984375 0.365625 0.2 0.1171875
0 0.79921875 0.63125 0.3515625 0.2140625
0 0.44765625 0.678125 0.2109375 0.15625
0 0.159375 0.62421875 0.284375 0.1875
1 0.4203125 0.1359375 0.1546875 0.2078125
1 0.78125 0.79609375 0.1671875 0.1640625
0 0.6078125 0.50078125 0.1875 0.2328125
0 0.3609375 0.603125 0.1171875 0.1265625
1 0.57265625 0.24921875 0.1046875 0.128125
1 0.31484375 0.26640625 0.1171875 0.0984375
0 0.278125 0.4734375 0.109375 0.125
1 0.184375 0.4109375 0.0890625 0.109375
1 0.43125 0.2765625 0.096875 0.0734375