0 0.2734375 0.303125 0.4296875 0.453125
0 0.2578125 0.8140625 0.3765625 0.2578125
0 0.7640625 0.39921875 0.1609375 0.078125
0 0.35546875 0.0578125 0.2 0.115625
0 0.83671875 0.90390625 0.140625 0.190625
0 0.05 0.353125 0.1 0.215625
0 0.59609375 0.09921875 0.1953125 0.0640625
0 0.6203125 0.77109375 0.1640625 0.1359375
0 0.68515625 0.93046875 0.19375 0.1390625
0 0.8171875 0.52578125 0.365625 0.153125
0 0.51875 0.5640625 0.103125 0.0703125
0 0.746875 0.6640625 0.425 0.165625
0 0.89609375 0.79375 0.2078125 0.1125
0 0.32265625 0.059375 0.1390625 0.1171875
0 0.39765625 0.6109375 0.140625 0.0703125
0 0.653125 0.0328125 0.115625 0.0390625