0 0.30859375 0.36015625 0.13125 0.1765625
0 0.96484375 0.2375 0.0703125 0.153125
0 0.73515625 0.43671875 0.084375 0.103125
0 0.57421875 0.0640625 0.2703125 0.128125
0 0.790625 0.58828125 0.0765625 0.159375
0 0.80234375 0.36171875 0.1 0.1578125
0 0.9265625 0.44609375 0.146875 0.1265625
0 0.14765625 0.3265625 0.125 0.165625
0 0.97578125 0.5125 0.0484375 0.1421875
0 0.41640625 0.77734375 0.08125 0.15
0 0.871875 0.54453125 0.071875 0.109375
0 0.33359375 0.76640625 0.06875 0.18125
0 0.32578125 0.91328125 0.075 0.109375
0 0.8078125 0.059375 0.0921875 0.11875
0 0.28671875 0.5921875 0.0859375 0.1359375
0 0.41171875 0.25859375 0.0703125 0.115625
0 0.88046875 0.01484375 0.075 0.0296875
0 0.7875 0.6875 0.121875 0.0875
0 0.66484375 0.64765625 0.1015625 0.1203125
0 0.53046875 0.33671875 0.175 0.1734375
0 0.640625 0.421875 0.071875 0.103125
0 0.5359375 0.88515625 0.0859375 0.121875
0 0.07265625 0.80390625 0.0625 0.1046875
0 0.603125 0.87890625 0.0671875 0.125
0 0.21796875 0.11953125 0.1421875 0.1671875
0 0.9796875 0.02265625 0.040625 0.0453125
0 0.278125 0.0109375 0.1546875 0.021875
0 0.51953125 0.21640625 0.071875 0.1171875
0 0.43359375 0.61875 0.075 0.19375
0 0.7421875 0.9015625 0.0640625 0.0859375
0 0.69375 0.8234375 0.059375 0.1046875
0 0.228125 0.8359375 0.0484375 0.121875
0 0.05546875 0.28125 0.0546875 0.1703125
0 0.07890625 0.5859375 0.0484375 0.1265625
0 0.61640625 0.734375 0.1765625 0.1421875