0 0.46953125 0.21875 0.2484375 0.325
0 0.80546875 0.8546875 0.3046875 0.2625
1 0.18984375 0.65703125 0.3078125 0.16875
0 0.54765625 0.74609375 0.2421875 0.2296875
0 0.828125 0.63125 0.3 0.1484375
0 0.64375 0.3578125 0.1953125 0.121875
0 0.40546875 0.6671875 0.1265625 0.1828125
0 0.45390625 0.43984375 0.1984375 0.1140625
0 0.31171875 0.48125 0.1828125 0.16875
0 0.690625 0.53203125 0.1375 0.1234375
1 0.72578125 0.39296875 0.1640625 0.1109375
1 0.6625 0.165625 0.2109375 0.290625
0 0.6109375 0.44609375 0.096875 0.0421875