0 0.359375 0.228125 0.1546875 0.4015625
1 0.14921875 0.2828125 0.25 0.296875
0 0.59453125 0.534375 0.075 0.175
1 0.61796875 0.67109375 0.1578125 0.1484375
0 0.7265625 0.54296875 0.1359375 0.2734375
1 0.503125 0.87734375 0.1078125 0.1859375
0 0.67578125 0.22109375 0.1140625 0.3296875
1 0.2390625 0.60390625 0.215625 0.36875
0 0.3765625 0.60625 0.125 0.2953125
0 0.43203125 0.3375 0.0734375 0.2140625
1 0.84453125 0.3390625 0.2671875 0.2703125
1 0.4828125 0.590625 0.065625 0.16875
1 0.625 0.878125 0.13125 0.18125
1 0.45078125 0.69765625 0.0984375 0.1265625