0 0.47265625 0.82578125 0.2640625 0.33125
0 0.69921875 0.12578125 0.3171875 0.134375
0 0.87109375 0.325 0.05625 0.0859375
0 0.671875 0.609375 0.1828125 0.134375
0 0.13203125 0.4265625 0.159375 0.1640625
0 0.35078125 0.36015625 0.321875 0.253125
0 0.72421875 0.7796875 0.1078125 0.1359375
0 0.58828125 0.03125 0.13125 0.0578125
0 0.0234375 0.23984375 0.03125 0.0984375
0 0.1328125 0.7421875 0.1046875 0.1171875
0 0.8453125 0.4703125 0.046875 0.053125
0 0.04140625 0.15234375 0.0828125 0.1109375
0 0.81796875 0.61015625 0.0796875 0.15
0 0.728125 0.45234375 0.1453125 0.0765625
0 0.9390625 0.8140625 0.1140625 0.1609375
0 0.23984375 0.03984375 0.121875 0.0703125
0 0.684375 0.23125 0.1765625 0.0765625
0 0.6171875 0.39921875 0.1921875 0.0890625
0 0.43828125 0.21484375 0.09375 0.0640625
0 0.83671875 0.425 0.046875 0.06875
0 0.16328125 0.52890625 0.1 0.0859375
0 0.765625 0.31875 0.0765625 0.0703125
0 0.96015625 0.178125 0.075 0.0890625
0 0.925 0.97578125 0.1484375 0.046875
0 0.8453125 0.74296875 0.09375 0.046875
0 0.87421875 0.52265625 0.0578125 0.0671875
0 0.153125 0.30859375 0.140625 0.0625
0 0.81796875 0.33828125 0.0546875 0.0796875