0 0.0515625 0.07890625 0.103125 0.15625
0 0.29609375 0.4203125 0.221875 0.2484375
1 0.73046875 0.80859375 0.1703125 0.1796875
0 0.60703125 0.175 0.2015625 0.278125
0 0.4453125 0.6640625 0.2046875 0.1890625
0 0.50078125 0.0953125 0.2 0.190625
0 0.9046875 0.453125 0.1265625 0.1390625
0 0.79609375 0.51875 0.1171875 0.2578125
0 0.92109375 0.29453125 0.1578125 0.14375
0 0.83125 0.08125 0.190625 0.146875
0 0.56953125 0.834375 0.1328125 0.1109375
0 0.25 0.13984375 0.33125 0.2796875
0 0.29375 0.7734375 0.1359375 0.1921875
0 0.09453125 0.3984375 0.0859375 0.1796875
0 0.5703125 0.37265625 0.0953125 0.1015625
0 0.5578125 0.49140625 0.10625 0.1203125
0 0.08984375 0.703125 0.0890625 0.2828125
0 0.64765625 0.88984375 0.084375 0.1375
0 0.396875 0.265625 0.075 0.115625
0 0.0890625 0.93125 0.034375 0.134375
0 0.84453125 0.646875 0.0875 0.1484375
0 0.1578125 0.45234375 0.0671875 0.1875