0 0.3 0.7609375 0.19375 0.128125
0 0.71796875 0.94140625 0.178125 0.1171875
0 0.37734375 0.36875 0.175 0.121875
0 0.23203125 0.68359375 0.1765625 0.171875
0 0.73671875 0.31796875 0.390625 0.103125
0 0.1859375 0.4671875 0.225 0.11875
0 0.47890625 0.59921875 0.13125 0.0828125
0 0.80703125 0.07109375 0.165625 0.090625
0 0.9421875 0.4296875 0.115625 0.1125
0 0.93984375 0.77890625 0.115625 0.109375
0 0.53203125 0.45234375 0.203125 0.1359375
0 0.12578125 0.14375 0.1109375 0.0578125
0 0.94609375 0.66015625 0.1078125 0.0859375
0 0.2734375 0.30703125 0.246875 0.0953125
0 0.0453125 0.58515625 0.090625 0.15
0 0.1203125 0.86875 0.109375 0.0828125
0 0.35390625 0.5703125 0.1015625 0.0734375
0 0.84609375 0.46875 0.1796875 0.16875
0 0.778125 0.2140625 0.296875 0.134375
0 0.43671875 0.73515625 0.0765625 0.0546875
0 0.46484375 0.1796875 0.2546875 0.2703125
0 0.73984375 0.82109375 0.0796875 0.06875
0 0.53671875 0.80703125 0.1390625 0.1609375