0 0.790625 0.9703125 0.13125 0.059375
0 0.62109375 0.5375 0.1671875 0.0625
0 0.85625 0.4765625 0.1109375 0.065625
0 0.08671875 0.92734375 0.1234375 0.1359375
0 0.18515625 0.77734375 0.225 0.140625
0 0.30390625 0.753125 0.159375 0.084375
0 0.6515625 0.9375 0.146875 0.0921875
0 0.37734375 0.90390625 0.140625 0.1921875
0 0.11015625 0.4765625 0.1953125 0.1140625
0 0.7515625 0.39296875 0.11875 0.0609375
0 0.13125 0.35 0.165625 0.115625
0 0.6296875 0.84375 0.128125 0.0734375
0 0.65859375 0.71640625 0.1109375 0.05
0 0.734375 0.8921875 0.1 0.075
0 0.33515625 0.60859375 0.096875 0.0890625
0 0.3828125 0.55234375 0.1296875 0.0640625
0 0.70859375 0.7984375 0.1328125 0.0828125
0 0.0453125 0.12734375 0.0859375 0.146875
0 0.8265625 0.80234375 0.071875 0.0671875
0 0.59921875 0.33203125 0.1015625 0.065625
0 0.6203125 0.5921875 0.0890625 0.0640625
0 0.48359375 0.06171875 0.0578125 0.059375
0 0.46640625 0.421875 0.059375 0.10625
0 0.484375 0.62265625 0.065625 0.071875
0 0.39609375 0.315625 0.1 0.065625
0 0.13671875 0.5875 0.1171875 0.0515625
0 0.29375 0.1625 0.03125 0.0828125
0 0.8234375 0.6453125 0.0796875 0.0546875
0 0.49140625 0.22109375 0.0921875 0.0625
0 0.9734375 0.09375 0.053125 0.0375
0 0.034375 0.76640625 0.0265625 0.0859375
0 0.48203125 0.52265625 0.1140625 0.04375
0 0.9546875 0.51171875 0.090625 0.0515625
0 0.44453125 0.71640625 0.0765625 0.08125
0 0.540625 0.67734375 0.1140625 0.0546875
0 0.76015625 0.5421875 0.075 0.065625
0 0.35546875 0.56875 0.1234375 0.1125
0 0.58828125 0.05234375 0.034375 0.0375
0 0.85390625 0.4140625 0.0625 0.05625
0 0.79765625 0.30546875 0.0671875 0.065625
0 0.10390625 0.02109375 0.1375 0.0359375
0 0.79296875 0.25859375 0.0890625 0.0515625
0 0.21015625 0.60078125 0.0828125 0.0765625
0 0.575 0.09453125 0.0546875 0.090625
0 0.253125 0.34921875 0.1125 0.0421875
0 0.36015625 0.99296875 0.109375 0.0140625
0 0.10546875 0.2046875 0.1296875 0.0546875