0 0.203125 0.33203125 0.4015625 0.19375
0 0.80625 0.36171875 0.3765625 0.2515625
0 0.18984375 0.5859375 0.36875 0.2
0 0.41875 0.18828125 0.221875 0.13125
0 0.58125 0.72890625 0.25 0.165625
0 0.38984375 0.41015625 0.146875 0.11875
0 0.3953125 0.84375 0.1890625 0.19375
0 0.91953125 0.15234375 0.1609375 0.3
0 0.575 0.42578125 0.1609375 0.121875
0 0.49765625 0.28984375 0.0828125 0.0578125
0 0.684375 0.56171875 0.390625 0.196875
0 0.6546875 0.2796875 0.125 0.09375
0 0.07890625 0.196875 0.121875 0.071875
0 0.90859375 0.7359375 0.18125 0.50625
0 0.21484375 0.83359375 0.371875 0.3328125