0 0.23359375 0.16328125 0.25 0.2984375
0 0.38359375 0.8515625 0.1921875 0.2640625
0 0.19296875 0.85390625 0.2234375 0.2015625
0 0.515625 0.69921875 0.228125 0.159375
0 0.2390625 0.38125 0.25 0.1453125
0 0.753125 0.4484375 0.15625 0.1796875
0 0.1734375 0.67890625 0.303125 0.153125
0 0.3640625 0.46640625 0.15 0.1515625
0 0.5171875 0.38359375 0.1859375 0.10625
0 0.43671875 0.2609375 0.196875 0.178125
0 0.65703125 0.59609375 0.2328125 0.1359375
0 0.325 0.5703125 0.190625 0.159375
1 0.878125 0.653125 0.2140625 0.153125
1 0.53203125 0.29921875 0.1015625 0.0734375
0 0.5421875 0.49765625 0.0578125 0.078125
0 0.503125 0.571875 0.065625 0.0828125