0 0.3796875 0.28984375 0.1609375 0.0828125
0 0.815625 0.203125 0.175 0.103125
0 0.29296875 0.7640625 0.096875 0.10625
0 0.44375 0.77421875 0.140625 0.0640625
0 0.6640625 0.2828125 0.30625 0.15
0 0.17734375 0.26171875 0.175 0.08125
0 0.4921875 0.10625 0.1796875 0.090625
0 0.06015625 0.1078125 0.1140625 0.071875
0 0.390625 0.87109375 0.1109375 0.071875
0 0.80703125 0.409375 0.0828125 0.078125
0 0.55078125 0.7171875 0.1546875 0.0796875
0 0.525 0.478125 0.1828125 0.1671875
0 0.44765625 0.53984375 0.165625 0.0765625
0 0.2703125 0.41875 0.128125 0.0734375
0 0.859375 0.6546875 0.2640625 0.3375
0 0.42421875 0.0296875 0.1453125 0.0578125
0 0.2265625 0.11484375 0.1625 0.05625
0 0.9203125 0.29921875 0.096875 0.0515625
0 0.403125 0.63671875 0.1046875 0.0765625
0 0.309375 0.18359375 0.0859375 0.05625
0 0.26328125 0.03671875 0.0890625 0.0734375
0 0.5140625 0.83671875 0.1421875 0.0953125
0 0.71171875 0.9453125 0.128125 0.0796875
0 0.89296875 0.41328125 0.0921875 0.05625
0 0.4359375 0.94140625 0.075 0.1171875
0 0.17734375 0.56015625 0.153125 0.10625
0 0.25703125 0.8953125 0.0515625 0.1109375
0 0.109375 0.4796875 0.175 0.08125
0 0.88984375 0.0796875 0.109375 0.0828125
0 0.54296875 0.6359375 0.0875 0.0515625
0 0.1453125 0.365625 0.2328125 0.115625
0 0.1640625 0.65390625 0.1015625 0.05
0 0.85390625 0.95859375 0.16875 0.08125
0 0.61328125 0.90390625 0.109375 0.059375
0 0.79296875 0.08984375 0.0796875 0.0890625
0 0.07890625 0.67890625 0.065625 0.0796875
0 0.06015625 0.8640625 0.1203125 0.259375
0 0.9640625 0.2421875 0.065625 0.0890625
0 0.97109375 0.88203125 0.053125 0.175
0 0.8609375 0.01171875 0.140625 0.0234375
0 0.315625 0.60234375 0.0875 0.0828125
0 0.0796875 0.359375 0.1328125 0.065625
0 0.67265625 0.1453125 0.078125 0.065625
0 0.8359375 0.08671875 0.1546875 0.0828125
0 0.64921875 0.4640625 0.09375 0.1109375