0 0.53984375 0.70234375 0.1671875 0.0984375
0 0.50078125 0.375 0.1765625 0.1265625
0 0.37265625 0.665625 0.1609375 0.1046875
1 0.65390625 0.75 0.1359375 0.203125
0 0.39921875 0.853125 0.1859375 0.2640625
0 0.82890625 0.53984375 0.1421875 0.1953125
0 0.4421875 0.215625 0.2125 0.2609375
0 0.21796875 0.42421875 0.271875 0.203125
1 0.675 0.50078125 0.125 0.21875
0 0.36953125 0.50859375 0.1 0.153125
1 0.1734375 0.171875 0.309375 0.2921875
0 0.5453125 0.496875 0.134375 0.121875
0 0.52109375 0.6015625 0.09375 0.0484375
0 0.83359375 0.759375 0.1140625 0.1796875
1 0.2828125 0.69296875 0.071875 0.096875
1 0.94453125 0.7078125 0.1109375 0.1609375