0 0.39765625 0.4265625 0.2125 0.19375
0 0.73515625 0.24453125 0.2046875 0.096875
0 0.6296875 0.60859375 0.2015625 0.1125
0 0.2953125 0.25625 0.2140625 0.165625
0 0.98125 0.10859375 0.0375 0.0671875
0 0.43046875 0.56953125 0.20625 0.14375
0 0.62265625 0.39296875 0.165625 0.1234375
0 0.17578125 0.05859375 0.1625 0.1171875
0 0.42890625 0.94140625 0.1546875 0.1
0 0.884375 0.3625 0.1328125 0.08125
0 0.96328125 0.00390625 0.0734375 0.0078125
0 0.09453125 0.8328125 0.0921875 0.171875
0 0.6453125 0.0125 0.1109375 0.025
0 0.590625 0.83359375 0.2109375 0.1328125
0 0.53828125 0.728125 0.1171875 0.075
0 0.5546875 0.0296875 0.1015625 0.05625
0 0.40546875 0.73515625 0.115625 0.090625
0 0.9890625 0.45 0.021875 0.1203125
0 0.16015625 0.5375 0.1734375 0.140625
0 0.29609375 0.909375 0.115625 0.1203125
0 0.79140625 0.69921875 0.096875 0.146875
0 0.0984375 0.95546875 0.08125 0.0890625
0 0.5203125 0.67265625 0.1234375 0.06875
0 0.1078125 0.33203125 0.1796875 0.1171875
0 0.32578125 0.090625 0.084375 0.0671875
0 0.71171875 0.415625 0.325 0.1921875
0 0.46171875 0.121875 0.1125 0.0625