0 0.2328125 0.10859375 0.08125 0.0984375
0 0.58828125 0.77421875 0.059375 0.1125
0 0.265625 0.4421875 0.0890625 0.0640625
0 0.43828125 0.97109375 0.065625 0.0578125
0 0.45 0.2734375 0.0640625 0.071875
0 0.51015625 0.115625 0.059375 0.140625
0 0.3375 0.94296875 0.0703125 0.1
0 0.70625 0.04921875 0.059375 0.0828125
0 0.4203125 0.04609375 0.053125 0.0828125
0 0.1296875 0.30234375 0.059375 0.084375
0 0.28203125 0.03359375 0.0796875 0.0609375
0 0.35625 0.61953125 0.075 0.065625
0 0.62265625 0.440625 0.075 0.1203125
0 0.49921875 0.9703125 0.065625 0.059375
0 0.26484375 0.271875 0.05 0.0875
0 0.12734375 0.68515625 0.0890625 0.05625
0 0.32265625 0.334375 0.0703125 0.0609375
0 0.40546875 0.540625 0.059375 0.065625
0 0.38828125 0.71484375 0.05 0.115625
0 0.09375 0.190625 0.0671875 0.05625
0 0.6640625 0.35859375 0.0484375 0.1515625
0 0.2046875 0.1984375 0.0765625 0.0734375
0 0.60859375 0.66640625 0.0484375 0.075
0 0.41484375 0.85546875 0.05 0.096875
0 0.2921875 0.77734375 0.0703125 0.06875
0 0.32734375 0.66875 0.075 0.0515625
0 0.40859375 0.121875 0.046875 0.1
0 0.36015625 0.8640625 0.0625 0.0953125
0 0.21328125 0.028125 0.0578125 0.0515625
0 0.33359375 0.23203125 0.053125 0.096875
0 0.5609375 0.3 0.05625 0.0859375
0 0.67265625 0.54921875 0.040625 0.1125
0 0.20859375 0.665625 0.053125 0.0875
0 0.45703125 0.39765625 0.075 0.0859375
0 0.59765625 0.0578125 0.04375 0.1
0 0.184375 0.7640625 0.05625 0.0828125
0 0.6078125 0.9203125 0.0546875 0.159375
0 0.284375 0.8515625 0.0828125 0.0546875
0 0.43203125 0.35625 0.0578125 0.065625
0 0.67578125 0.79296875 0.04375 0.109375
0 0.72734375 0.3609375 0.0359375 0.134375
0 0.3796875 0.16640625 0.040625 0.1
0 0.4703125 0.4859375 0.046875 0.0953125
0 0.21328125 0.36484375 0.0609375 0.059375
0 0.1875 0.1578125 0.0640625 0.0515625
0 0.59921875 0.7109375 0.0671875 0.16875
0 0.79921875 0.021875 0.0921875 0.0265625
0 0.725 0.59375 0.0328125 0.1125
0 0.9875 0.39375 0.025 0.071875
0 0.06875 0.24921875 0.0828125 0.0328125