0 0.72109375 0.66953125 0.2484375 0.2921875
0 0.1125 0.18046875 0.225 0.3390625
0 0.640625 0.2875 0.2390625 0.4125
1 0.86171875 0.421875 0.2671875 0.2953125
0 0.35078125 0.2234375 0.2546875 0.3046875
0 0.1546875 0.50625 0.2046875 0.2859375
1 0.15546875 0.69453125 0.165625 0.1515625
0 0.3875 0.83125 0.16875 0.3375
0 0.27109375 0.51875 0.0796875 0.1421875
0 0.296875 0.6453125 0.1265625 0.1109375
0 0.45546875 0.61171875 0.1890625 0.1015625
1 0.14140625 0.88203125 0.1765625 0.1890625
0 0.3828125 0.41484375 0.1734375 0.1
1 0.26953125 0.82421875 0.090625 0.159375