0 0.29140625 0.5640625 0.2640625 0.175
0 0.109375 0.59296875 0.11875 0.10625
0 0.28828125 0.125 0.2828125 0.1046875
0 0.55 0.20703125 0.29375 0.3390625
0 0.70859375 0.453125 0.24375 0.146875
0 0.875 0.24765625 0.0765625 0.0625
0 0.43203125 0.71484375 0.140625 0.1953125
0 0.28671875 0.33984375 0.2546875 0.1890625
0 0.02890625 0.29453125 0.0578125 0.0859375
0 0.83203125 0.33515625 0.0765625 0.0640625
0 0.5671875 0.54921875 0.1765625 0.1375
0 0.1328125 0.2359375 0.0875 0.0546875
0 0.39296875 0.45859375 0.1046875 0.059375
0 0.80390625 0.81796875 0.0765625 0.065625
0 0.85 0.03203125 0.1046875 0.0625
0 0.72890625 0.784375 0.0625 0.0921875
0 0.80234375 0.2453125 0.075 0.0640625
0 0.0453125 0.0734375 0.084375 0.075