0 0.6828125 0.78671875 0.19375 0.2484375
0 0.6703125 0.60390625 0.1734375 0.1234375
0 0.465625 0.72265625 0.2046875 0.1515625
0 0.86953125 0.34765625 0.2421875 0.2
0 0.6046875 0.33046875 0.13125 0.121875
0 0.48359375 0.27734375 0.153125 0.1875
0 0.26953125 0.42109375 0.1734375 0.2328125
0 0.3125 0.15546875 0.1453125 0.2984375
1 0.15 0.284375 0.246875 0.1890625
0 0.75390625 0.48359375 0.0875 0.19375
0 0.5171875 0.5875 0.115625 0.0921875
0 0.66875 0.4484375 0.0890625 0.1140625
1 0.55234375 0.875 0.15 0.221875
0 0.6359375 0.14375 0.09375 0.2875
0 0.73359375 0.2625 0.09375 0.2328125
0 0.403125 0.41796875 0.0890625 0.1
1 0.41328125 0.4953125 0.1 0.071875
0 0.49140625 0.4046875 0.08125 0.103125
0 0.56171875 0.440625 0.0828125 0.0953125
1 0.81171875 0.21640625 0.1 0.140625