0 0.37421875 0.1703125 0.1734375 0.296875
0 0.665625 0.3734375 0.2203125 0.3125
0 0.19609375 0.665625 0.1234375 0.2359375
0 0.20625 0.2078125 0.121875 0.2828125
0 0.50703125 0.46875 0.1109375 0.15
0 0.8625 0.66953125 0.275 0.29375
0 0.65625 0.68046875 0.071875 0.1
0 0.5671875 0.78515625 0.1640625 0.240625
0 0.1453125 0.8953125 0.18125 0.196875
0 0.434375 0.60625 0.096875 0.11875
0 0.425 0.40703125 0.0953125 0.13125
0 0.05234375 0.29765625 0.0921875 0.2203125
0 0.3125 0.45 0.0890625 0.165625
0 0.6171875 0.2359375 0.1578125 0.1640625
0 0.3828125 0.91015625 0.165625 0.1796875
0 0.3359375 0.3109375 0.11875 0.18125
0 0.19921875 0.43203125 0.0625 0.1140625
0 0.3984375 0.76953125 0.0921875 0.234375
0 0.60390625 0.95546875 0.1328125 0.0890625
0 0.1453125 0.45546875 0.0578125 0.1109375
0 0.028125 0.4671875 0.0234375 0.0640625
0 0.28984375 0.59375 0.0984375 0.0984375