0 0.1890625 0.15 0.3015625 0.1828125
0 0.61015625 0.50234375 0.340625 0.159375
0 0.81875 0.31015625 0.3609375 0.2
0 0.87890625 0.4671875 0.240625 0.1140625
0 0.21328125 0.7859375 0.2703125 0.3390625
0 0.15 0.4546875 0.290625 0.2
0 0.12109375 0.62421875 0.15 0.171875
0 0.678125 0.7296875 0.115625 0.1390625
0 0.44609375 0.128125 0.1578125 0.0875
0 0.81484375 0.0359375 0.1953125 0.0703125
0 0.421875 0.26484375 0.0984375 0.059375
0 0.3359375 0.38671875 0.0921875 0.0703125
0 0.32578125 0.2828125 0.15625 0.1296875
0 0.91875 0.9546875 0.1625 0.0890625
0 0.60078125 0.17265625 0.1453125 0.09375
0 0.32109375 0.0421875 0.1796875 0.0828125
0 0.5078125 0.70078125 0.16875 0.225
0 0.5203125 0.31484375 0.1015625 0.071875
0 0.95859375 0.65390625 0.075 0.065625
0 0.42109375 0.02890625 0.1109375 0.05625