1 0.8640625 0.7203125 0.1515625 0.1234375
1 0.14453125 0.609375 0.2390625 0.103125
1 0.66875 0.17578125 0.2765625 0.2984375
1 0.44609375 0.3453125 0.4234375 0.1703125
0 0.8265625 0.34140625 0.2921875 0.1828125
0 0.7859375 0.49609375 0.3046875 0.140625
0 0.3140625 0.7328125 0.3265625 0.1015625
0 0.42734375 0.88359375 0.275 0.2265625
0 0.43671875 0.490625 0.353125 0.1203125
0 0.46015625 0.61796875 0.1546875 0.1078125
0 0.63515625 0.66640625 0.1828125 0.075
1 0.81015625 0.60859375 0.1640625 0.1171875
1 0.61171875 0.55703125 0.0609375 0.0671875
0 0.61640625 0.7625 0.21875 0.121875