0 0.5671875 0.33046875 0.1921875 0.1296875
0 0.7515625 0.8578125 0.1453125 0.2015625
1 0.78515625 0.27734375 0.1296875 0.071875
0 0.1765625 0.71328125 0.2890625 0.1375
0 0.6046875 0.61015625 0.1765625 0.0984375
0 0.5828125 0.7234375 0.2234375 0.1390625
0 0.8078125 0.434375 0.278125 0.171875
1 0.8265625 0.17890625 0.13125 0.121875
0 0.31484375 0.52734375 0.1625 0.1359375
1 0.69921875 0.11796875 0.128125 0.190625
0 0.7328125 0.6015625 0.0953125 0.0984375
1 0.48359375 0.5703125 0.1953125 0.1125
0 0.53125 0.87578125 0.2359375 0.1234375
1 0.33515625 0.8375 0.1578125 0.2015625
1 0.3796875 0.65234375 0.1140625 0.09375
0 0.69375 0.21484375 0.08125 0.0828125
0 0.46015625 0.72578125 0.2328125 0.1453125