0 0.77265625 0.5109375 0.23125 0.23125
0 0.3015625 0.4296875 0.2171875 0.1984375
0 0.3546875 0.7875 0.2109375 0.1171875
0 0.5109375 0.89609375 0.1796875 0.175
0 0.571875 0.76953125 0.196875 0.115625
0 0.51875 0.35 0.1234375 0.1453125
0 0.59296875 0.525 0.1125 0.16875
0 0.540625 0.66171875 0.1609375 0.0984375
0 0.71328125 0.19765625 0.184375 0.346875
1 0.86015625 0.325 0.23125 0.2328125
0 0.44921875 0.4546875 0.0796875 0.1265625
0 0.3875 0.6640625 0.13125 0.071875
0 0.37421875 0.5671875 0.090625 0.109375
1 0.10859375 0.53046875 0.184375 0.078125
1 0.25 0.546875 0.1078125 0.078125