0 0.7875 0.63828125 0.2609375 0.134375
0 0.8125 0.15625 0.2171875 0.2671875
0 0.77734375 0.76875 0.16875 0.1203125
0 0.721875 0.4984375 0.1921875 0.090625
0 0.77890625 0.90390625 0.171875 0.159375
0 0.49140625 0.70390625 0.2671875 0.159375
1 0.14453125 0.46640625 0.2453125 0.1484375
0 0.8125 0.3796875 0.1140625 0.1171875
0 0.62265625 0.85546875 0.153125 0.175
0 0.4546875 0.29765625 0.146875 0.2
1 0.25625 0.371875 0.28125 0.1640625
0 0.8984375 0.2828125 0.16875 0.084375
0 0.57734375 0.3921875 0.153125 0.1265625
0 0.509375 0.53984375 0.09375 0.1515625
0 0.36953125 0.4953125 0.1734375 0.1375
1 0.284375 0.5796875 0.1375 0.190625
0 0.721875 0.421875 0.1296875 0.1203125