0 0.31640625 0.6640625 0.178125 0.1515625
1 0.428125 0.615625 0.1796875 0.2234375
1 0.6234375 0.73828125 0.2578125 0.178125
0 0.415625 0.353125 0.1546875 0.1875
0 0.42734375 0.78046875 0.109375 0.1359375
1 0.81875 0.1875 0.2984375 0.2859375
1 0.49140625 0.9078125 0.2046875 0.1546875
1 0.6953125 0.4765625 0.1359375 0.2296875
0 0.1421875 0.5796875 0.209375 0.14375
0 0.49375 0.45703125 0.1453125 0.128125
1 0.590625 0.44765625 0.065625 0.1375
1 0.56796875 0.6015625 0.1203125 0.125
1 0.10546875 0.72421875 0.1109375 0.1625