0 0.75625 0.46875 0.090625 0.13125
0 0.29296875 0.803125 0.1109375 0.1796875
0 0.40078125 0.9078125 0.1703125 0.1453125
0 0.7734375 0.70703125 0.0828125 0.14375
0 0.58828125 0.47578125 0.0734375 0.0828125
0 0.615625 0.0359375 0.06875 0.071875
0 0.3765625 0.46484375 0.06875 0.1484375
0 0.37578125 0.76015625 0.0859375 0.1
0 0.6015625 0.35859375 0.0859375 0.11875
0 0.8265625 0.88125 0.0734375 0.1265625
0 0.85390625 0.128125 0.0875 0.14375
0 0.65078125 0.65 0.0578125 0.134375
0 0.79921875 0.34375 0.0765625 0.0890625
0 0.08671875 0.30625 0.140625 0.134375
0 0.26171875 0.3359375 0.146875 0.234375
0 0.2765625 0.52109375 0.084375 0.1078125
0 0.6859375 0.06875 0.0546875 0.115625
0 0.57109375 0.15625 0.05 0.1171875
0 0.63359375 0.16015625 0.05625 0.15
0 0.715625 0.909375 0.0578125 0.0875
0 0.80703125 0.003125 0.0703125 0.00625
0 0.70703125 0.18125 0.0546875 0.128125
0 0.08828125 0.903125 0.071875 0.19375
0 0.378125 0.33359375 0.06875 0.1390625
0 0.69296875 0.3296875 0.06875 0.1390625
0 0.534375 0.7359375 0.11875 0.109375
0 0.28203125 0.96875 0.134375 0.0390625
0 0.9546875 0.4859375 0.065625 0.10625
0 0.228125 0.19296875 0.128125 0.146875
0 0.61015625 0.16328125 0.084375 0.1484375
0 0.94296875 0.31484375 0.059375 0.0984375
0 0.51796875 0.39921875 0.053125 0.140625
0 0.5921875 0.40390625 0.0984375 0.228125
0 0.84140625 0.25390625 0.053125 0.08125
0 0.55078125 0.9296875 0.0609375 0.071875
0 0.92890625 0.771875 0.0546875 0.06875
0 0.46328125 0.37734375 0.059375 0.1359375
0 0.4328125 0.140625 0.1078125 0.23125