0 0.60390625 0.2390625 0.134375 0.1140625
0 0.315625 0.46171875 0.1890625 0.1296875
0 0.3671875 0.22421875 0.2359375 0.1046875
0 0.69296875 0.1296875 0.1375 0.0609375
0 0.9171875 0.475 0.165625 0.11875
0 0.1328125 0.37109375 0.0984375 0.0796875
0 0.56328125 0.35234375 0.146875 0.0546875
0 0.696875 0.53125 0.340625 0.1578125
0 0.40859375 0.67109375 0.0625 0.0453125
0 0.8890625 0.3890625 0.09375 0.053125
0 0.0921875 0.2796875 0.1828125 0.0453125
0 0.59765625 0.7078125 0.0859375 0.0703125
0 0.021875 0.45390625 0.0390625 0.084375
0 0.3828125 0.7703125 0.0578125 0.0515625
0 0.69765625 0.79921875 0.140625 0.190625
0 0.4359375 0.6 0.05625 0.0609375
0 0.33828125 0.31796875 0.1859375 0.0515625
0 0.6015625 0.03515625 0.103125 0.0390625
0 0.67265625 0.66484375 0.103125 0.05625
0 0.67109375 0.76015625 0.0859375 0.10625