0 0.78828125 0.78125 0.4234375 0.35625
0 0.21171875 0.3390625 0.3875 0.25625
0 0.1875 0.60546875 0.2984375 0.2796875
0 0.2359375 0.76953125 0.315625 0.1984375
0 0.4921875 0.265625 0.121875 0.165625
0 0.3640625 0.63828125 0.1828125 0.1546875
0 0.453125 0.3765625 0.1375 0.08125
0 0.684375 0.1546875 0.25625 0.16875
0 0.62421875 0.4796875 0.221875 0.140625
0 0.696875 0.05390625 0.4125 0.0625
0 0.7578125 0.284375 0.115625 0.0734375
0 0.96484375 0.190625 0.0703125 0.0984375
0 0.384375 0.03125 0.1109375 0.03125
0 0.49375 0.865625 0.2046875 0.134375
0 0.54609375 0.6765625 0.153125 0.125
0 0.93046875 0.2890625 0.1390625 0.1546875
0 0.80390625 0.35546875 0.0765625 0.05625
0 0.05234375 0.09375 0.1 0.13125
0 0.87578125 0.10390625 0.1671875 0.134375