0 0.346875 0.45703125 0.175 0.1359375
1 0.2875 0.925 0.2921875 0.15
1 0.15859375 0.6859375 0.2140625 0.1921875
1 0.62578125 0.66171875 0.1875 0.209375
1 0.371875 0.709375 0.221875 0.290625
1 0.57578125 0.925 0.228125 0.15
1 0.73203125 0.78828125 0.1578125 0.14375
1 0.6859375 0.1203125 0.1984375 0.2046875
1 0.08125 0.534375 0.1625 0.13125
1 0.61328125 0.4984375 0.1203125 0.1234375
1 0.72265625 0.5640625 0.1140625 0.153125
1 0.65546875 0.28984375 0.1484375 0.084375
1 0.30234375 0.54921875 0.153125 0.084375
1 0.83984375 0.27578125 0.1703125 0.0890625
1 0.85078125 0.2859375 0.19375 0.1140625
1 0.8625 0.3203125 0.2109375 0.0546875