0 0.67890625 0.61171875 0.24375 0.1296875
0 0.5640625 0.88046875 0.2421875 0.2171875
0 0.68203125 0.76015625 0.2359375 0.1515625
0 0.77421875 0.47421875 0.2265625 0.153125
0 0.67578125 0.13125 0.196875 0.25625
0 0.51171875 0.2140625 0.1921875 0.15625
0 0.2515625 0.50078125 0.1796875 0.2078125
1 0.87734375 0.19375 0.2078125 0.1875
0 0.7421875 0.3484375 0.196875 0.171875
0 0.4015625 0.76171875 0.2765625 0.18125
1 0.26171875 0.28984375 0.2046875 0.2140625
0 0.43671875 0.61171875 0.1984375 0.1140625
0 0.40078125 0.490625 0.1375 0.1921875
0 0.4265625 0.32109375 0.13125 0.153125
1 0.128125 0.403125 0.215625 0.1890625
1 0.5421875 0.3515625 0.0609375 0.0859375