0 0.69296875 0.4265625 0.171875 0.1203125
0 0.8296875 0.91953125 0.1921875 0.1609375
0 0.93359375 0.67890625 0.1328125 0.1890625
0 0.221875 0.5453125 0.3765625 0.26875
0 0.9640625 0.82109375 0.071875 0.1765625
0 0.91015625 0.38515625 0.1796875 0.153125
0 0.56484375 0.4703125 0.134375 0.2046875
0 0.7984375 0.7859375 0.1328125 0.1734375
0 0.42109375 0.7953125 0.2375 0.3796875
0 0.85234375 0.53046875 0.1265625 0.14375
0 0.59375 0.75234375 0.125 0.275
0 0.70703125 0.28671875 0.2265625 0.1921875
0 0.85234375 0.19375 0.2015625 0.265625
0 0.4234375 0.39375 0.1859375 0.3765625
0 0.65 0.62421875 0.1203125 0.1
1 0.96640625 0.9625 0.0671875 0.075
0 0.78515625 0.65703125 0.115625 0.090625
0 0.68828125 0.834375 0.1421875 0.315625
1 0.66484375 0.559375 0.090625 0.0625