1 0.27734375 0.29375 0.13125 0.2640625
0 0.86953125 0.78359375 0.246875 0.2703125
0 0.68515625 0.33359375 0.184375 0.146875
1 0.37421875 0.63515625 0.15 0.3203125
0 0.7671875 0.5328125 0.1765625 0.24375
0 0.6578125 0.81875 0.165625 0.3265625
0 0.54921875 0.63046875 0.1609375 0.2
0 0.51875 0.3359375 0.1 0.0703125
0 0.53515625 0.1875 0.1328125 0.228125
0 0.61328125 0.3953125 0.09375 0.11875
1 0.1578125 0.55859375 0.265625 0.265625
1 0.38828125 0.33671875 0.078125 0.16875
0 0.665625 0.48046875 0.109375 0.1640625
0 0.4953125 0.47578125 0.13125 0.1484375
0 0.6828125 0.15 0.1640625 0.2234375
1 0.56015625 0.059375 0.09375 0.0765625