1 0.609375 0.82265625 0.23125 0.2734375
0 0.21875 0.12890625 0.3484375 0.2578125
0 0.67109375 0.41953125 0.084375 0.125
0 0.78046875 0.646875 0.28125 0.175
0 0.22421875 0.30625 0.39375 0.1875
0 0.54453125 0.28828125 0.1515625 0.08125
0 0.49140625 0.17265625 0.2359375 0.234375
0 0.8421875 0.30625 0.315625 0.2328125
1 0.45 0.62421875 0.3125 0.175
0 0.45078125 0.5125 0.3015625 0.15625
0 0.7390625 0.50546875 0.2359375 0.153125
1 0.65234375 0.2421875 0.1203125 0.128125
0 0.4515625 0.375 0.1296875 0.15625
0 0.6609375 0.3140625 0.078125 0.1125
1 0.87578125 0.2328125 0.18125 0.0796875
1 0.38046875 0.353125 0.08125 0.071875