0 0.85546875 0.37578125 0.28125 0.21875
0 0.6921875 0.20703125 0.171875 0.3515625
0 0.5375 0.70859375 0.1828125 0.1296875
0 0.29453125 0.165625 0.140625 0.2640625
0 0.71796875 0.57265625 0.1359375 0.303125
0 0.16640625 0.40234375 0.1828125 0.21875
0 0.25078125 0.509375 0.1421875 0.225
0 0.34140625 0.69375 0.178125 0.121875
0 0.50859375 0.5921875 0.11875 0.0875
0 0.55625 0.3015625 0.115625 0.2203125
0 0.58125 0.553125 0.09375 0.2375
1 0.1171875 0.15859375 0.2015625 0.1953125
0 0.4125 0.34921875 0.1171875 0.1984375
0 0.4328125 0.8625 0.1609375 0.246875