0 0.6234375 0.37578125 0.246875 0.2703125
0 0.41328125 0.20546875 0.2140625 0.3578125
0 0.90234375 0.47890625 0.1953125 0.265625
1 0.75859375 0.90390625 0.1609375 0.1921875
0 0.384375 0.690625 0.2859375 0.3875
0 0.8171875 0.6359375 0.1234375 0.2125
1 0.15 0.28671875 0.1953125 0.1609375
0 0.75859375 0.4296875 0.1234375 0.20625
0 0.8859375 0.7703125 0.209375 0.1703125
0 0.18984375 0.44140625 0.290625 0.175
0 0.63984375 0.66953125 0.1203125 0.2109375
0 0.7640625 0.74921875 0.0953125 0.1375
1 0.609375 0.8703125 0.1796875 0.1875