0 0.6015625 0.55390625 0.1625 0.3234375
0 0.871875 0.1953125 0.25625 0.321875
1 0.2265625 0.87421875 0.1890625 0.2515625
1 0.15703125 0.62265625 0.296875 0.259375
0 0.78671875 0.4765625 0.2734375 0.309375
0 0.6625 0.18046875 0.196875 0.309375
1 0.459375 0.8109375 0.2828125 0.290625
1 0.40859375 0.20234375 0.1578125 0.2515625
0 0.38359375 0.528125 0.1109375 0.1203125
0 0.26328125 0.43203125 0.178125 0.1078125
0 0.490625 0.46953125 0.1015625 0.0921875
0 0.48515625 0.6609375 0.1359375 0.296875
0 0.50078125 0.29453125 0.1953125 0.2484375
0 0.24140625 0.51328125 0.1734375 0.121875