0 0.353125 0.84453125 0.171875 0.3015625
0 0.26796875 0.55078125 0.2015625 0.29375
0 0.13828125 0.77578125 0.2765625 0.2484375
0 0.45 0.73125 0.0890625 0.1828125
1 0.8046875 0.8328125 0.184375 0.2
1 0.6671875 0.14375 0.1546875 0.2875
0 0.64453125 0.5015625 0.0984375 0.184375
0 0.42265625 0.55703125 0.08125 0.15625
0 0.828125 0.61640625 0.3375 0.2515625
0 0.72734375 0.3625 0.1921875 0.14375
0 0.63125 0.728125 0.1265625 0.2734375
0 0.5359375 0.34296875 0.15625 0.1203125
0 0.56015625 0.6453125 0.065625 0.1265625