0 0.17265625 0.34609375 0.3453125 0.2234375
0 0.77734375 0.39609375 0.4234375 0.2890625
0 0.15 0.62421875 0.3 0.228125
0 0.3640625 0.19375 0.25 0.153125
0 0.51484375 0.79296875 0.2828125 0.1890625
0 0.32109375 0.43671875 0.16875 0.1359375
0 0.30390625 0.9015625 0.2171875 0.196875
0 0.91015625 0.18046875 0.1796875 0.3109375
0 0.5234375 0.459375 0.18125 0.1390625
0 0.4453125 0.3078125 0.09375 0.065625
0 0.6359375 0.61328125 0.4375 0.228125
0 0.61796875 0.30234375 0.1421875 0.1078125
0 0.02890625 0.19296875 0.0578125 0.0796875
0 0.8703125 0.76484375 0.2125 0.4703125
0 0.159375 0.8546875 0.31875 0.290625