1 0.165625 0.37578125 0.28125 0.1609375
0 0.21015625 0.575 0.340625 0.2125
0 0.81953125 0.35234375 0.3609375 0.203125
0 0.63046875 0.8421875 0.2828125 0.28125
0 0.5046875 0.23125 0.303125 0.2359375
0 0.77421875 0.13984375 0.3921875 0.2796875
0 0.72109375 0.57578125 0.2765625 0.1890625
0 0.44453125 0.60234375 0.121875 0.1859375
0 0.36171875 0.453125 0.1453125 0.1609375
0 0.63515625 0.4140625 0.090625 0.090625
0 0.54765625 0.4359375 0.1328125 0.0703125
1 0.87578125 0.8265625 0.2484375 0.290625
0 0.53671875 0.37734375 0.1390625 0.06875