0 0.1 0.8078125 0.2 0.2484375
0 0.29140625 0.8578125 0.175 0.284375
1 0.8125 0.82578125 0.2296875 0.14375
0 0.47109375 0.48671875 0.175 0.10625
0 0.778125 0.27421875 0.3546875 0.3078125
0 0.6359375 0.53828125 0.1515625 0.153125
0 0.171875 0.56640625 0.1703125 0.3109375
0 0.3265625 0.5671875 0.0984375 0.196875
0 0.4078125 0.72734375 0.1140625 0.128125
0 0.48671875 0.76640625 0.0703125 0.1421875
1 0.50859375 0.3640625 0.15 0.15625
0 0.5375 0.67421875 0.0828125 0.084375
1 0.740625 0.9390625 0.15625 0.121875
1 0.58515625 0.91875 0.1546875 0.1234375
0 0.609375 0.696875 0.0984375 0.0828125
1 0.59921875 0.85390625 0.1734375 0.2578125