1 0.22734375 0.928125 0.140625 0.14375
1 0.38125 0.1625 0.1234375 0.26875
1 0.8203125 0.76953125 0.3125 0.3234375
1 0.65859375 0.5140625 0.20625 0.4765625
0 0.646875 0.8828125 0.2109375 0.234375
0 0.47734375 0.85078125 0.16875 0.2984375
0 0.2375 0.3390625 0.125 0.365625
0 0.09921875 0.45234375 0.1984375 0.3171875
0 0.4984375 0.4921875 0.146875 0.396875
0 0.3578125 0.5078125 0.125 0.178125
0 0.296875 0.69609375 0.0890625 0.20625
1 0.35234375 0.89296875 0.1359375 0.190625
1 0.4171875 0.67890625 0.078125 0.0703125
0 0.19140625 0.66875 0.14375 0.25