0 0.73828125 0.85625 0.1859375 0.26875
0 0.584375 0.72578125 0.2125 0.1984375
0 0.296875 0.5125 0.1484375 0.2390625
0 0.33125 0.26640625 0.140625 0.2375
0 0.7640625 0.48828125 0.215625 0.196875
0 0.428125 0.50859375 0.1328125 0.20625
1 0.58515625 0.17109375 0.1328125 0.134375
1 0.1515625 0.35703125 0.2796875 0.2109375
1 0.7546875 0.18203125 0.1609375 0.115625
0 0.65390625 0.2953125 0.0875 0.1640625
0 0.52421875 0.50390625 0.0734375 0.1625
1 0.83203125 0.6640625 0.2609375 0.15625
1 0.58359375 0.57578125 0.1203125 0.0921875
1 0.4578125 0.3421875 0.11875 0.1203125
1 0.69921875 0.07421875 0.11875 0.125
1 0.73828125 0.34921875 0.1015625 0.15
0 0.61875 0.47265625 0.0671875 0.125
1 0.67578125 0.4328125 0.0703125 0.09375
0 0.5703125 0.3578125 0.0703125 0.0890625