0 0.63828125 0.840625 0.28125 0.2265625
0 0.2140625 0.35703125 0.26875 0.2421875
1 0.1328125 0.11796875 0.265625 0.2359375
0 0.375 0.4296875 0.18125 0.234375
0 0.378125 0.11875 0.1984375 0.2375
0 0.7828125 0.41796875 0.1890625 0.2046875
0 0.76484375 0.68046875 0.3171875 0.2234375
0 0.6921875 0.1984375 0.171875 0.24375
0 0.6890625 0.43359375 0.0765625 0.1234375
0 0.51953125 0.553125 0.1796875 0.1375
0 0.53515625 0.21328125 0.203125 0.2125
0 0.49609375 0.74375 0.2390625 0.25625
0 0.6890625 0.528125 0.16875 0.146875
0 0.59921875 0.34453125 0.140625 0.090625
0 0.878125 0.24609375 0.215625 0.2546875
0 0.59375 0.425 0.1171875 0.075