0 0.65234375 0.74140625 0.1875 0.3828125
1 0.828125 0.5359375 0.25 0.2296875
0 0.15 0.51953125 0.2234375 0.2484375
1 0.67421875 0.3421875 0.178125 0.3484375
0 0.09609375 0.76953125 0.1921875 0.33125
0 0.2484375 0.8140625 0.2015625 0.371875
0 0.28515625 0.45859375 0.115625 0.1953125
0 0.52890625 0.690625 0.1328125 0.2984375
0 0.34140625 0.32890625 0.1421875 0.1203125
0 0.55546875 0.35078125 0.1234375 0.28125
0 0.409375 0.2015625 0.18125 0.2171875
0 0.3546875 0.67109375 0.165625 0.23125
0 0.46171875 0.3453125 0.11875 0.1078125
1 0.45 0.6375 0.0609375 0.1796875
1 0.415625 0.05 0.10625 0.0890625