0 0.70390625 0.31328125 0.396875 0.2046875
0 0.840625 0.74921875 0.3015625 0.23125
1 0.21875 0.86640625 0.25625 0.2671875
0 0.55703125 0.578125 0.096875 0.1140625
0 0.25234375 0.31171875 0.4421875 0.2109375
0 0.7078125 0.58671875 0.246875 0.18125
1 0.14453125 0.6859375 0.215625 0.1296875
1 0.5203125 0.1265625 0.328125 0.24375
0 0.21640625 0.46640625 0.353125 0.1515625
0 0.31953125 0.6390625 0.23125 0.1625
0 0.59921875 0.76171875 0.196875 0.2109375
0 0.515625 0.46015625 0.1640625 0.0890625
1 0.11875 0.59921875 0.2109375 0.078125