0 0.7078125 0.28984375 0.2578125 0.171875
0 0.30859375 0.88828125 0.1453125 0.221875
0 0.55546875 0.13671875 0.16875 0.2515625
0 0.14140625 0.85390625 0.19375 0.2
0 0.20859375 0.6890625 0.2046875 0.1796875
0 0.77578125 0.65546875 0.146875 0.1953125
0 0.3765625 0.48515625 0.1609375 0.13125
0 0.90625 0.7609375 0.1875 0.1765625
0 0.66328125 0.47265625 0.178125 0.15
0 0.3375 0.62109375 0.14375 0.1828125
0 0.40546875 0.334375 0.1734375 0.171875
0 0.67109375 0.8640625 0.159375 0.196875
0 0.5359375 0.39921875 0.1515625 0.1359375
0 0.584375 0.51328125 0.1390625 0.0765625
0 0.68515625 0.64609375 0.08125 0.1359375
0 0.44765625 0.5890625 0.10625 0.125
0 0.61640625 0.6515625 0.0828125 0.121875
0 0.5921875 0.79765625 0.1109375 0.1140625
0 0.81796875 0.93046875 0.159375 0.1390625
0 0.45 0.825 0.1625 0.196875
1 0.93203125 0.9234375 0.1359375 0.153125
0 0.45390625 0.24375 0.2 0.153125
0 0.9296875 0.9234375 0.140625 0.153125
0 0.5 0.81796875 0.0984375 0.203125