0 0.49140625 0.71015625 0.153125 0.19375
0 0.4734375 0.56953125 0.171875 0.159375
0 0.47265625 0.85390625 0.15 0.1125
0 0.28671875 0.51953125 0.18125 0.065625
0 0.378125 0.103125 0.140625 0.1359375
0 0.30390625 0.42109375 0.1796875 0.065625
0 0.15078125 0.38671875 0.178125 0.090625
0 0.20546875 0.72421875 0.184375 0.2625
0 0.58515625 0.3859375 0.1046875 0.06875
0 0.12265625 0.521875 0.159375 0.0625
0 0.73671875 0.50859375 0.1484375 0.05625
0 0.86640625 0.59765625 0.1328125 0.0640625
0 0.0890625 0.03671875 0.165625 0.071875
0 0.42734375 0.440625 0.103125 0.0515625
0 0.12734375 0.278125 0.0890625 0.090625
0 0.7390625 0.1015625 0.0953125 0.0734375
0 0.6203125 0.57890625 0.10625 0.053125
0 0.678125 0.63671875 0.10625 0.065625
0 0.70859375 0.2203125 0.0546875 0.053125
0 0.1953125 0.26796875 0.06875 0.0765625
0 0.890625 0.29453125 0.1828125 0.1078125
0 0.7203125 0.86171875 0.0421875 0.0484375
0 0.796875 0.24296875 0.065625 0.0515625
0 0.84296875 0.6953125 0.0796875 0.075
0 0.96484375 0.18828125 0.0703125 0.2109375
0 0.975 0.80859375 0.05 0.0609375
0 0.06953125 0.75078125 0.1390625 0.43125
0 0.01640625 0.315625 0.0328125 0.0875
0 0.51796875 0.06875 0.053125 0.0625
0 0.08515625 0.140625 0.103125 0.0375
0 0.54375 0.91015625 0.05 0.0984375
0 0.240625 0.3203125 0.08125 0.0359375
0 0.071875 0.64765625 0.14375 0.1859375
0 0.54375 0.4796875 0.0515625 0.0453125
0 0.01953125 0.3078125 0.0390625 0.1078125
0 0.96484375 0.428125 0.0703125 0.065625