0 0.78671875 0.8640625 0.225 0.24375
0 0.540625 0.78671875 0.28125 0.178125
0 0.18828125 0.21015625 0.3453125 0.340625
0 0.46171875 0.33125 0.1453125 0.1578125
0 0.43125 0.49453125 0.103125 0.165625
0 0.8359375 0.64140625 0.2828125 0.171875
0 0.67421875 0.5390625 0.1171875 0.1203125
0 0.52265625 0.6328125 0.1875 0.0859375
1 0.7296875 0.13203125 0.14375 0.2296875
1 0.7890625 0.33828125 0.2421875 0.1859375
1 0.8671875 0.18671875 0.146875 0.1484375
0 0.7046875 0.4578125 0.1359375 0.0609375
0 0.609375 0.415625 0.0890625 0.0796875
1 0.3078125 0.46640625 0.15 0.1484375
0 0.62734375 0.3390625 0.0875 0.0984375