0 0.471875 0.85390625 0.209375 0.2921875
0 0.684375 0.4765625 0.23125 0.3234375
0 0.71875 0.6796875 0.146875 0.1875
0 0.0953125 0.1328125 0.078125 0.134375
0 0.3359375 0.31640625 0.3328125 0.4140625
0 0.1421875 0.8015625 0.1703125 0.2421875
0 0.63203125 0.89765625 0.1265625 0.2015625
0 0.03828125 0.575 0.0765625 0.16875
0 0.103125 0.30234375 0.1375 0.1328125
0 0.08984375 0.909375 0.1578125 0.18125
0 0.65 0.16796875 0.0859375 0.1125
0 0.71953125 0.128125 0.09375 0.1671875
0 0.8390625 0.89375 0.134375 0.1625
0 0.903125 0.65546875 0.1125 0.1921875
0 0.11796875 0.63203125 0.065625 0.075
0 0.56875 0.3015625 0.1671875 0.159375