0 0.503125 0.225 0.2953125 0.2203125
0 0.25859375 0.13671875 0.3296875 0.2734375
0 0.50703125 0.72890625 0.25 0.1546875
0 0.32890625 0.4328125 0.196875 0.140625
0 0.565625 0.36640625 0.2875 0.125
0 0.1796875 0.31953125 0.359375 0.1734375
0 0.5828125 0.59296875 0.15 0.1515625
0 0.37734375 0.87109375 0.221875 0.203125
0 0.2921875 0.62734375 0.215625 0.14375
0 0.69140625 0.4578125 0.178125 0.153125
0 0.8109375 0.55078125 0.3265625 0.2109375
0 0.11875 0.91015625 0.2375 0.175
0 0.18046875 0.75625 0.265625 0.13125
0 0.40625 0.51015625 0.2125 0.08125
0 0.59375 0.4578125 0.0765625 0.09375