0 0.4140625 0.34375 0.1609375 0.1328125
1 0.67265625 0.85 0.1609375 0.2671875
0 0.1640625 0.59375 0.3078125 0.2484375
0 0.72578125 0.559375 0.1671875 0.2578125
0 0.53671875 0.73359375 0.1734375 0.1953125
0 0.5125 0.43515625 0.115625 0.184375
0 0.325 0.45546875 0.1421875 0.2171875
1 0.46171875 0.16796875 0.1515625 0.2609375
0 0.615625 0.51953125 0.125 0.215625
0 0.37421875 0.675 0.153125 0.2078125
0 0.43359375 0.60859375 0.0625 0.11875
0 0.415625 0.5078125 0.0453125 0.096875
0 0.82890625 0.790625 0.1765625 0.21875