1 0.11484375 0.2375 0.2234375 0.3125
0 0.59375 0.79765625 0.134375 0.31875
0 0.28984375 0.2078125 0.1390625 0.3640625
1 0.84921875 0.5171875 0.2984375 0.2640625
1 0.60078125 0.478125 0.1765625 0.278125
1 0.73125 0.7625 0.1875 0.2640625
0 0.2296875 0.49375 0.1359375 0.2421875
0 0.378125 0.3625 0.1296875 0.1890625
0 0.3671875 0.72890625 0.1265625 0.2578125
0 0.47578125 0.80703125 0.0984375 0.15
0 0.325 0.53359375 0.078125 0.171875
1 0.50078125 0.49375 0.15 0.246875
1 0.38515625 0.88203125 0.0890625 0.1703125
1 0.3 0.93203125 0.109375 0.1359375