0 0.42421875 0.7671875 0.215625 0.1109375
0 0.05234375 0.7796875 0.1046875 0.18125
0 0.55546875 0.2296875 0.1828125 0.1859375
0 0.0328125 0.0640625 0.065625 0.109375
0 0.2171875 0.3609375 0.1671875 0.0890625
0 0.76640625 0.2203125 0.1296875 0.1328125
0 0.5 0.596875 0.1390625 0.20625
0 0.1703125 0.08359375 0.2671875 0.1671875
0 0.3859375 0.91328125 0.3671875 0.1625
0 0.2578125 0.47109375 0.1390625 0.1125
0 0.140625 0.2375 0.1828125 0.0859375
0 0.03203125 0.42265625 0.0640625 0.0671875
0 0.02734375 0.61015625 0.0546875 0.0671875
0 0.671875 0.7109375 0.140625 0.178125
0 0.63984375 0.3796875 0.1390625 0.103125
0 0.74921875 0.9546875 0.203125 0.059375
0 0.76484375 0.49375 0.184375 0.1171875
0 0.79921875 0.03515625 0.1171875 0.0703125
0 0.37421875 0.42109375 0.103125 0.078125
0 0.028125 0.4796875 0.05625 0.059375
0 0.03203125 0.45390625 0.0640625 0.0953125
0 0.2234375 0.72421875 0.18125 0.0671875
0 0.2984375 0.66796875 0.1578125 0.109375
0 0.10703125 0.89921875 0.1171875 0.1421875
0 0.925 0.00703125 0.0640625 0.0140625
0 0.9234375 0.4734375 0.14375 0.084375
0 0.859375 0.12734375 0.0625 0.0609375
0 0.121875 0.54375 0.1015625 0.1421875
0 0.73984375 0.778125 0.1234375 0.103125
0 0.65546875 0.571875 0.1109375 0.128125