0 0.52421875 0.328125 0.128125 0.053125
0 0.140625 0.36171875 0.14375 0.0453125
0 0.4328125 0.41171875 0.1203125 0.0625
0 0.55703125 0.89609375 0.090625 0.065625
0 0.75625 0.80625 0.078125 0.0828125
0 0.259375 0.44921875 0.1359375 0.071875
0 0.4578125 0.63828125 0.0953125 0.065625
0 0.5703125 0.546875 0.1234375 0.0625
0 0.65703125 0.85078125 0.1078125 0.053125
0 0.46484375 0.84609375 0.103125 0.071875
0 0.53125 0.66328125 0.0875 0.0515625
0 0.8171875 0.6796875 0.084375 0.06875
0 0.1546875 0.8078125 0.075 0.05
0 0.359375 0.50234375 0.1296875 0.05625
0 0.27734375 0.66875 0.075 0.08125
0 0.26875 0.87734375 0.0625 0.0859375
0 0.30625 0.3578125 0.1234375 0.04375
0 0.34140625 0.56484375 0.084375 0.071875
0 0.38984375 0.7796875 0.1046875 0.0640625
0 0.72890625 0.41015625 0.09375 0.0421875
0 0.70625 0.640625 0.0625 0.08125
0 0.86875 0.8890625 0.0765625 0.1171875
0 0.134375 0.8703125 0.1078125 0.053125
0 0.2296875 0.73125 0.1078125 0.046875
0 0.9609375 0.68671875 0.075 0.075
0 0.57109375 0.69921875 0.096875 0.04375
0 0.3453125 0.70234375 0.1 0.125
0 0.91875 0.58671875 0.1109375 0.0625
0 0.2078125 0.3 0.103125 0.0328125
0 0.621875 0.97734375 0.075 0.0453125
0 0.76484375 0.5078125 0.0859375 0.0421875
0 0.34140625 0.8234375 0.0796875 0.059375
0 0.62734375 0.7640625 0.09375 0.0515625
0 0.18984375 0.9734375 0.0640625 0.053125
0 0.7171875 0.034375 0.0859375 0.0578125
0 0.615625 0.49296875 0.128125 0.0515625
0 0.66171875 0.7359375 0.0984375 0.0359375
0 0.49609375 0.97890625 0.06875 0.0421875
0 0.16171875 0.93203125 0.065625 0.053125
0 0.76015625 0.71015625 0.0890625 0.04375
0 0.84609375 0.4953125 0.103125 0.0328125
0 0.22109375 0.54296875 0.053125 0.08125
0 0.7390625 0.57578125 0.090625 0.03125
0 0.490625 0.86015625 0.175 0.0953125
0 0.640625 0.60390625 0.05625 0.053125
0 0.4578125 0.075 0.103125 0.03125
0 0.1578125 0.71328125 0.0515625 0.0625
0 0.22265625 0.8328125 0.0796875 0.04375
0 0.81171875 0.55703125 0.0671875 0.0390625