0 0.67734375 0.47109375 0.21875 0.2484375
0 0.3890625 0.7 0.1875 0.2703125
0 0.48828125 0.82265625 0.184375 0.278125
0 0.915625 0.1921875 0.16875 0.2625
0 0.72421875 0.74375 0.3203125 0.2890625
0 0.415625 0.05859375 0.11875 0.103125
1 0.2578125 0.0875 0.159375 0.165625
0 0.096875 0.56328125 0.1234375 0.146875
0 0.5328125 0.22890625 0.1875 0.1796875
0 0.1609375 0.76796875 0.178125 0.1359375
0 0.090625 0.41328125 0.115625 0.1453125
0 0.1171875 0.896875 0.1015625 0.1359375
0 0.0578125 0.2453125 0.0984375 0.1765625
0 0.1953125 0.3578125 0.115625 0.2734375
0 0.34375 0.0359375 0.0859375 0.0578125
0 0.6765625 0.13515625 0.1484375 0.2
0 0.71171875 0.9375 0.284375 0.125
0 0.146875 0.22890625 0.08125 0.153125
0 0.95703125 0.4375 0.075 0.1640625
0 0.41796875 0.50625 0.1015625 0.1
0 0.3640625 0.39140625 0.096875 0.1734375
0 0.58046875 0.61875 0.0703125 0.1125
0 0.92890625 0.83203125 0.121875 0.1875
0 0.85625 0.48828125 0.11875 0.2265625
0 0.978125 0.77421875 0.04375 0.190625
0 0.090625 0.0921875 0.18125 0.1796875
0 0.9578125 0.6 0.084375 0.209375
0 0.28203125 0.340625 0.0984375 0.096875
0 0.42890625 0.3984375 0.103125 0.1