0 0.6703125 0.2046875 0.2375 0.3828125
0 0.53671875 0.8546875 0.2703125 0.290625
0 0.334375 0.32734375 0.190625 0.3171875
0 0.27421875 0.76875 0.2125 0.3015625
0 0.29375 0.9390625 0.1375 0.121875
0 0.346875 0.08046875 0.14375 0.146875
0 0.909375 0.95234375 0.0765625 0.0796875
0 0.76796875 0.41640625 0.1125 0.19375
0 0.0515625 0.9625 0.084375 0.075
0 0.8078125 0.503125 0.0796875 0.103125
0 0.1484375 0.978125 0.09375 0.04375
0 0.953125 0.4328125 0.053125 0.0484375
0 0.46796875 0.61171875 0.096875 0.1234375
0 0.84296875 0.65546875 0.078125 0.11875
0 0.7203125 0.6484375 0.1390625 0.159375
0 0.0671875 0.61484375 0.1109375 0.103125
0 0.4390625 0.23828125 0.1125 0.21875
0 0.82578125 0.684375 0.0921875 0.1359375
0 0.1484375 0.578125 0.078125 0.0859375
0 0.79140625 0.478125 0.09375 0.1546875