0 0.08828125 0.46796875 0.1578125 0.0875
0 0.23515625 0.3015625 0.1234375 0.071875
0 0.23359375 0.6015625 0.1359375 0.0734375
0 0.48984375 0.45078125 0.1 0.1359375
0 0.3515625 0.69921875 0.1578125 0.0609375
0 0.471875 0.884375 0.096875 0.109375
0 0.634375 0.071875 0.1390625 0.1296875
0 0.91796875 0.496875 0.096875 0.1
0 0.221875 0.48125 0.1625 0.1296875
0 0.58046875 0.6234375 0.1296875 0.13125
0 0.6140625 0.72109375 0.1875 0.0734375
0 0.5640625 0.340625 0.1453125 0.0578125
0 0.71953125 0.35234375 0.0703125 0.0625
0 0.3890625 0.61171875 0.1421875 0.0578125
0 0.94375 0.115625 0.0859375 0.075
0 0.41015625 0.83359375 0.0953125 0.0796875
0 0.20546875 0.35859375 0.0734375 0.0765625
0 0.27421875 0.225 0.1484375 0.053125
0 0.840625 0.3859375 0.0765625 0.0546875
0 0.515625 0.20546875 0.1734375 0.0640625
0 0.715625 0.5140625 0.1671875 0.05625
0 0.303125 0.09375 0.0828125 0.090625
0 0.76875 0.16015625 0.0828125 0.078125
0 0.98125 0.20625 0.028125 0.0546875
0 0.63203125 0.39765625 0.1265625 0.05625
0 0.4046875 0.515625 0.1140625 0.053125
0 0.5296875 0.52578125 0.1421875 0.0734375
0 0.93359375 0.3671875 0.115625 0.0578125
0 0.34921875 0.32109375 0.1265625 0.04375
0 0.40546875 0.359375 0.1640625 0.0421875
0 0.475 0.12734375 0.0765625 0.0578125
0 0.8890625 0.21796875 0.08125 0.0609375
0 0.43046875 0.7484375 0.0953125 0.05
0 0.16640625 0.00546875 0.1703125 0.0109375
0 0.596875 0.2265625 0.1265625 0.046875