0 0.8671875 0.81328125 0.2453125 0.25
0 0.8296875 0.5765625 0.228125 0.225
0 0.76953125 0.1484375 0.20625 0.2421875
0 0.2859375 0.28046875 0.1796875 0.253125
0 0.646875 0.80234375 0.1953125 0.31875
0 0.77890625 0.34765625 0.215625 0.15
0 0.5859375 0.27109375 0.18125 0.146875
0 0.4046875 0.54921875 0.1265625 0.21875
0 0.28046875 0.56953125 0.134375 0.25
0 0.7203125 0.50703125 0.15 0.1640625
0 0.57421875 0.59765625 0.1484375 0.1171875
0 0.4203125 0.78515625 0.165625 0.13125
0 0.41484375 0.334375 0.096875 0.15
0 0.540625 0.49921875 0.15 0.153125
0 0.5015625 0.846875 0.0984375 0.1875
0 0.41875 0.90625 0.1625 0.1265625
1 0.1359375 0.4296875 0.228125 0.1328125