0 0.87109375 0.9296875 0.2578125 0.1078125
0 0.1578125 0.59140625 0.2796875 0.2078125
0 0.87890625 0.73515625 0.2421875 0.2109375
0 0.359375 0.71875 0.1421875 0.246875
0 0.63984375 0.890625 0.2546875 0.196875
0 0.775 0.6625 0.1796875 0.2109375
0 0.325 0.4671875 0.1484375 0.2375
0 0.5484375 0.74765625 0.25 0.128125
0 0.78984375 0.39609375 0.25625 0.153125
1 0.68671875 0.096875 0.1921875 0.19375
0 0.49609375 0.35546875 0.2515625 0.140625
0 0.72734375 0.52109375 0.1796875 0.134375
1 0.75 0.26484375 0.14375 0.1046875
1 0.584375 0.2546875 0.1328125 0.1125