1 0.71640625 0.65078125 0.1828125 0.1671875
0 0.22265625 0.16953125 0.3 0.3328125
0 0.59609375 0.74296875 0.2125 0.1265625
0 0.175 0.4125 0.35 0.19375
0 0.5109375 0.88984375 0.228125 0.2
0 0.4578125 0.2859375 0.221875 0.2390625
1 0.84609375 0.50859375 0.26875 0.1578125
0 0.4015625 0.6484375 0.1578125 0.096875
0 0.34609375 0.5390625 0.1546875 0.1625
0 0.27421875 0.64453125 0.14375 0.1140625
0 0.35546875 0.77578125 0.25625 0.1578125
0 0.55078125 0.6359375 0.1484375 0.0859375
0 0.57109375 0.534375 0.19375 0.1359375
0 0.64765625 0.43359375 0.1140625 0.1375
1 0.22421875 0.8515625 0.1625 0.196875