0 0.48671875 0.24296875 0.1375 0.1
0 0.775 0.49609375 0.175 0.1109375
0 0.36484375 0.31015625 0.1078125 0.053125
0 0.41328125 0.57734375 0.19375 0.1796875
0 0.24609375 0.40234375 0.128125 0.0828125
0 0.81875 0.4203125 0.1359375 0.0765625
0 0.79375 0.27109375 0.203125 0.078125
0 0.75390625 0.603125 0.1421875 0.078125
0 0.0796875 0.515625 0.109375 0.1
0 0.621875 0.475 0.109375 0.05625
0 0.93515625 0.4859375 0.125 0.11875
0 0.14609375 0.03203125 0.1234375 0.0609375
0 0.953125 0.64921875 0.0921875 0.0859375
0 0.690625 0.703125 0.203125 0.1234375
0 0.759375 0.33515625 0.1328125 0.0609375
0 0.38828125 0.15703125 0.109375 0.065625
0 0.24609375 0.92109375 0.0625 0.0453125
0 0.96796875 0.721875 0.0625 0.0703125
0 0.32109375 0.92109375 0.0578125 0.0734375
0 0.221875 0.05390625 0.1546875 0.1078125
0 0.24609375 0.259375 0.2 0.090625
0 0.13125 0.28984375 0.0859375 0.0703125
0 0.97109375 0.8078125 0.0578125 0.05625
0 0.975 0.89609375 0.046875 0.1734375
0 0.26171875 0.178125 0.1140625 0.0796875
0 0.07265625 0.76015625 0.0546875 0.0515625
0 0.26015625 0.528125 0.0875 0.1
0 0.75625 0.96796875 0.1546875 0.0625
0 0.515625 0.80078125 0.0484375 0.05
0 0.2140625 0.8046875 0.05625 0.046875