0 0.3171875 0.5625 0.109375 0.1953125
1 0.10078125 0.42578125 0.1765625 0.1484375
0 0.66640625 0.490625 0.1203125 0.2265625
0 0.878125 0.16015625 0.21875 0.2453125
0 0.6375 0.68984375 0.2 0.1203125
0 0.4078125 0.74765625 0.2140625 0.1328125
0 0.79296875 0.41953125 0.2046875 0.23125
0 0.55390625 0.296875 0.1703125 0.159375
1 0.228125 0.5 0.0953125 0.1015625
0 0.6375 0.1515625 0.1890625 0.2734375
0 0.48359375 0.3859375 0.090625 0.1015625
1 0.225 0.37265625 0.0828125 0.1140625
1 0.3421875 0.2640625 0.090625 0.075
0 0.403125 0.475 0.0875 0.096875
0 0.58515625 0.5796875 0.128125 0.115625
0 0.45390625 0.5921875 0.109375 0.0671875
1 0.371875 0.5765625 0.046875 0.1265625
0 0.3265625 0.37109375 0.2015625 0.146875
0 0.54375 0.8734375 0.1671875 0.225