0 0.45703125 0.1640625 0.115625 0.059375
0 0.55234375 0.09609375 0.1234375 0.040625
0 0.246875 0.21875 0.1078125 0.0578125
0 0.67734375 0.509375 0.1859375 0.13125
0 0.7671875 0.265625 0.165625 0.0578125
0 0.56015625 0.7046875 0.1640625 0.18125
0 0.65 0.32890625 0.0921875 0.046875
0 0.38125 0.05703125 0.1328125 0.0390625
0 0.04375 0.33125 0.078125 0.05
0 0.14296875 0.45390625 0.15 0.06875
0 0.73515625 0.403125 0.215625 0.1015625
0 0.05078125 0.26171875 0.1015625 0.0390625
0 0.9796875 0.58984375 0.040625 0.1015625
0 0.8609375 0.7203125 0.1125 0.0625
0 0.77734375 0.5953125 0.15625 0.065625
0 0.39609375 0.840625 0.1015625 0.103125
0 0.375 0.40703125 0.1453125 0.10625
0 0.6890625 0.884375 0.1546875 0.1765625
0 0.5328125 0.4890625 0.1546875 0.0609375
0 0.3828125 0.32421875 0.0796875 0.0578125
0 0.3453125 0.7046875 0.1640625 0.23125
0 0.1 0.58828125 0.1390625 0.11875
0 0.96171875 0.42421875 0.0765625 0.065625
0 0.1796875 0.36015625 0.159375 0.046875
0 0.76484375 0.76484375 0.1609375 0.1921875
0 0.328125 0.603125 0.1921875 0.1359375
0 0.95625 0.53125 0.0875 0.0609375
0 0.3703125 0.2421875 0.1140625 0.065625
0 0.04296875 0.4359375 0.06875 0.090625
0 0.490625 0.2609375 0.1671875 0.046875
0 0.515625 0.578125 0.1828125 0.0875
0 0.30703125 0.4703125 0.1109375 0.1046875
0 0.07421875 0.1359375 0.0828125 0.05625
0 0.0296875 0.540625 0.059375 0.1
0 0.72578125 0.071875 0.053125 0.0578125
0 0.253125 0.14609375 0.128125 0.040625
0 0.31796875 0.29921875 0.0859375 0.0484375
0 0.8671875 0.43828125 0.134375 0.05
0 0.5421875 0.40390625 0.103125 0.046875
0 0.609375 0.015625 0.109375 0.028125
0 0.97578125 0.16328125 0.0484375 0.05