0 0.16171875 0.51015625 0.3234375 0.1984375
0 0.33828125 0.78671875 0.253125 0.234375
0 0.309375 0.16015625 0.1328125 0.09375
0 0.77890625 0.47265625 0.2046875 0.1296875
0 0.78984375 0.58984375 0.1796875 0.11875
0 0.57890625 0.51875 0.265625 0.1328125
0 0.6859375 0.16171875 0.1203125 0.075
0 0.46640625 0.3828125 0.175 0.1171875
0 0.74609375 0.02734375 0.225 0.0546875
0 0.88515625 0.2140625 0.1890625 0.15
0 0.2703125 0.34296875 0.19375 0.103125
0 0.51015625 0.0578125 0.0984375 0.0765625
0 0.746875 0.31171875 0.2765625 0.190625
0 0.5296875 0.16328125 0.18125 0.0765625
0 0.87890625 0.8421875 0.1625 0.121875
0 0.68203125 0.72265625 0.153125 0.0890625
0 0.0359375 0.88046875 0.071875 0.1296875
0 0.54609375 0.31796875 0.1390625 0.05625
0 0.41640625 0.0578125 0.103125 0.1
0 0.875 0.68359375 0.1671875 0.1171875
0 0.775 0.90703125 0.1 0.1859375
0 0.3890625 0.4609375 0.1046875 0.0640625
0 0.42578125 0.95625 0.3265625 0.0859375