0 0.13671875 0.62578125 0.1515625 0.2859375
0 0.67578125 0.08515625 0.1328125 0.15625
0 0.70390625 0.8109375 0.14375 0.1703125
0 0.08515625 0.98203125 0.1140625 0.0359375
0 0.0484375 0.040625 0.08125 0.08125
0 0.18515625 0.85625 0.0546875 0.1609375
0 0.05859375 0.24765625 0.0609375 0.146875
0 0.684375 0.4953125 0.2984375 0.153125
0 0.87890625 0.61875 0.2125 0.1625
0 0.315625 0.67890625 0.1296875 0.253125
0 0.6359375 0.9140625 0.2328125 0.171875
0 0.11953125 0.13984375 0.071875 0.115625
0 0.87734375 0.16796875 0.09375 0.096875
0 0.41640625 0.4765625 0.153125 0.1328125
0 0.20234375 0.01875 0.1 0.034375
0 0.753125 0.178125 0.0890625 0.1234375
0 0.0421875 0.51171875 0.0578125 0.1328125
0 0.17890625 0.2921875 0.0609375 0.15
0 0.24296875 0.4921875 0.084375 0.196875
0 0.55078125 0.6921875 0.14375 0.1921875
0 0.334375 0.984375 0.0734375 0.03125
0 0.328125 0.91484375 0.0703125 0.096875
0 0.22890625 0.13984375 0.06875 0.1109375
0 0.82421875 0.98515625 0.103125 0.0296875
0 0.465625 0.98828125 0.1328125 0.0234375
0 0.75390625 0.328125 0.1265625 0.1578125
0 0.09453125 0.9109375 0.1015625 0.1453125
0 0.925 0.98671875 0.15 0.0265625
0 0.6859375 0.678125 0.071875 0.0890625
0 0.40859375 0.3078125 0.084375 0.1234375
0 0.98046875 0.253125 0.0390625 0.0734375