0 0.61328125 0.22578125 0.1484375 0.1203125
0 0.9109375 0.15390625 0.178125 0.234375
0 0.3109375 0.86015625 0.2234375 0.246875
0 0.78125 0.328125 0.4140625 0.3
0 0.16015625 0.54609375 0.3203125 0.23125
0 0.52265625 0.73984375 0.271875 0.1875
0 0.34921875 0.115625 0.259375 0.1546875
0 0.16640625 0.2640625 0.3328125 0.2203125
0 0.52109375 0.3921875 0.184375 0.146875
0 0.315625 0.36328125 0.16875 0.134375
0 0.90234375 0.7515625 0.19375 0.490625
0 0.65234375 0.55546875 0.4203125 0.2234375
0 0.43515625 0.23359375 0.084375 0.0625
0 0.13515625 0.815625 0.2703125 0.3609375
0 0.08359375 0.815625 0.1671875 0.3671875
0 0.0171875 0.10625 0.034375 0.0828125
0 0.05625 0.8078125 0.1125 0.384375