0 0.6859375 0.60546875 0.1921875 0.140625
0 0.3890625 0.50703125 0.0796875 0.109375
0 0.72734375 0.4328125 0.2171875 0.171875
0 0.52578125 0.30625 0.2125 0.1625
1 0.70703125 0.88828125 0.1921875 0.2
1 0.75 0.7234375 0.265625 0.1328125
0 0.84375 0.15234375 0.259375 0.2453125
0 0.62578125 0.19609375 0.2015625 0.24375
0 0.490625 0.8125 0.2296875 0.1921875
0 0.13203125 0.4234375 0.215625 0.1796875
0 0.27734375 0.33359375 0.1328125 0.1859375
0 0.546875 0.57578125 0.1046875 0.171875
0 0.41015625 0.6640625 0.23125 0.14375
0 0.26015625 0.521875 0.15 0.1921875
0 0.39140625 0.375 0.096875 0.121875
0 0.825 0.3328125 0.2390625 0.1515625