0 0.6734375 0.2078125 0.225 0.3546875
0 0.77421875 0.54921875 0.2515625 0.2828125
0 0.3015625 0.84765625 0.1921875 0.2859375
0 0.43671875 0.72578125 0.203125 0.215625
0 0.1515625 0.61953125 0.1953125 0.2046875
0 0.1109375 0.834375 0.209375 0.2734375
0 0.30703125 0.315625 0.184375 0.2328125
0 0.45078125 0.43359375 0.15625 0.0921875
1 0.171875 0.39375 0.1671875 0.1453125
0 0.30078125 0.46484375 0.1296875 0.0796875
0 0.30625 0.5625 0.0875 0.1421875
1 0.86328125 0.30078125 0.246875 0.2359375
0 0.4890625 0.35859375 0.184375 0.165625