0 0.17109375 0.81328125 0.29375 0.3359375
0 0.2265625 0.49609375 0.29375 0.265625
0 0.51953125 0.60234375 0.234375 0.1375
0 0.4640625 0.1703125 0.1828125 0.2875
0 0.44140625 0.75390625 0.2546875 0.240625
0 0.39921875 0.4546875 0.0953125 0.1796875
0 0.5890625 0.31484375 0.121875 0.096875
0 0.46640625 0.36484375 0.1265625 0.1
1 0.9171875 0.4375 0.1421875 0.1171875
1 0.69140625 0.2796875 0.1015625 0.190625
1 0.81171875 0.3265625 0.084375 0.1703125
1 0.784375 0.50390625 0.121875 0.15
0 0.65 0.46171875 0.0953125 0.14375
0 0.56171875 0.47421875 0.1453125 0.1140625
1 0.39765625 0.21015625 0.0609375 0.146875