0 0.7859375 0.4546875 0.2984375 0.1625
0 0.575 0.3171875 0.2046875 0.2203125
0 0.2859375 0.64609375 0.396875 0.246875
0 0.940625 0.86484375 0.1 0.128125
0 0.44375 0.85 0.203125 0.171875
0 0.10859375 0.22421875 0.2015625 0.1265625
0 0.40859375 0.3328125 0.1640625 0.16875
0 0.12421875 0.61015625 0.1359375 0.1125
0 0.2359375 0.06953125 0.2046875 0.0953125
0 0.04375 0.05625 0.0875 0.0921875
0 0.95234375 0.43125 0.0859375 0.1640625
0 0.03671875 0.171875 0.0734375 0.1765625
0 0.3359375 0.48671875 0.2109375 0.1390625
0 0.6375 0.86875 0.1640625 0.1640625
0 0.8453125 0.7203125 0.1796875 0.1765625
0 0.028125 0.48515625 0.05 0.08125
0 0.49921875 0.4765625 0.1171875 0.071875
0 0.78671875 0.17890625 0.1765625 0.084375
0 0.17578125 0.85078125 0.1765625 0.1421875
0 0.71875 0.33125 0.15625 0.1375
0 0.55859375 0.01875 0.0984375 0.0375