0 0.65390625 0.7578125 0.259375 0.134375
0 0.40390625 0.46015625 0.196875 0.1140625
0 0.18125 0.79453125 0.1703125 0.1046875
0 0.271875 0.69609375 0.2359375 0.1015625
0 0.91640625 0.3703125 0.115625 0.0921875
0 0.48125 0.81953125 0.20625 0.115625
0 0.69453125 0.6 0.203125 0.0765625
0 0.41484375 0.58046875 0.1625 0.0734375
0 0.27109375 0.4203125 0.146875 0.0796875
0 0.20703125 0.96953125 0.1640625 0.059375
0 0.2390625 0.05234375 0.071875 0.065625
0 0.31171875 0.1421875 0.1140625 0.071875
0 0.8578125 0.92890625 0.128125 0.11875
0 0.0890625 0.05703125 0.075 0.08125
0 0.6453125 0.93125 0.1125 0.128125
0 0.8171875 0.15546875 0.0921875 0.084375
0 0.63125 0.18828125 0.13125 0.065625
0 0.540625 0.01953125 0.0546875 0.0390625
0 0.10625 0.89296875 0.1078125 0.0875
0 0.87734375 0.93359375 0.103125 0.1140625
0 0.828125 0.153125 0.090625 0.0953125
0 0.15703125 0.11640625 0.0796875 0.0546875
0 0.22734375 0.92109375 0.096875 0.065625
0 0.2484375 0.91640625 0.1109375 0.08125
0 0.91015625 0.46796875 0.0984375 0.0625
0 0.30390625 0.89921875 0.084375 0.0640625
0 0.171875 0.63828125 0.1125 0.0671875