1 0.54453125 0.8859375 0.1703125 0.228125
0 0.68515625 0.17109375 0.265625 0.2625
0 0.1953125 0.37109375 0.296875 0.215625
0 0.4640625 0.221875 0.253125 0.21875
0 0.7078125 0.38046875 0.3140625 0.1921875
0 0.65859375 0.7375 0.28125 0.1609375
0 0.58828125 0.596875 0.23125 0.1515625
0 0.36015625 0.74921875 0.275 0.2234375
0 0.4578125 0.34453125 0.14375 0.1015625
0 0.5484375 0.43828125 0.121875 0.1140625
0 0.8875 0.5703125 0.225 0.234375
0 0.33515625 0.34765625 0.171875 0.1609375
1 0.28515625 0.5890625 0.1234375 0.09375