0 0.259375 0.7796875 0.2390625 0.2421875
0 0.89375 0.2578125 0.2125 0.296875
0 0.47265625 0.52421875 0.24375 0.1546875
0 0.771875 0.5890625 0.2609375 0.178125
0 0.7921875 0.42265625 0.3984375 0.253125
0 0.0578125 0.21875 0.115625 0.178125
0 0.14375 0.53125 0.125 0.078125
0 0.29609375 0.1296875 0.2078125 0.13125
0 0.42109375 0.3109375 0.165625 0.1015625
0 0.6453125 0.09765625 0.296875 0.1953125
0 0.1109375 0.03515625 0.215625 0.0703125
0 0.0203125 0.7609375 0.040625 0.1921875
0 0.5453125 0.671875 0.0875 0.0609375
0 0.225 0.48515625 0.1140625 0.1125
0 0.57734375 0.2578125 0.153125 0.109375