0 0.2953125 0.31796875 0.140625 0.1015625
0 0.640625 0.81640625 0.1796875 0.25625
0 0.42265625 0.61015625 0.196875 0.1609375
0 0.8171875 0.65234375 0.221875 0.11875
0 0.28515625 0.65234375 0.140625 0.1
0 0.453125 0.484375 0.1390625 0.0828125
0 0.36796875 0.1953125 0.084375 0.125
0 0.8640625 0.43515625 0.128125 0.065625
0 0.51328125 0.93359375 0.1328125 0.075
0 0.090625 0.62109375 0.18125 0.1
0 0.1390625 0.0828125 0.115625 0.059375
0 0.5859375 0.5921875 0.20625 0.1109375
0 0.8609375 0.246875 0.0859375 0.0640625
0 0.6890625 0.45 0.09375 0.053125
0 0.53203125 0.05 0.109375 0.0640625
0 0.70390625 0.5078125 0.1203125 0.0796875
0 0.3515625 0.6984375 0.0796875 0.0703125
0 0.8953125 0.03515625 0.121875 0.065625
0 0.92734375 0.53203125 0.1453125 0.13125
0 0.2796875 0.57578125 0.0953125 0.05625
0 0.08828125 0.45625 0.1640625 0.10625
0 0.91875 0.6140625 0.1609375 0.153125
0 0.28984375 0.95 0.0828125 0.08125
0 0.47265625 0.740625 0.1171875 0.1125
0 0.12890625 0.54296875 0.19375 0.065625
0 0.27578125 0.4609375 0.10625 0.05
0 0.153125 0.76796875 0.128125 0.15625
0 0.7734375 0.571875 0.0984375 0.05625
0 0.796875 0.3140625 0.071875 0.05
0 0.4203125 0.08125 0.0578125 0.0640625
0 0.2859375 0.04921875 0.1046875 0.059375
0 0.946875 0.7703125 0.10625 0.140625
0 0.57890625 0.41796875 0.28125 0.0890625
0 0.528125 0.2109375 0.0578125 0.065625
0 0.38515625 0.97265625 0.1078125 0.053125
0 0.58203125 0.08203125 0.103125 0.0625
0 0.6484375 0.97734375 0.18125 0.0453125
0 0.028125 0.76484375 0.05625 0.1328125
0 0.2359375 0.41640625 0.1 0.0421875
0 0.22421875 0.46796875 0.1765625 0.0609375
0 0.9203125 0.12421875 0.1125 0.05
0 0.125 0.1859375 0.075 0.05
0 0.5234375 0.11875 0.059375 0.05625
0 0.73203125 0.89765625 0.10625 0.06875