0 0.32421875 0.140625 0.2796875 0.2609375
0 0.81171875 0.69375 0.2625 0.228125
1 0.8984375 0.91484375 0.203125 0.1703125
0 0.64453125 0.6015625 0.1796875 0.2203125
0 0.6890625 0.89609375 0.19375 0.2078125
0 0.24609375 0.5609375 0.1859375 0.19375
0 0.225 0.30546875 0.3078125 0.20625
0 0.3671875 0.7859375 0.171875 0.2328125
0 0.3359375 0.55703125 0.075 0.1171875
0 0.48359375 0.4625 0.175 0.128125
0 0.51875 0.7921875 0.1984375 0.2
0 0.4796875 0.27890625 0.234375 0.2421875
0 0.32109375 0.46484375 0.1640625 0.1375
0 0.43671875 0.65625 0.1375 0.084375
0 0.165625 0.71484375 0.234375 0.2421875
0 0.4296875 0.57734375 0.1140625 0.06875