0 0.52265625 0.5984375 0.234375 0.1390625
0 0.46640625 0.3671875 0.1140625 0.0953125
0 0.48515625 0.19375 0.1421875 0.240625
0 0.39765625 0.4515625 0.096875 0.184375
0 0.16953125 0.80390625 0.290625 0.340625
0 0.44765625 0.75078125 0.24375 0.25
1 0.690625 0.28828125 0.10625 0.1859375
0 0.22734375 0.4984375 0.2859375 0.28125
1 0.815625 0.32265625 0.0890625 0.159375
0 0.6546875 0.46171875 0.096875 0.1375
1 0.9171875 0.4359375 0.1546875 0.1125
0 0.59609375 0.31015625 0.1203125 0.0875
1 0.78984375 0.50390625 0.11875 0.1640625
1 0.396875 0.21328125 0.05625 0.153125
0 0.55 0.4765625 0.1375 0.109375