0 0.7203125 0.4078125 0.3078125 0.1453125
0 0.2171875 0.4640625 0.3375 0.1546875
0 0.90078125 0.0953125 0.0921875 0.0671875
0 0.7515625 0.0515625 0.140625 0.103125
0 0.91328125 0.25625 0.1640625 0.06875
0 0.89609375 0.60703125 0.159375 0.1375
0 0.228125 0.6796875 0.390625 0.278125
0 0.309375 0.1796875 0.128125 0.1640625
0 0.74296875 0.53984375 0.228125 0.109375
0 0.49375 0.25390625 0.153125 0.153125
0 0.5421875 0.62734375 0.2625 0.21875
0 0.0453125 0.484375 0.090625 0.140625
0 0.11328125 0.29375 0.1234375 0.1421875
0 0.46015625 0.83203125 0.11875 0.0875
0 0.05234375 0.90703125 0.1046875 0.128125
0 0.275 0.30703125 0.2109375 0.065625
0 0.35078125 0.87265625 0.1125 0.1
0 0.14609375 0.9140625 0.0953125 0.071875
0 0.20390625 0.859375 0.1171875 0.0625
0 0.940625 0.51328125 0.1171875 0.0515625
0 0.62421875 0.2578125 0.1328125 0.09375
0 0.95 0.8578125 0.0984375 0.0921875
0 0.51328125 0.5046875 0.0890625 0.0546875
0 0.50078125 0.96171875 0.19375 0.0765625
0 0.4453125 0.42421875 0.1109375 0.059375
0 0.62109375 0.7609375 0.128125 0.1
0 0.7828125 0.74375 0.121875 0.0890625
0 0.62109375 0.075 0.2078125 0.15
0 0.04375 0.0296875 0.0859375 0.0578125
0 0.44609375 0.16484375 0.1265625 0.1296875
0 0.14609375 0.98125 0.1328125 0.0375
0 0.9640625 0.12421875 0.071875 0.0859375
0 0.69609375 0.115625 0.0875 0.0796875
0 0.60390625 0.12109375 0.1296875 0.0625
0 0.85078125 0.771875 0.040625 0.08125
0 0.7796875 0.22265625 0.1328125 0.0625
0 0.90859375 0.696875 0.09375 0.05625
0 0.54296875 0.84921875 0.05 0.0796875