0 0.85703125 0.53671875 0.259375 0.2625
0 0.47734375 0.73984375 0.2296875 0.2578125
0 0.3046875 0.45625 0.23125 0.2859375
1 0.178125 0.625 0.2859375 0.1859375
0 0.475 0.2234375 0.15625 0.20625
0 0.67890625 0.621875 0.1453125 0.2578125
1 0.625 0.16484375 0.153125 0.275
0 0.4328125 0.42734375 0.215625 0.10625
0 0.71171875 0.378125 0.0984375 0.240625
0 0.6078125 0.44296875 0.0671875 0.10625
1 0.190625 0.8421875 0.3453125 0.2515625
1 0.62109375 0.32421875 0.0921875 0.1125
0 0.59609375 0.54453125 0.075 0.11875
1 0.48671875 0.36328125 0.1234375 0.084375