0 0.63125 0.428125 0.1828125 0.1390625
0 0.56015625 0.59609375 0.2875 0.2453125
0 0.33125 0.6890625 0.1984375 0.1453125
0 0.86875 0.3890625 0.2625 0.2828125
0 0.6328125 0.1578125 0.4140625 0.2859375
0 0.78671875 0.68671875 0.1796875 0.165625
0 0.3015625 0.29765625 0.1421875 0.1484375
0 0.20390625 0.45 0.225 0.1390625
0 0.9234375 0.709375 0.146875 0.1703125
0 0.11484375 0.62734375 0.1140625 0.071875
0 0.165625 0.0921875 0.1640625 0.0828125
0 0.2515625 0.14296875 0.134375 0.1078125
0 0.11015625 0.728125 0.0796875 0.090625
0 0.56875 0.815625 0.040625 0.0765625
0 0.140625 0.821875 0.1359375 0.0828125
0 0.925 0.11171875 0.15 0.1703125