0 0.38359375 0.8453125 0.2421875 0.309375
0 0.234375 0.571875 0.3 0.1125
0 0.18671875 0.71796875 0.1421875 0.0734375
0 0.084375 0.428125 0.16875 0.09375
0 0.06875 0.08515625 0.1375 0.0921875
0 0.62578125 0.5890625 0.2109375 0.096875
0 0.134375 0.34296875 0.2015625 0.0703125
0 0.06875 0.86015625 0.134375 0.0828125
0 0.94921875 0.75703125 0.1 0.0828125
0 0.34140625 0.396875 0.1984375 0.090625
0 0.19921875 0.26015625 0.1046875 0.0453125
0 0.484375 0.159375 0.253125 0.053125
0 0.04375 0.2578125 0.0859375 0.0828125
0 0.34296875 0.0421875 0.2390625 0.05
0 0.69765625 0.16796875 0.1296875 0.04375
0 0.6015625 0.6953125 0.08125 0.1296875
0 0.87421875 0.58984375 0.121875 0.0703125
0 0.74296875 0.08125 0.115625 0.0640625
0 0.0296875 0.94921875 0.0578125 0.1015625
0 0.63828125 0.22890625 0.096875 0.04375
0 0.86171875 0.83828125 0.1859375 0.1859375
0 0.1796875 0.034375 0.11875 0.065625
0 0.66875 0.52109375 0.103125 0.0640625
0 0.54296875 0.5203125 0.0953125 0.0578125
0 0.40078125 0.50625 0.1765625 0.078125
0 0.68125 0.41796875 0.171875 0.090625
0 0.13203125 0.4828125 0.1390625 0.0671875
0 0.68125 0.03515625 0.140625 0.0359375
0 0.9640625 0.57734375 0.071875 0.071875
0 0.73828125 0.846875 0.1 0.153125
0 0.83359375 0.65703125 0.1796875 0.0625
0 0.59375 0.95703125 0.109375 0.0828125
0 0.38828125 0.6453125 0.084375 0.0578125
0 0.95 0.496875 0.1 0.096875
0 0.6203125 0.11171875 0.090625 0.0359375
0 0.09609375 0.9703125 0.1453125 0.059375
0 0.4359375 0.33984375 0.06875 0.0578125
0 0.95703125 0.69375 0.078125 0.053125
0 0.2140625 0.9453125 0.1125 0.103125
0 0.15 0.1859375 0.0484375 0.0671875
0 0.02109375 0.73203125 0.0390625 0.071875
0 0.79375 0.38828125 0.2421875 0.190625
0 0.94609375 0.40703125 0.1078125 0.09375
0 0.86015625 0.20078125 0.221875 0.04375
0 0.85078125 0.07109375 0.1515625 0.0390625