0 0.74375 0.19375 0.275 0.33125
0 0.86328125 0.54609375 0.2734375 0.3359375
0 0.359375 0.84609375 0.2390625 0.3078125
0 0.50703125 0.72890625 0.2453125 0.2578125
0 0.1734375 0.5921875 0.2359375 0.2453125
0 0.15390625 0.834375 0.2296875 0.321875
0 0.33125 0.2546875 0.225 0.2734375
0 0.503125 0.396875 0.184375 0.1140625
1 0.18203125 0.33671875 0.2 0.1734375
0 0.334375 0.42421875 0.1515625 0.096875
0 0.346875 0.5359375 0.109375 0.1671875
1 0.9078125 0.26484375 0.184375 0.278125
0 0.540625 0.3125 0.2203125 0.196875