0 0.8765625 0.29453125 0.246875 0.1546875
0 0.14375 0.61171875 0.1890625 0.1359375
0 0.48046875 0.88125 0.2171875 0.153125
0 0.83828125 0.49609375 0.290625 0.209375
0 0.5109375 0.34921875 0.29375 0.1734375
0 0.309375 0.5046875 0.16875 0.240625
0 0.09453125 0.73515625 0.153125 0.13125
0 0.22890625 0.76328125 0.134375 0.159375
0 0.89453125 0.7546875 0.2109375 0.1546875
0 0.4984375 0.7421875 0.1765625 0.0921875
0 0.38515625 0.78203125 0.1625 0.225
0 0.63203125 0.17890625 0.2359375 0.246875
1 0.82265625 0.128125 0.196875 0.184375
0 0.696875 0.734375 0.19375 0.09375
0 0.678125 0.5453125 0.090625 0.1078125
0 0.81328125 0.81953125 0.0953125 0.11875
0 0.66875 0.89921875 0.11875 0.1890625
0 0.6015625 0.94140625 0.153125 0.1171875
0 0.53828125 0.46953125 0.1625 0.0796875
0 0.590625 0.5265625 0.1078125 0.0890625
0 0.4875 0.5828125 0.115625 0.0703125
0 0.61640625 0.578125 0.0953125 0.053125
0 0.4203125 0.48203125 0.1453125 0.0828125
0 0.646875 0.68203125 0.1125 0.053125