0 0.80625 0.178125 0.25 0.2984375
0 0.58671875 0.29765625 0.209375 0.178125
0 0.590625 0.871875 0.16875 0.2390625
0 0.70078125 0.49609375 0.175 0.125
0 0.78984375 0.8546875 0.2453125 0.1671875
0 0.83828125 0.3875 0.284375 0.1453125
0 0.26484375 0.709375 0.2078125 0.1375
0 0.17734375 0.5296875 0.1734375 0.1296875
0 0.76484375 0.68671875 0.23125 0.1625
0 0.50546875 0.42109375 0.1890625 0.1
0 0.4484375 0.7140625 0.1546875 0.1390625
0 0.63671875 0.61875 0.184375 0.1375
0 0.32890625 0.5828125 0.1546875 0.1265625
0 0.51875 0.7046875 0.0953125 0.0828125
1 0.1125 0.63203125 0.1796875 0.0703125
0 0.321875 0.50078125 0.090625 0.0890625
0 0.49296875 0.6328125 0.1046875 0.0703125
0 0.4328125 0.55546875 0.0671875 0.096875