0 0.28125 0.78515625 0.2 0.1296875
0 0.55 0.490625 0.1078125 0.1078125
0 0.21015625 0.91640625 0.19375 0.14375
0 0.546875 0.19296875 0.121875 0.1171875
0 0.53671875 0.3171875 0.134375 0.103125
0 0.821875 0.5171875 0.1953125 0.1171875
0 0.59765625 0.56015625 0.1546875 0.0828125
0 0.81171875 0.32109375 0.1109375 0.0515625
0 0.08671875 0.39375 0.146875 0.1078125
0 0.753125 0.12578125 0.165625 0.1984375
0 0.73515625 0.39921875 0.165625 0.1375
0 0.5109375 0.97421875 0.1328125 0.0515625
0 0.66171875 0.89921875 0.16875 0.0703125
0 0.09609375 0.16875 0.153125 0.14375
0 0.43984375 0.884375 0.1828125 0.18125
0 0.3609375 0.44375 0.134375 0.1140625
0 0.69921875 0.8171875 0.0921875 0.0578125
0 0.1140625 0.04921875 0.21875 0.096875
0 0.821875 0.275 0.1140625 0.0484375
0 0.55703125 0.75 0.1359375 0.084375
0 0.69375 0.2921875 0.078125 0.046875
0 0.9453125 0.43125 0.103125 0.06875
0 0.1078125 0.63828125 0.1109375 0.140625
0 0.5359375 0.63515625 0.1359375 0.096875
0 0.45234375 0.76328125 0.1140625 0.0921875
0 0.03125 0.91640625 0.0625 0.125
0 0.18671875 0.28828125 0.175 0.1359375
0 0.703125 0.96328125 0.065625 0.0734375
0 0.6796875 0.7 0.1078125 0.059375