0 0.1890625 0.48828125 0.3359375 0.271875
0 0.77421875 0.46796875 0.375 0.1546875
0 0.3390625 0.56796875 0.328125 0.1609375
0 0.61015625 0.78671875 0.2265625 0.34375
0 0.52734375 0.30390625 0.1046875 0.0546875
0 0.34609375 0.203125 0.121875 0.0796875
0 0.2 0.72265625 0.25 0.2015625
0 0.44609375 0.16875 0.13125 0.075
0 0.1046875 0.12578125 0.2 0.1578125
0 0.60390625 0.1 0.2640625 0.0796875
0 0.67578125 0.0328125 0.1484375 0.04375
0 0.54140625 0.36484375 0.1578125 0.075
0 0.36015625 0.28828125 0.178125 0.06875
0 0.975 0.1953125 0.05 0.0421875
0 0.1078125 0.91796875 0.1765625 0.1625
0 0.846875 0.13515625 0.075 0.0640625
0 0.23203125 0.93671875 0.1046875 0.1265625
0 0.7296875 0.28984375 0.234375 0.1296875