0 0.31640625 0.19453125 0.1046875 0.196875
0 0.43203125 0.19765625 0.146875 0.3140625
0 0.35625 0.57421875 0.1875 0.2140625
0 0.15859375 0.10546875 0.13125 0.2046875
0 0.93046875 0.67265625 0.0671875 0.1625
0 0.60390625 0.665625 0.2109375 0.234375
0 0.82421875 0.190625 0.2078125 0.3046875
0 0.6453125 0.45390625 0.165625 0.228125
0 0.8453125 0.9296875 0.2015625 0.140625
0 0.24296875 0.41796875 0.1265625 0.1390625
0 0.8265625 0.6734375 0.0953125 0.1140625
0 0.43671875 0.71875 0.175 0.2
0 0.3390625 0.9953125 0.15625 0.009375
0 0.825 0.41640625 0.0953125 0.153125
0 0.1390625 0.23203125 0.1421875 0.1359375
0 0.878125 0.53515625 0.0609375 0.0875
0 0.66484375 0.90859375 0.0984375 0.0453125
0 0.72109375 0.0578125 0.15 0.0703125
0 0.56015625 0.1703125 0.178125 0.2171875
0 0.54296875 0.91953125 0.0734375 0.125
0 0.50859375 0.553125 0.0765625 0.1390625