0 0.28984375 0.4 0.2171875 0.271875
0 0.73828125 0.8890625 0.0765625 0.209375
0 0.51953125 0.80625 0.2078125 0.2734375
0 0.134375 0.7234375 0.2515625 0.2390625
0 0.4328125 0.321875 0.296875 0.25625
0 0.89296875 0.8 0.096875 0.225
0 0.784375 0.73671875 0.075 0.109375
0 0.6765625 0.971875 0.0671875 0.05625
0 0.6953125 0.22890625 0.090625 0.21875
0 0.04921875 0.396875 0.0984375 0.16875
0 0.478125 0.56796875 0.1078125 0.128125
0 0.83125 0.45 0.1171875 0.1921875
0 0.43828125 0.67265625 0.16875 0.184375
0 0.1078125 0.30703125 0.0875 0.0859375
0 0.5 0.13046875 0.1703125 0.2265625
0 0.121875 0.16875 0.0734375 0.096875
0 0.48515625 0.96796875 0.103125 0.0640625
0 0.90859375 0.6 0.0625 0.1328125
0 0.66640625 0.77890625 0.0578125 0.090625
0 0.28203125 0.96875 0.071875 0.0625
0 0.6359375 0.49609375 0.1046875 0.1171875
0 0.76953125 0.31015625 0.1578125 0.20625
0 0.05 0.06171875 0.09375 0.1203125
0 0.03203125 0.65703125 0.0640625 0.09375
0 0.62890625 0.62890625 0.0921875 0.146875