0 0.41875 0.25390625 0.1703125 0.2828125
0 0.76875 0.60859375 0.1765625 0.19375
0 0.246875 0.46171875 0.2171875 0.2203125
0 0.6921875 0.20234375 0.178125 0.1828125
0 0.2796875 0.30078125 0.1265625 0.14375
0 0.54453125 0.73203125 0.225 0.4390625
0 0.740625 0.87421875 0.134375 0.175
0 0.246875 0.628125 0.1515625 0.165625
0 0.103125 0.9046875 0.1265625 0.190625
0 0.13984375 0.24296875 0.0796875 0.175
0 0.79921875 0.41484375 0.2 0.1671875
0 0.4 0.70625 0.15 0.2296875
0 0.4921875 0.9109375 0.1078125 0.15
0 0.396875 0.540625 0.075 0.11875
0 0.8421875 0.10546875 0.1359375 0.125
0 0.728125 0.32578125 0.103125 0.15
0 0.3953125 0.071875 0.2078125 0.1046875
0 0.90546875 0.27265625 0.171875 0.109375
0 0.4296875 0.07421875 0.1484375 0.0984375
0 0.04453125 0.97421875 0.0890625 0.0515625