1 0.15 0.17265625 0.2875 0.3234375
0 0.378125 0.290625 0.228125 0.2515625
0 0.7421875 0.8953125 0.1890625 0.209375
0 0.3015625 0.88828125 0.234375 0.2234375
0 0.73203125 0.65390625 0.18125 0.225
1 0.88671875 0.81328125 0.2265625 0.196875
0 0.28515625 0.525 0.178125 0.1546875
0 0.57890625 0.8359375 0.1484375 0.190625
0 0.459375 0.44453125 0.21875 0.159375
0 0.446875 0.81328125 0.178125 0.15625
0 0.18515625 0.40234375 0.240625 0.1734375
1 0.175 0.60625 0.2546875 0.1796875
0 0.26953125 0.72734375 0.196875 0.140625
0 0.53984375 0.60078125 0.2109375 0.14375
0 0.34140625 0.66875 0.1078125 0.0921875