0 0.94140625 0.73671875 0.06875 0.1265625
0 0.65078125 0.56328125 0.171875 0.234375
0 0.14296875 0.40859375 0.121875 0.1765625
0 0.9359375 0.2171875 0.1203125 0.1390625
0 0.30546875 0.36484375 0.1140625 0.2265625
0 0.06328125 0.46796875 0.1265625 0.153125
0 0.73359375 0.146875 0.090625 0.153125
0 0.69921875 0.32734375 0.059375 0.1125
0 0.07265625 0.66796875 0.0828125 0.1484375
0 0.82109375 0.2609375 0.11875 0.1640625
0 0.2703125 0.5375 0.1171875 0.0984375
0 0.4453125 0.24375 0.2234375 0.2109375
0 0.8984375 0.54140625 0.0703125 0.1484375
0 0.42890625 0.78828125 0.1 0.171875
0 0.84296875 0.69296875 0.071875 0.1875
0 0.5796875 0.29765625 0.0703125 0.1296875
0 0.6234375 0.39921875 0.065625 0.10625
0 0.74296875 0.61796875 0.071875 0.109375
0 0.0140625 0.80390625 0.028125 0.2671875
0 0.34140625 0.7984375 0.0859375 0.1390625
0 0.3921875 0.0734375 0.1265625 0.115625
0 0.021875 0.63125 0.04375 0.128125
0 0.240625 0.03828125 0.109375 0.059375
0 0.271875 0.659375 0.0625 0.0921875