0 0.365625 0.1140625 0.18125 0.1921875
0 0.1328125 0.21875 0.265625 0.159375
0 0.8765625 0.5671875 0.209375 0.2171875
0 0.196875 0.0734375 0.2109375 0.134375
1 0.803125 0.34453125 0.146875 0.20625
0 0.6265625 0.37578125 0.153125 0.2359375
0 0.678125 0.68046875 0.1515625 0.28125
0 0.22734375 0.37265625 0.184375 0.1625
0 0.44609375 0.25 0.225 0.1453125
0 0.30390625 0.80390625 0.19375 0.246875
0 0.2984375 0.4453125 0.134375 0.1265625
0 0.47421875 0.68828125 0.196875 0.15
0 0.30625 0.5484375 0.1546875 0.0859375
0 0.41171875 0.85546875 0.159375 0.2265625
1 0.934375 0.39765625 0.1109375 0.1796875
0 0.48046875 0.39609375 0.1734375 0.1484375
0 0.55546875 0.61875 0.0921875 0.1140625
0 0.18125 0.70390625 0.1609375 0.134375
0 0.25703125 0.63125 0.2140625 0.096875
0 0.26875 0.26796875 0.084375 0.059375