1 0.4078125 0.8890625 0.1421875 0.1796875
0 0.80390625 0.56328125 0.3921875 0.4
0 0.09140625 0.48671875 0.1765625 0.3640625
0 0.17734375 0.3015625 0.1546875 0.36875
0 0.58125 0.7375 0.2265625 0.465625
1 0.39296875 0.17421875 0.0703125 0.1359375
0 0.2203125 0.646875 0.1453125 0.353125
0 0.3140625 0.546875 0.0640625 0.1953125
1 0.28828125 0.92734375 0.109375 0.115625
1 0.62578125 0.246875 0.2609375 0.49375
0 0.38359375 0.346875 0.0734375 0.2046875
1 0.29375 0.1140625 0.1078125 0.2046875
0 0.4921875 0.26484375 0.1390625 0.396875
0 0.28828125 0.33203125 0.10625 0.24375
1 0.61640625 0.47734375 0.0703125 0.0875
1 0.459375 0.159375 0.0453125 0.103125