0 0.1515625 0.86640625 0.240625 0.1953125
0 0.41875 0.38125 0.2375 0.1171875
0 0.703125 0.2546875 0.2234375 0.128125
0 0.45625 0.22109375 0.21875 0.15
1 0.61328125 0.11875 0.1765625 0.1984375
0 0.1640625 0.70703125 0.25 0.13125
0 0.8625 0.83984375 0.240625 0.159375
0 0.7921875 0.540625 0.2015625 0.1328125
0 0.6859375 0.87421875 0.1359375 0.221875
0 0.3359375 0.8703125 0.146875 0.2390625
0 0.6625 0.61328125 0.0875 0.134375
0 0.8046875 0.6921875 0.2 0.1375
0 0.65625 0.465625 0.084375 0.1265625
0 0.3984375 0.55703125 0.09375 0.128125
0 0.4765625 0.746875 0.190625 0.1703125
1 0.128125 0.5671875 0.1625 0.1046875
0 0.29609375 0.58046875 0.2015625 0.1671875
0 0.58359375 0.77109375 0.1234375 0.1578125
0 0.50546875 0.65625 0.1375 0.0828125
1 0.540625 0.578125 0.06875 0.0671875
0 0.32265625 0.48671875 0.084375 0.1109375
1 0.22890625 0.46953125 0.096875 0.0828125
0 0.49921875 0.5171875 0.1296875 0.0671875
0 0.6015625 0.5859375 0.0515625 0.0796875