0 0.65 0.26875 0.30625 0.1703125
0 0.54765625 0.575 0.2234375 0.1015625
0 0.48515625 0.93984375 0.1546875 0.11875
0 0.85703125 0.76015625 0.2046875 0.1421875
0 0.45 0.6828125 0.1890625 0.121875
0 0.92578125 0.6578125 0.1390625 0.125
0 0.725 0.865625 0.1625 0.078125
0 0.4609375 0.06171875 0.1375 0.1234375
0 0.16640625 0.60625 0.134375 0.1515625
0 0.8109375 0.47890625 0.1125 0.10625
0 0.434375 0.8046875 0.1578125 0.1140625
0 0.28359375 0.19140625 0.2859375 0.1640625
0 0.57109375 0.365625 0.1515625 0.09375
0 0.0890625 0.37109375 0.0921875 0.125
0 0.87109375 0.9265625 0.25 0.0921875
0 0.34296875 0.4046875 0.240625 0.2953125
0 0.1328125 0.0328125 0.2015625 0.0640625