0 0.8875 0.5875 0.225 0.153125
0 0.61171875 0.21484375 0.1328125 0.2921875
0 0.7421875 0.44765625 0.1140625 0.1734375
1 0.1640625 0.43828125 0.2828125 0.1734375
1 0.8703125 0.81484375 0.1671875 0.296875
1 0.75 0.096875 0.1359375 0.19375
1 0.77421875 0.24765625 0.14375 0.09375
1 0.6625 0.38203125 0.1125 0.08125
1 0.375 0.5375 0.10625 0.1484375
1 0.6375 0.7609375 0.103125 0.1328125
1 0.66640625 0.590625 0.09375 0.1171875
1 0.36875 0.38515625 0.0765625 0.11875
1 0.7515625 0.6671875 0.0828125 0.084375
0 0.55390625 0.39765625 0.1015625 0.0625
1 0.54765625 0.7203125 0.075 0.0921875
1 0.47734375 0.40390625 0.053125 0.096875
1 0.47578125 0.490625 0.0515625 0.0703125
1 0.60625 0.45703125 0.0765625 0.0796875