0 0.82421875 0.79140625 0.2234375 0.15625
0 0.4203125 0.465625 0.3640625 0.16875
0 0.87421875 0.6171875 0.2125 0.1078125
0 0.20625 0.6546875 0.128125 0.121875
0 0.88125 0.37109375 0.2296875 0.1671875
0 0.72421875 0.20859375 0.165625 0.1609375
0 0.4890625 0.1859375 0.171875 0.0859375
0 0.46015625 0.6390625 0.128125 0.125
0 0.56796875 0.68828125 0.0796875 0.125
0 0.9390625 0.55390625 0.121875 0.1140625
0 0.378125 0.65625 0.103125 0.0859375
0 0.21328125 0.56171875 0.1609375 0.065625
0 0.78125 0.95390625 0.196875 0.0859375
0 0.31484375 0.2328125 0.0875 0.04375
0 0.8515625 0.2171875 0.1046875 0.1171875
0 0.16796875 0.43359375 0.0765625 0.059375
0 0.5453125 0.07578125 0.115625 0.075
0 0.11015625 0.1796875 0.09375 0.053125
0 0.1953125 0.13828125 0.0984375 0.059375
0 0.59375 0.296875 0.1578125 0.0640625
0 0.70078125 0.03203125 0.1046875 0.05625
0 0.39296875 0.3 0.0984375 0.0609375
0 0.69765625 0.40078125 0.134375 0.071875
0 0.2734375 0.08515625 0.115625 0.0609375
0 0.17421875 0.77734375 0.1171875 0.0875
0 0.36484375 0.76015625 0.1015625 0.0859375
0 0.24375 0.23515625 0.0578125 0.05625
0 0.396875 0.09765625 0.115625 0.0453125
0 0.32578125 0.69296875 0.0953125 0.0640625
0 0.17890625 0.071875 0.0609375 0.0546875
0 0.75625 0.72265625 0.1125 0.059375