0 0.69453125 0.77734375 0.1765625 0.29375
0 0.71796875 0.5 0.1796875 0.20625
0 0.859375 0.678125 0.28125 0.2359375
0 0.11171875 0.32578125 0.1875 0.1515625
0 0.39296875 0.15703125 0.1921875 0.178125
0 0.3671875 0.8296875 0.2375 0.2625
0 0.47265625 0.303125 0.1984375 0.13125
0 0.5703125 0.4140625 0.153125 0.2953125
0 0.15078125 0.71328125 0.2109375 0.184375
1 0.21171875 0.89140625 0.1796875 0.2171875
1 0.146875 0.16796875 0.1609375 0.1890625
0 0.42734375 0.40546875 0.134375 0.121875
0 0.39921875 0.6890625 0.2265625 0.159375
1 0.54453125 0.6875 0.1296875 0.203125
0 0.290625 0.284375 0.1546875 0.225
0 0.19375 0.5671875 0.203125 0.1625
0 0.3828125 0.5046875 0.1421875 0.08125