0 0.28671875 0.671875 0.1671875 0.0875
0 0.42421875 0.2921875 0.103125 0.059375
0 0.384375 0.8171875 0.1546875 0.1578125
0 0.853125 0.12265625 0.1390625 0.078125
0 0.67265625 0.4953125 0.153125 0.0578125
0 0.28203125 0.12890625 0.13125 0.11875
0 0.60078125 0.6046875 0.1578125 0.09375
0 0.39296875 0.1765625 0.1296875 0.10625
0 0.925 0.80859375 0.140625 0.1140625
0 0.08671875 0.58203125 0.1703125 0.1234375
0 0.36875 0.621875 0.0953125 0.05625
0 0.6015625 0.178125 0.125 0.140625
0 0.29609375 0.25625 0.13125 0.0828125
0 0.475 0.39375 0.140625 0.046875
0 0.134375 0.1140625 0.08125 0.14375
0 0.734375 0.5828125 0.125 0.1453125
0 0.5078125 0.45625 0.1484375 0.075
0 0.51875 0.68984375 0.1328125 0.0984375
0 0.95703125 0.0890625 0.08125 0.0875
0 0.875 0.321875 0.1234375 0.053125
0 0.29609375 0.54375 0.16875 0.096875
0 0.5109375 0.16328125 0.1171875 0.103125
0 0.41015625 0.528125 0.1140625 0.0515625
0 0.52734375 0.5328125 0.0890625 0.0421875
0 0.16015625 0.4796875 0.13125 0.0890625
0 0.9078125 0.2359375 0.0546875 0.06875
0 0.96953125 0.16328125 0.0609375 0.0703125
0 0.93671875 0.66875 0.103125 0.128125
0 0.8109375 0.2921875 0.0578125 0.1015625
0 0.3421875 0.36796875 0.078125 0.0515625
0 0.97109375 0.328125 0.05 0.0625
0 0.6296875 0.0546875 0.15 0.0703125
0 0.703125 0.44296875 0.115625 0.0546875
0 0.4859375 0.41328125 0.1484375 0.090625
0 0.475 0.1046875 0.115625 0.0703125
0 0.728125 0.3328125 0.096875 0.0828125
0 0.621875 0.41875 0.075 0.053125