0 0.621875 0.7265625 0.1765625 0.26875
0 0.025 0.18984375 0.04375 0.1671875
0 0.7875 0.6953125 0.1703125 0.1828125
0 0.903125 0.440625 0.19375 0.20625
0 0.72890625 0.9453125 0.16875 0.0875
0 0.75625 0.85390625 0.1578125 0.140625
0 0.41328125 0.66796875 0.1015625 0.2640625
0 0.34765625 0.1734375 0.2078125 0.23125
0 0.93125 0.940625 0.1375 0.0890625
0 0.4515625 0.2125 0.128125 0.2765625
0 0.47421875 0.04140625 0.0765625 0.0828125
0 0.55859375 0.29375 0.14375 0.15625
0 0.19921875 0.51015625 0.1171875 0.125
0 0.65546875 0.48046875 0.24375 0.2234375
0 0.228125 0.9296875 0.0828125 0.0734375
0 0.56171875 0.0828125 0.0875 0.1296875
0 0.046875 0.53828125 0.0671875 0.1828125
0 0.11875 0.165625 0.0703125 0.1484375
0 0.9203125 0.85390625 0.159375 0.1859375
0 0.303125 0.94375 0.053125 0.1046875
0 0.5421875 0.2140625 0.196875 0.13125