0 0.82265625 0.65625 0.3453125 0.25
0 0.234375 0.14453125 0.1671875 0.2859375
0 0.2296875 0.41640625 0.1484375 0.275
0 0.3828125 0.73359375 0.1328125 0.3
0 0.59375 0.8296875 0.215625 0.2875
0 0.61796875 0.49609375 0.1765625 0.3171875
0 0.33125 0.48203125 0.084375 0.171875
0 0.10078125 0.3734375 0.134375 0.1671875
0 0.41953125 0.36796875 0.1828125 0.1015625
1 0.14453125 0.5765625 0.146875 0.2953125
0 0.48203125 0.7203125 0.1703125 0.1765625
1 0.7234375 0.871875 0.071875 0.1578125
1 0.7375 0.39921875 0.2296875 0.2265625
1 0.0484375 0.4359375 0.096875 0.1640625
1 0.2140625 0.88125 0.1078125 0.2203125
1 0.48203125 0.5953125 0.0515625 0.0859375