0 0.834375 0.753125 0.2046875 0.44375
0 0.5703125 0.1734375 0.2140625 0.3140625
0 0.8546875 0.18828125 0.209375 0.3234375
0 0.56640625 0.62265625 0.228125 0.3890625
0 0.96484375 0.34296875 0.0703125 0.24375
0 0.95234375 0.7625 0.0953125 0.3484375
0 0.50390625 0.93828125 0.078125 0.1234375
0 0.659375 0.2859375 0.08125 0.171875
0 0.6671875 0.446875 0.1125 0.16875
0 0.44375 0.31328125 0.075 0.115625
0 0.1703125 0.64453125 0.0828125 0.1140625
0 0.16875 0.28984375 0.3234375 0.2234375
0 0.43515625 0.4140625 0.0703125 0.09375
0 0.34609375 0.87109375 0.0953125 0.23125
0 0.05546875 0.69375 0.059375 0.1375
0 0.68359375 0.9640625 0.0625 0.071875
0 0.09296875 0.35625 0.1671875 0.253125
0 0.33984375 0.9875 0.0640625 0.025
0 0.2546875 0.65234375 0.0578125 0.084375
0 0.2484375 0.8234375 0.0890625 0.0953125
0 0.05546875 0.51015625 0.071875 0.0734375
0 0.06484375 0.04609375 0.1015625 0.090625