1 0.815625 0.75078125 0.2421875 0.2609375
1 0.61640625 0.7765625 0.2078125 0.3984375
1 0.796875 0.471875 0.234375 0.2375
0 0.5078125 0.59453125 0.2390625 0.271875
0 0.11796875 0.2359375 0.2359375 0.346875
0 0.4171875 0.1625 0.1453125 0.265625
0 0.26640625 0.13828125 0.2171875 0.2765625
0 0.3484375 0.5109375 0.1984375 0.3734375
0 0.16328125 0.50703125 0.3140625 0.4046875
0 0.56171875 0.1015625 0.134375 0.203125
0 0.5234375 0.2109375 0.096875 0.078125
0 0.51796875 0.36484375 0.0921875 0.20625
0 0.70703125 0.08203125 0.2171875 0.1640625
0 0.7078125 0.3359375 0.15625 0.3171875
0 0.57421875 0.29921875 0.0796875 0.1375
0 0.64921875 0.26875 0.1453125 0.2109375
1 0.61640625 0.02578125 0.1 0.0515625