0 0.61796875 0.30625 0.2125 0.1390625
1 0.8609375 0.634375 0.2265625 0.1640625
1 0.68984375 0.71953125 0.11875 0.225
0 0.14296875 0.69375 0.265625 0.240625
0 0.26171875 0.4984375 0.1984375 0.2375
1 0.325 0.8046875 0.1265625 0.3375
1 0.46796875 0.71328125 0.165625 0.21875
1 0.71640625 0.48203125 0.134375 0.1796875
0 0.42890625 0.2859375 0.1859375 0.134375
0 0.4546875 0.41015625 0.1328125 0.13125
1 0.53515625 0.1390625 0.1765625 0.2171875
1 0.38515625 0.478125 0.0765625 0.1796875
1 0.48359375 0.57578125 0.071875 0.1140625
1 0.571875 0.66015625 0.1125 0.15
1 0.42421875 0.14296875 0.0875 0.1515625
1 0.38671875 0.34921875 0.1171875 0.0625
1 0.57421875 0.4421875 0.1 0.14375