1 0.5796875 0.3484375 0.20625 0.1296875
1 0.42109375 0.178125 0.2109375 0.3015625
1 0.54765625 0.49375 0.1359375 0.0875
0 0.590625 0.59140625 0.203125 0.0953125
0 0.41796875 0.86328125 0.153125 0.19375
1 0.73671875 0.58203125 0.1140625 0.14375
1 0.41015625 0.5078125 0.109375 0.065625
0 0.47421875 0.725 0.14375 0.0671875
1 0.69140625 0.8015625 0.1140625 0.2046875
0 0.18203125 0.8875 0.303125 0.19375
1 0.26171875 0.7234375 0.165625 0.1296875
1 0.35390625 0.68046875 0.1109375 0.04375
1 0.86875 0.7171875 0.2296875 0.1796875
1 0.11484375 0.61953125 0.184375 0.09375
1 0.5734375 0.69375 0.090625 0.084375
1 0.20703125 0.5390625 0.096875 0.078125
1 0.3109375 0.41171875 0.2890625 0.1546875