0 0.7125 0.61875 0.2484375 0.1546875
0 0.84765625 0.14140625 0.2484375 0.221875
0 0.8984375 0.2734375 0.1640625 0.084375
0 0.665625 0.90859375 0.1546875 0.159375
0 0.40390625 0.6609375 0.2796875 0.15625
0 0.4046875 0.16171875 0.1875 0.2109375
0 0.5109375 0.83125 0.1765625 0.16875
0 0.56328125 0.28203125 0.20625 0.175
0 0.68671875 0.76796875 0.1546875 0.13125
1 0.203125 0.18046875 0.234375 0.2078125
0 0.38984375 0.45 0.171875 0.1625
1 0.2328125 0.34453125 0.2265625 0.1328125
0 0.78828125 0.34609375 0.1125 0.1234375
0 0.6453125 0.525 0.0875 0.1328125
1 0.74765625 0.46328125 0.1796875 0.1203125
1 0.08125 0.33671875 0.1359375 0.1109375