0 0.79375 0.4203125 0.1484375 0.2671875
0 0.246875 0.93203125 0.1265625 0.13125
0 0.27578125 0.259375 0.1390625 0.1578125
0 0.88515625 0.05078125 0.1375 0.1015625
0 0.83359375 0.959375 0.078125 0.0625
0 0.76640625 0.2046875 0.0546875 0.15
0 0.8375 0.7734375 0.0609375 0.1390625
0 0.2703125 0.5546875 0.2828125 0.14375
0 0.09921875 0.44296875 0.1984375 0.1515625
0 0.6296875 0.37421875 0.125 0.2375
0 0.34765625 0.15 0.221875 0.1859375
0 0.7734375 0.87578125 0.0703125 0.10625
0 0.0640625 0.865625 0.0890625 0.090625
0 0.52109375 0.56640625 0.146875 0.125
0 0.6859375 0.98359375 0.09375 0.0171875
0 0.18125 0.853125 0.0875 0.1171875
0 0.9078125 0.525 0.125 0.1265625
0 0.72890625 0.73515625 0.0609375 0.140625
0 0.684375 0.546875 0.08125 0.1859375
0 0.4109375 0.36796875 0.1375 0.1796875
0 0.6375 0.05234375 0.0734375 0.1015625
0 0.63671875 0.15234375 0.0671875 0.0890625
0 0.6703125 0.87734375 0.065625 0.103125
0 0.17890625 0.05625 0.1015625 0.1125
0 0.51484375 0.04921875 0.128125 0.0984375
0 0.3171875 0.04296875 0.0953125 0.0859375
0 0.1921875 0.71328125 0.1234375 0.146875
0 0.85546875 0.1515625 0.0984375 0.1359375
0 0.08125 0.06953125 0.1484375 0.0828125
0 0.69296875 0.01640625 0.078125 0.0328125
0 0.2828125 0.3828125 0.0703125 0.08125
0 0.51484375 0.725 0.08125 0.1171875