0 0.37109375 0.8203125 0.1875 0.3296875
0 0.43828125 0.1703125 0.2890625 0.340625
0 0.17890625 0.78671875 0.2484375 0.228125
0 0.50625 0.66328125 0.203125 0.18125
0 0.2171875 0.57578125 0.2640625 0.24375
0 0.37734375 0.5125 0.14375 0.178125
0 0.76796875 0.425 0.175 0.221875
0 0.5984375 0.3296875 0.2171875 0.1359375
1 0.89375 0.64921875 0.2125 0.2453125
0 0.37890625 0.39140625 0.2265625 0.1265625
0 0.54296875 0.5609375 0.0859375 0.1484375
0 0.67734375 0.5609375 0.0765625 0.0984375
1 0.721875 0.609375 0.115625 0.0859375