0 0.5125 0.6484375 0.2484375 0.1453125
0 0.5734375 0.80703125 0.1703125 0.1890625
0 0.74609375 0.76015625 0.1578125 0.140625
0 0.7421875 0.5109375 0.1390625 0.2140625
0 0.709375 0.90546875 0.165625 0.1890625
0 0.8265625 0.1484375 0.2 0.2890625
0 0.9234375 0.30703125 0.1484375 0.0953125
0 0.6203125 0.38984375 0.1484375 0.1203125
0 0.8265625 0.403125 0.1234375 0.16875
0 0.3203125 0.61796875 0.15 0.2703125
0 0.4953125 0.46796875 0.1265625 0.090625
1 0.31796875 0.32578125 0.109375 0.2625
0 0.75234375 0.62890625 0.209375 0.1296875
1 0.13125 0.4625 0.2625 0.2234375
1 0.45859375 0.3078125 0.178125 0.2171875
0 0.63203125 0.46875 0.096875 0.0421875