0 0.85 0.6421875 0.290625 0.1640625
0 0.56328125 0.72578125 0.28125 0.1921875
0 0.7796875 0.8515625 0.2359375 0.2703125
0 0.740625 0.54765625 0.175 0.084375
1 0.8453125 0.20390625 0.190625 0.1765625
1 0.16640625 0.3421875 0.2953125 0.1484375
0 0.521875 0.3609375 0.1765625 0.09375
0 0.57265625 0.5765625 0.15 0.078125
0 0.63671875 0.18125 0.2375 0.328125
0 0.3890625 0.28125 0.1375 0.184375
0 0.74140625 0.371875 0.2625 0.121875
0 0.3671875 0.46640625 0.1140625 0.1515625
0 0.66015625 0.4421875 0.121875 0.0640625