0 0.3875 0.60703125 0.1578125 0.1046875
0 0.3046875 0.1375 0.1734375 0.209375
0 0.16015625 0.40625 0.175 0.171875
0 0.821875 0.4421875 0.325 0.234375
0 0.1015625 0.284375 0.203125 0.1640625
0 0.15078125 0.6734375 0.2328125 0.1390625
0 0.50859375 0.5515625 0.1203125 0.1828125
0 0.3203125 0.290625 0.121875 0.1546875
0 0.66796875 0.23515625 0.2140625 0.340625
0 0.25078125 0.53125 0.1140625 0.1296875
0 0.5046875 0.29609375 0.1125 0.246875
0 0.3640625 0.7375 0.2046875 0.1703125
0 0.22109375 0.85703125 0.1859375 0.26875
0 0.63359375 0.60390625 0.1671875 0.3375
0 0.44375 0.4203125 0.109375 0.0875
1 0.12734375 0.09375 0.1765625 0.1875
0 0.321875 0.40703125 0.10625 0.0796875
0 0.425 0.2328125 0.1265625 0.284375
1 0.425 0.48203125 0.08125 0.0546875