1 0.86171875 0.159375 0.20625 0.2328125
0 0.33125 0.55546875 0.1484375 0.26875
0 0.78515625 0.65703125 0.2375 0.1640625
0 0.41171875 0.30859375 0.1546875 0.2015625
0 0.87109375 0.3953125 0.2328125 0.1734375
0 0.7734375 0.86875 0.184375 0.253125
0 0.57734375 0.6609375 0.115625 0.0890625
0 0.275 0.2390625 0.175 0.2390625
0 0.66796875 0.24453125 0.1421875 0.24375
0 0.1625 0.5109375 0.1453125 0.2703125
0 0.73125 0.453125 0.1203125 0.1171875
0 0.6546875 0.57421875 0.08125 0.1171875
1 0.10703125 0.35234375 0.1703125 0.1859375
0 0.5984375 0.83203125 0.184375 0.1890625
1 0.49140625 0.815625 0.084375 0.1296875