1 0.1390625 0.165625 0.2625 0.30625
0 0.83359375 0.471875 0.321875 0.3203125
0 0.6578125 0.2828125 0.1890625 0.45
0 0.67109375 0.665625 0.159375 0.3171875
1 0.39921875 0.81171875 0.128125 0.33125
1 0.38515625 0.28359375 0.190625 0.2609375
0 0.1703125 0.43203125 0.2359375 0.221875
0 0.50859375 0.43046875 0.14375 0.2
0 0.36875 0.553125 0.134375 0.171875
0 0.54609375 0.615625 0.0859375 0.1859375
0 0.47578125 0.6734375 0.1109375 0.1640625
1 0.31484375 0.8703125 0.1171875 0.18125
1 0.47890625 0.8171875 0.0640625 0.13125