0 0.68203125 0.08828125 0.1390625 0.1765625
0 0.728125 0.2171875 0.1734375 0.134375
0 0.69375 0.35 0.159375 0.13125
1 0.33046875 0.19375 0.128125 0.2390625
0 0.56484375 0.159375 0.159375 0.1640625
0 0.52734375 0.284375 0.1421875 0.153125
1 0.8515625 0.52109375 0.153125 0.259375
0 0.6703125 0.81796875 0.1234375 0.2953125
0 0.1171875 0.84921875 0.1390625 0.278125
0 0.8140625 0.81796875 0.121875 0.26875
0 0.47421875 0.459375 0.128125 0.15
0 0.25078125 0.46640625 0.1515625 0.3484375
0 0.90234375 0.67578125 0.115625 0.203125
0 0.3984375 0.74296875 0.0984375 0.190625
0 0.62890625 0.4578125 0.09375 0.1140625
0 0.08984375 0.52890625 0.1796875 0.30625
0 0.3703125 0.496875 0.0921875 0.2390625
0 0.56796875 0.034375 0.125 0.06875
1 0.475 0.89765625 0.1015625 0.1328125
0 0.73203125 0.5015625 0.128125 0.23125
0 0.0484375 0.78828125 0.096875 0.278125
0 0.31171875 0.815625 0.125 0.3109375
0 0.6078125 0.55390625 0.0828125 0.1328125
0 0.49921875 0.76953125 0.1203125 0.1078125
1 0.38828125 0.92578125 0.0796875 0.1015625
0 0.59296875 0.70859375 0.0875 0.0578125
0 0.45 0.2875 0.1609375 0.1828125