0 0.81796875 0.84375 0.31875 0.28125
0 0.76953125 0.5859375 0.2625 0.2234375
0 0.46640625 0.7640625 0.328125 0.2484375
0 0.28046875 0.32890625 0.2171875 0.09375
0 0.40390625 0.5171875 0.0734375 0.0875
0 0.4875 0.38515625 0.1734375 0.1015625
0 0.19296875 0.478125 0.328125 0.1171875
0 0.5984375 0.50390625 0.121875 0.20625
1 0.47265625 0.10078125 0.1359375 0.1390625
1 0.33984375 0.20390625 0.1875 0.0921875
0 0.465625 0.59765625 0.1734375 0.0765625
0 0.3765625 0.425 0.06875 0.1015625
0 0.51171875 0.47265625 0.1640625 0.0578125
1 0.54453125 0.23203125 0.1953125 0.1109375
1 0.16796875 0.5984375 0.20625 0.0828125