0 0.20234375 0.62421875 0.38125 0.19375
1 0.271875 0.1046875 0.3125 0.2
1 0.6140625 0.7484375 0.4375 0.2640625
1 0.2796875 0.85 0.3359375 0.3
0 0.503125 0.20234375 0.3015625 0.159375
0 0.18828125 0.259375 0.3328125 0.1546875
0 0.5796875 0.5640625 0.33125 0.1359375
0 0.32734375 0.37421875 0.15625 0.096875
0 0.48671875 0.34140625 0.1609375 0.075
1 0.8875 0.24765625 0.1875 0.1625
1 0.88671875 0.39609375 0.2265625 0.1390625
0 0.29609375 0.525 0.246875 0.121875
1 0.65546875 0.25234375 0.1859375 0.203125
1 0.71484375 0.48671875 0.1921875 0.18125
1 0.5046875 0.44921875 0.178125 0.121875