0 0.5890625 0.18671875 0.1421875 0.125
0 0.2859375 0.4359375 0.196875 0.146875
0 0.3484375 0.1890625 0.2453125 0.1234375
0 0.68515625 0.06953125 0.14375 0.071875
0 0.89765625 0.40546875 0.171875 0.13125
0 0.103125 0.35546875 0.103125 0.0875
0 0.54296875 0.30546875 0.1515625 0.065625
0 0.671875 0.47890625 0.353125 0.184375
0 0.371875 0.6421875 0.0640625 0.0515625
0 0.87421875 0.31953125 0.096875 0.059375
0 0.0796875 0.26484375 0.159375 0.059375
0 0.56328125 0.66640625 0.090625 0.078125
0 0.003125 0.446875 0.00625 0.0875
0 0.34140625 0.7453125 0.0609375 0.05625
0 0.66171875 0.75234375 0.1515625 0.203125
0 0.403125 0.56796875 0.059375 0.0671875
0 0.31484375 0.2875 0.190625 0.0640625
0 0.59609375 0.0015625 0.1078125 0.003125
0 0.64140625 0.6171875 0.1078125 0.0640625
0 0.6359375 0.7140625 0.0921875 0.1125