0 0.42265625 0.790625 0.178125 0.24375
0 0.625 0.2921875 0.2109375 0.2140625
0 0.81796875 0.16484375 0.2859375 0.3296875
0 0.68203125 0.86796875 0.1703125 0.2140625
0 0.3078125 0.5390625 0.178125 0.234375
0 0.83515625 0.3890625 0.24375 0.190625
0 0.5421875 0.42578125 0.2265625 0.1859375
0 0.75703125 0.5328125 0.1859375 0.159375
1 0.1859375 0.7171875 0.28125 0.221875
0 0.4703125 0.58828125 0.215625 0.146875
0 0.796875 0.6828125 0.1875 0.1640625
0 0.86875 0.85390625 0.2625 0.228125
0 0.61328125 0.73671875 0.134375 0.09375
0 0.71796875 0.64765625 0.115625 0.1296875
0 0.58671875 0.8546875 0.0796875 0.1625