0 0.91953125 0.146875 0.1609375 0.2921875
0 0.2015625 0.32734375 0.403125 0.196875
0 0.65625 0.27890625 0.128125 0.1
0 0.8046875 0.359375 0.371875 0.265625
0 0.415625 0.18828125 0.215625 0.128125
0 0.5765625 0.7328125 0.2359375 0.1625
0 0.38828125 0.83984375 0.1953125 0.196875
0 0.571875 0.42578125 0.1609375 0.1265625
0 0.20390625 0.5765625 0.4078125 0.2109375
0 0.390625 0.409375 0.153125 0.1265625
0 0.09609375 0.09296875 0.1328125 0.096875
0 0.9109375 0.7546875 0.178125 0.490625
0 0.06875 0.81171875 0.1375 0.3765625
0 0.08984375 0.19375 0.1140625 0.075
0 0.4984375 0.2890625 0.0765625 0.0546875
0 0.69921875 0.5703125 0.371875 0.1921875
0 0.17578125 0.81875 0.2890625 0.3625
0 0.12421875 0.8171875 0.209375 0.3640625
0 0.06640625 0.01796875 0.1328125 0.0359375
0 0.5328125 0.86875 0.2703125 0.2625
0 0.04921875 0.8015625 0.0984375 0.396875
0 0.21875 0.8234375 0.2734375 0.3421875
0 0.16484375 0.82109375 0.2046875 0.35625
0 0.0546875 0.46640625 0.109375 0.253125
0 0.0734375 0.45703125 0.146875 0.225
0 0.2609375 0.8234375 0.1953125 0.3515625