0 0.7734375 0.50390625 0.18125 0.10625
0 0.4171875 0.5828125 0.1890625 0.1703125
0 0.075 0.51484375 0.103125 0.109375
0 0.49140625 0.24453125 0.14375 0.0953125
0 0.23203125 0.053125 0.1546875 0.10625
0 0.759375 0.60546875 0.140625 0.0734375
0 0.81171875 0.41953125 0.1234375 0.084375
0 0.6859375 0.71015625 0.196875 0.115625
0 0.9421875 0.49375 0.115625 0.10625
0 0.80078125 0.2734375 0.2015625 0.0796875
0 0.23671875 0.26015625 0.221875 0.0890625
0 0.246875 0.4 0.115625 0.0734375
0 0.95234375 0.646875 0.0953125 0.08125
0 0.26484375 0.5265625 0.0796875 0.1046875
0 0.2625 0.18359375 0.115625 0.075
0 0.246875 0.91953125 0.05625 0.0484375
0 0.14296875 0.028125 0.1328125 0.05625
0 0.62421875 0.47578125 0.1109375 0.0546875
0 0.13828125 0.2890625 0.090625 0.0734375
0 0.365625 0.309375 0.109375 0.046875
0 0.684375 0.05546875 0.121875 0.059375
0 0.32109375 0.92265625 0.0515625 0.0703125
0 0.39140625 0.15625 0.1203125 0.05625
0 0.97734375 0.9015625 0.0453125 0.159375
0 0.215625 0.803125 0.053125 0.04375
0 0.96875 0.7234375 0.0625 0.0765625
0 0.5140625 0.80078125 0.046875 0.0453125
0 0.0765625 0.759375 0.04375 0.0453125
0 0.93671875 0.4140625 0.1140625 0.0609375
0 0.75859375 0.3375 0.11875 0.053125
0 0.27578125 0.984375 0.0546875 0.03125
0 0.2203125 0.8765625 0.0609375 0.0484375
0 0.86796875 0.709375 0.04375 0.0578125
0 0.1859375 0.32421875 0.09375 0.053125
0 0.03046875 0.77578125 0.0546875 0.0359375
0 0.28671875 0.8109375 0.0640625 0.053125
0 0.0359375 0.33125 0.071875 0.0546875
0 0.9796875 0.3203125 0.0390625 0.0875
0 0.65234375 0.7578125 0.046875 0.0484375
0 0.97265625 0.8 0.0546875 0.06875
0 0.01875 0.80546875 0.0328125 0.0359375