0 0.2984375 0.6328125 0.259375 0.3234375
0 0.5421875 0.67578125 0.2375 0.1984375
0 0.475 0.3796875 0.134375 0.1046875
0 0.78046875 0.19453125 0.1421875 0.109375
0 0.59921875 0.19453125 0.1265625 0.1140625
0 0.93515625 0.3140625 0.1296875 0.14375
0 0.74296875 0.29921875 0.121875 0.0859375
0 0.34921875 0.0796875 0.1078125 0.1578125
0 0.06171875 0.32265625 0.1234375 0.1390625
0 0.053125 0.2140625 0.10625 0.06875
0 0.80546875 0.46484375 0.1015625 0.0859375
0 0.9234375 0.025 0.14375 0.05
0 0.8140625 0.3578125 0.1265625 0.05625
0 0.40703125 0.9296875 0.1015625 0.06875
0 0.58046875 0.478125 0.1 0.059375
0 0.5703125 0.5296875 0.0953125 0.053125
0 0.67421875 0.7296875 0.1015625 0.05625
0 0.39765625 0.81015625 0.078125 0.0640625
0 0.5375 0.80234375 0.03125 0.05625
0 0.76953125 0.83984375 0.06875 0.09375
0 0.06640625 0.10546875 0.096875 0.065625
0 0.878125 0.084375 0.171875 0.0765625
0 0.8296875 0.54296875 0.06875 0.0484375
0 0.88125 0.59140625 0.128125 0.0484375
0 0.9765625 0.1734375 0.046875 0.0609375
0 0.14296875 0.52734375 0.1453125 0.071875
0 0.03828125 0.05859375 0.0765625 0.1171875
0 0.46953125 0.9796875 0.06875 0.040625
0 0.37109375 0.85546875 0.06875 0.0609375
0 0.6046875 0.98671875 0.059375 0.0265625
0 0.82109375 0.5390625 0.0796875 0.0546875
0 0.01796875 0.428125 0.0359375 0.1328125