1 0.11328125 0.1640625 0.2265625 0.328125
0 0.83359375 0.50859375 0.3046875 0.278125
0 0.63203125 0.65390625 0.1703125 0.3
0 0.3203125 0.2109375 0.178125 0.25
0 0.5234375 0.39609375 0.11875 0.2046875
0 0.1515625 0.453125 0.240625 0.2421875
0 0.26953125 0.71328125 0.1984375 0.2546875
0 0.5171875 0.5890625 0.1140625 0.16875
0 0.325 0.87421875 0.1265625 0.228125
0 0.66953125 0.365625 0.1765625 0.2375
0 0.346875 0.359375 0.1078125 0.115625
0 0.4359375 0.74765625 0.1515625 0.1375
0 0.40546875 0.61796875 0.1171875 0.1453125
0 0.31328125 0.51171875 0.109375 0.1515625