0 0.2421875 0.275 0.2140625 0.1171875
0 0.34453125 0.19609375 0.1921875 0.1015625
0 0.34453125 0.62421875 0.25 0.115625
0 0.68515625 0.1453125 0.2203125 0.096875
0 0.690625 0.3171875 0.2046875 0.10625
0 0.06328125 0.27265625 0.1265625 0.0890625
0 0.78671875 0.28984375 0.1296875 0.0671875
0 0.92265625 0.3078125 0.1140625 0.0578125
0 0.646875 0.7296875 0.234375 0.1375
0 0.14296875 0.15 0.2859375 0.115625
0 0.50390625 0.29140625 0.2125 0.090625
0 0.06484375 0.96953125 0.1296875 0.0609375
0 0.8 0.8375 0.11875 0.0578125
0 0.9359375 0.3953125 0.075 0.071875
0 0.771875 0.57734375 0.2625 0.278125
0 0.2625 0.9015625 0.1640625 0.190625
0 0.33359375 0.0609375 0.1796875 0.1
0 0.89609375 0.0671875 0.2046875 0.06875
0 0.5640625 0.08359375 0.1859375 0.0734375
0 0.04921875 0.62421875 0.0984375 0.096875
0 0.034375 0.80625 0.06875 0.1125
0 0.778125 0.94375 0.115625 0.1125
0 0.590625 0.42109375 0.1078125 0.0671875
0 0.896875 0.9109375 0.059375 0.084375
0 0.284375 0.50703125 0.1625 0.1734375
0 0.41953125 0.12421875 0.1265625 0.0515625
0 0.865625 0.1703125 0.1078125 0.059375
0 0.87421875 0.9765625 0.0765625 0.046875
0 0.3484375 0.43828125 0.24375 0.096875