0 0.49375 0.7046875 0.1328125 0.134375
1 0.44609375 0.8359375 0.1984375 0.14375
0 0.25078125 0.3875 0.1828125 0.271875
0 0.6296875 0.596875 0.1484375 0.13125
0 0.39453125 0.446875 0.146875 0.215625
0 0.38125 0.6625 0.134375 0.2125
0 0.5265625 0.4078125 0.2265625 0.1484375
0 0.2125 0.675 0.2296875 0.2671875
0 0.840625 0.359375 0.2734375 0.1625
0 0.8265625 0.1515625 0.240625 0.26875
0 0.65625 0.9 0.165625 0.1359375
0 0.67109375 0.79609375 0.25 0.2484375
0 0.59296875 0.2734375 0.253125 0.19375
0 0.71015625 0.5375 0.2140625 0.2015625
1 0.58828125 0.9390625 0.134375 0.121875
0 0.5546875 0.571875 0.06875 0.1140625
0 0.1125 0.5234375 0.225 0.19375