0 0.9625 0.721875 0.075 0.109375
0 0.12109375 0.12265625 0.115625 0.2453125
0 0.21875 0.9140625 0.09375 0.1578125
0 0.21328125 0.66875 0.0921875 0.20625
0 0.75234375 0.89921875 0.1578125 0.1375
0 0.55703125 0.72890625 0.11875 0.2
0 0.33984375 0.890625 0.05625 0.109375
0 0.3796875 0.671875 0.146875 0.240625
0 0.81953125 0.190625 0.1453125 0.13125
0 0.38671875 0.33984375 0.23125 0.1671875
0 0.04921875 0.43125 0.05 0.1109375
0 0.903125 0.3078125 0.0875 0.096875
0 0.7625 0.4390625 0.11875 0.128125
0 0.4578125 0.59140625 0.1109375 0.1265625
0 0.9703125 0.22265625 0.059375 0.125
0 0.14453125 0.29921875 0.08125 0.1015625
0 0.1265625 0.4875 0.0875 0.11875
0 0.64765625 0.85078125 0.078125 0.1046875
0 0.94453125 0.64609375 0.1015625 0.084375
0 0.46484375 0.8171875 0.065625 0.109375
0 0.1265625 0.621875 0.0609375 0.1328125
0 0.71171875 0.69296875 0.0765625 0.109375
0 0.72109375 0.01640625 0.1390625 0.0328125
0 0.43984375 0.9640625 0.1015625 0.0375
0 0.4453125 0.13125 0.0765625 0.2140625
0 0.5890625 0.9546875 0.1015625 0.040625
0 0.50703125 0.928125 0.0796875 0.1
0 0.96875 0.00703125 0.0625 0.0140625
0 0.971875 0.08984375 0.05625 0.1796875