0 0.32265625 0.1546875 0.2609375 0.29375
0 0.16875 0.321875 0.3375 0.1859375
0 0.35859375 0.878125 0.2828125 0.234375
0 0.534375 0.30625 0.3375 0.1578125
0 0.23515625 0.61328125 0.2203125 0.20625
0 0.47421875 0.76953125 0.2875 0.1609375
0 0.1171875 0.72421875 0.234375 0.2015625
0 0.50859375 0.625 0.103125 0.1375
0 0.50234375 0.48125 0.109375 0.1390625
0 0.696875 0.5390625 0.3328125 0.1921875
0 0.71875 0.68515625 0.134375 0.1453125
0 0.25625 0.446875 0.2125 0.0921875
1 0.1 0.9125 0.2 0.175
0 0.36640625 0.50625 0.125 0.0859375