1 0.709375 0.2890625 0.284375 0.15625
0 0.171875 0.871875 0.2953125 0.25625
0 0.65546875 0.71875 0.1625 0.20625
1 0.34453125 0.36953125 0.3453125 0.18125
0 0.440625 0.79296875 0.2625 0.2046875
0 0.159375 0.65703125 0.31875 0.1953125
0 0.34375 0.5546875 0.2171875 0.1828125
0 0.65703125 0.54296875 0.078125 0.1109375
0 0.81484375 0.56953125 0.2453125 0.15625
0 0.59140625 0.6390625 0.128125 0.10625
1 0.43203125 0.15703125 0.2890625 0.275
1 0.6609375 0.40390625 0.1828125 0.0953125
0 0.49921875 0.68828125 0.178125 0.1265625
0 0.509375 0.50859375 0.1609375 0.1484375
0 0.85 0.72890625 0.2421875 0.190625
1 0.946875 0.6046875 0.078125 0.103125