0 0.821875 0.8796875 0.2203125 0.240625
0 0.55390625 0.33359375 0.2734375 0.2
0 0.20234375 0.88671875 0.1859375 0.2265625
0 0.2546875 0.13203125 0.2953125 0.2046875
1 0.47890625 0.1453125 0.1296875 0.1921875
0 0.18671875 0.57265625 0.19375 0.2375
0 0.3890625 0.73359375 0.178125 0.1765625
0 0.5109375 0.765625 0.2109375 0.190625
0 0.6625 0.55390625 0.1625 0.2078125
0 0.65703125 0.875 0.1359375 0.25
0 0.78359375 0.67109375 0.18125 0.1890625
0 0.2890625 0.33125 0.2046875 0.3265625
1 0.07890625 0.8140625 0.1578125 0.159375
0 0.3109375 0.5546875 0.1296875 0.134375
1 0.434375 0.06796875 0.0890625 0.065625