0 0.88203125 0.36796875 0.1046875 0.10625
0 0.2078125 0.43203125 0.121875 0.078125
0 0.8140625 0.27421875 0.078125 0.109375
0 0.32890625 0.125 0.0625 0.0921875
0 0.13828125 0.87734375 0.10625 0.1109375
0 0.30625 0.6609375 0.0609375 0.0953125
0 0.0453125 0.3953125 0.0828125 0.0859375
0 0.04609375 0.8140625 0.090625 0.096875
0 0.8109375 0.59296875 0.0515625 0.109375
0 0.77578125 0.48125 0.096875 0.071875
0 0.26875 0.76328125 0.1125 0.1078125
0 0.51171875 0.325 0.0765625 0.0578125
0 0.6390625 0.45859375 0.0671875 0.06875
0 0.0890625 0.53515625 0.11875 0.0875
0 0.72734375 0.115625 0.078125 0.0578125
0 0.48984375 0.6 0.078125 0.0796875
0 0.2578125 0.2546875 0.0390625 0.09375
0 0.1296875 0.38515625 0.053125 0.084375
0 0.61484375 0.59921875 0.071875 0.075
0 0.11875 0.68125 0.0828125 0.1015625
0 0.03203125 0.9546875 0.0625 0.090625
0 0.384375 0.50625 0.0703125 0.0796875
0 0.51484375 0.5109375 0.09375 0.06875
0 0.7203125 0.37421875 0.0859375 0.0671875
0 0.7078125 0.625 0.0515625 0.109375
0 0.41171875 0.259375 0.0890625 0.0515625
0 0.521875 0.3890625 0.0671875 0.0625
0 0.6703125 0.0578125 0.08125 0.071875
0 0.6 0.5390625 0.0671875 0.0703125
0 0.01484375 0.478125 0.025 0.1
0 0.2890625 0.53515625 0.090625 0.06875
0 0.32421875 0.24296875 0.0421875 0.0859375
0 0.20078125 0.59375 0.0546875 0.0921875
0 0.35703125 0.35 0.09375 0.0828125
0 0.45703125 0.20859375 0.0609375 0.0625
0 0.253125 0.9328125 0.0390625 0.090625
0 0.7296875 0.2734375 0.0390625 0.075
0 0.79375 0.378125 0.05 0.0578125
0 0.35703125 0.03984375 0.0703125 0.0546875
0 0.87421875 0.65859375 0.06875 0.10625
0 0.15625 0.30703125 0.040625 0.10625
0 0.8640625 0.490625 0.0640625 0.09375
0 0.4265625 0.37734375 0.046875 0.0609375
0 0.29296875 0.9390625 0.0609375 0.0609375
0 0.79609375 0.096875 0.065625 0.0625
0 0.43515625 0.11796875 0.08125 0.0875
0 0.453125 0.4421875 0.0515625 0.059375
0 0.18984375 0.7953125 0.046875 0.0765625
0 0.43359375 0.0796875 0.0765625 0.0515625
0 0.20078125 0.240625 0.0828125 0.0640625
0 0.77421875 0.046875 0.046875 0.0890625