0 0.6890625 0.2828125 0.175 0.2890625
0 0.18984375 0.88671875 0.175 0.1921875
0 0.13046875 0.7296875 0.2359375 0.1359375
0 0.8375 0.440625 0.296875 0.1875
0 0.221875 0.45234375 0.1265625 0.121875
1 0.15703125 0.2015625 0.159375 0.1578125
0 0.259375 0.34921875 0.171875 0.103125
0 0.53203125 0.5859375 0.1265625 0.2265625
0 0.45078125 0.31953125 0.1703125 0.1015625
0 0.68125 0.58203125 0.1515625 0.2625
0 0.30546875 0.43515625 0.096875 0.0765625
0 0.41796875 0.68671875 0.221875 0.1375
0 0.34921875 0.82421875 0.1703125 0.1828125
0 0.31875 0.15859375 0.1703125 0.278125
0 0.4265625 0.39609375 0.10625 0.0546875
0 0.1359375 0.353125 0.171875 0.13125
0 0.53125 0.3359375 0.125 0.228125
0 0.2296875 0.57890625 0.1546875 0.153125