0 0.33984375 0.759375 0.215625 0.15
0 0.790625 0.89921875 0.1921875 0.10625
0 0.3890625 0.3421875 0.19375 0.140625
0 0.2625 0.684375 0.1984375 0.1953125
0 0.7625 0.26015625 0.4171875 0.1390625
0 0.196875 0.46015625 0.24375 0.140625
0 0.5140625 0.57578125 0.14375 0.0984375
0 0.8171875 0.025 0.18125 0.05
0 0.9609375 0.36171875 0.078125 0.1265625
0 0.9734375 0.72734375 0.053125 0.121875
0 0.5578125 0.4171875 0.2234375 0.15625
0 0.1078125 0.1265625 0.1203125 0.06875
0 0.975 0.603125 0.05 0.0984375
0 0.27578125 0.2859375 0.2671875 0.1203125
0 0.07578125 0.59375 0.0734375 0.1625
0 0.159375 0.88671875 0.1203125 0.096875
0 0.38046875 0.5546875 0.1125 0.084375
0 0.8890625 0.41015625 0.2 0.1890625
0 0.79765625 0.14765625 0.3234375 0.1640625
0 0.48125 0.721875 0.0859375 0.0640625
0 0.46640625 0.14453125 0.2890625 0.2890625
0 0.80625 0.7875 0.0890625 0.078125
0 0.59140625 0.7890625 0.15625 0.1796875