0 0.2703125 0.0265625 0.1140625 0.053125
0 0.07734375 0.23359375 0.1546875 0.0890625
0 0.1421875 0.6796875 0.2328125 0.15625
0 0.0703125 0.15390625 0.140625 0.065625
0 0.38828125 0.61328125 0.1140625 0.0953125
0 0.92109375 0.1578125 0.109375 0.13125
0 0.60390625 0.7375 0.175 0.084375
0 0.2765625 0.35234375 0.1421875 0.05625
0 0.52890625 0.48984375 0.1484375 0.05625
0 0.83671875 0.76484375 0.09375 0.08125
0 0.690625 0.07265625 0.1015625 0.0609375
0 0.7765625 0.2984375 0.1265625 0.06875
0 0.7890625 0.084375 0.13125 0.0828125
0 0.3421875 0.40078125 0.115625 0.0609375
0 0.1625 0.45703125 0.103125 0.0890625
0 0.4234375 0.0875 0.1140625 0.0609375
0 0.6015625 0.0203125 0.078125 0.040625
0 0.67421875 0.11796875 0.1296875 0.0546875
0 0.18828125 0.084375 0.1265625 0.0671875
0 0.39765625 0.93984375 0.125 0.0921875
0 0.55546875 0.1796875 0.1171875 0.0703125
0 0.33984375 0.86875 0.1 0.0796875
0 0.83203125 0.87578125 0.0828125 0.0703125
0 0.859375 0.0390625 0.0625 0.078125
0 0.3359375 0.19765625 0.1734375 0.06875
0 0.6140625 0.4109375 0.1921875 0.0546875
0 0.3625 0.7734375 0.1921875 0.096875
0 0.76953125 0.96328125 0.11875 0.0453125
0 0.67734375 0.51796875 0.065625 0.0953125
0 0.240625 0.421875 0.090625 0.0796875
0 0.8140625 0.38046875 0.121875 0.0484375
0 0.88515625 0.9671875 0.084375 0.034375
0 0.79765625 0.5 0.0859375 0.075
0 0.43359375 0.3640625 0.0734375 0.0671875
0 0.00390625 0.328125 0.0078125 0.10625
0 0.85078125 0.23984375 0.26875 0.1328125
0 0.81015625 0.67109375 0.1171875 0.065625
0 0.45390625 0.2578125 0.0671875 0.0609375
0 0.30625 0.37265625 0.178125 0.078125
0 0.36796875 0.4703125 0.1015625 0.0546875