0 0.1453125 0.765625 0.2640625 0.190625
0 0.32734375 0.3328125 0.315625 0.2625
0 0.753125 0.20859375 0.2078125 0.16875
0 0.2765625 0.56640625 0.23125 0.19375
0 0.40546875 0.5 0.159375 0.084375
1 0.26953125 0.9265625 0.2359375 0.146875
1 0.2875 0.1140625 0.203125 0.2015625
0 0.47109375 0.7265625 0.225 0.1484375
1 0.8375 0.49296875 0.3015625 0.215625
1 0.815625 0.78046875 0.35 0.3328125
1 0.9125 0.60625 0.1734375 0.0984375
1 0.6578125 0.421875 0.125 0.125
0 0.4328125 0.87421875 0.340625 0.25
0 0.565625 0.42890625 0.146875 0.109375
1 0.4421875 0.875 0.3109375 0.25
0 0.6171875 0.75546875 0.1671875 0.34375
1 0.50234375 0.26875 0.075 0.075
0 0.44296875 0.5734375 0.046875 0.0734375
0 0.64453125 0.5234375 0.1390625 0.0984375