0 0.821875 0.80546875 0.140625 0.3015625
0 0.25078125 0.565625 0.2078125 0.16875
0 0.53984375 0.25859375 0.2421875 0.1359375
0 0.93984375 0.71484375 0.1203125 0.1984375
0 0.43671875 0.72109375 0.125 0.2
0 0.24140625 0.06953125 0.2203125 0.1390625
0 0.6453125 0.67734375 0.203125 0.1703125
0 0.89140625 0.57109375 0.159375 0.175
0 0.40546875 0.59921875 0.109375 0.1515625
0 0.4796875 0.09375 0.246875 0.1875
0 0.79921875 0.48359375 0.0921875 0.203125
0 0.17109375 0.2203125 0.3328125 0.18125
0 0.6703125 0.48359375 0.0796875 0.125
1 0.2921875 0.73359375 0.153125 0.1671875
0 0.35390625 0.44453125 0.11875 0.171875
0 0.49140625 0.55546875 0.1296875 0.1578125
0 0.61015625 0.57265625 0.0921875 0.08125
1 0.71875 0.4375 0.0828125 0.06875