0 0.56640625 0.12734375 0.215625 0.2546875
0 0.2875 0.6296875 0.2046875 0.35625
0 0.575 0.81484375 0.2546875 0.2390625
0 0.81484375 0.85703125 0.2375 0.2453125
0 0.83828125 0.61015625 0.2515625 0.275
0 0.22890625 0.284375 0.2140625 0.26875
1 0.109375 0.4890625 0.2140625 0.2375
0 0.43125 0.3265625 0.2140625 0.1453125
1 0.77734375 0.09921875 0.1625 0.184375
0 0.66953125 0.29765625 0.1984375 0.146875
0 0.53515625 0.62421875 0.203125 0.128125
0 0.69375 0.509375 0.1296875 0.1796875
1 0.77890625 0.25234375 0.159375 0.1375