1 0.6265625 0.903125 0.221875 0.159375
1 0.109375 0.634375 0.1921875 0.146875
1 0.88125 0.89609375 0.2375 0.15625
0 0.5453125 0.20234375 0.246875 0.4046875
0 0.7046875 0.45234375 0.315625 0.1453125
0 0.303125 0.62578125 0.30625 0.1671875
0 0.50859375 0.7765625 0.20625 0.1453125
0 0.49140625 0.671875 0.084375 0.1421875
1 0.25859375 0.48671875 0.1515625 0.159375
0 0.49765625 0.55625 0.08125 0.1046875
1 0.23828125 0.73046875 0.1375 0.15625
1 0.390625 0.4578125 0.278125 0.14375
1 0.7953125 0.69765625 0.2703125 0.2140625
0 0.58203125 0.5265625 0.1078125 0.05625