1 0.2484375 0.909375 0.2 0.18125
0 0.25390625 0.546875 0.171875 0.2625
0 0.35234375 0.8375 0.178125 0.2484375
0 0.62421875 0.91328125 0.1859375 0.1734375
1 0.10234375 0.69765625 0.2046875 0.2640625
0 0.8609375 0.909375 0.278125 0.18125
0 0.3921875 0.51953125 0.171875 0.1359375
0 0.61953125 0.6546875 0.1078125 0.1875
0 0.7703125 0.6984375 0.240625 0.33125
0 0.571875 0.5125 0.190625 0.146875
1 0.0703125 0.90390625 0.140625 0.1921875
1 0.54453125 0.159375 0.121875 0.253125
1 0.69296875 0.609375 0.09375 0.1015625
0 0.50625 0.803125 0.16875 0.1734375
0 0.49140625 0.30234375 0.215625 0.3453125
0 0.53359375 0.59296875 0.1 0.0828125
0 0.47734375 0.7359375 0.08125 0.215625