1 0.7171875 0.225 0.2953125 0.3703125
1 0.2125 0.50390625 0.1359375 0.1765625
0 0.35546875 0.75078125 0.1375 0.24375
0 0.7140625 0.534375 0.2609375 0.203125
0 0.49296875 0.4296875 0.184375 0.1359375
1 0.7859375 0.83203125 0.1859375 0.265625
1 0.3421875 0.4953125 0.13125 0.21875
1 0.20859375 0.715625 0.165625 0.203125
1 0.6703125 0.6328125 0.1515625 0.15625
1 0.6 0.82890625 0.1296875 0.21875
1 0.09296875 0.6484375 0.1203125 0.18125
0 0.559375 0.559375 0.08125 0.109375
0 0.49453125 0.6453125 0.1265625 0.16875