0 0.33203125 0.540625 0.1421875 0.171875
0 0.43828125 0.73046875 0.1359375 0.2078125
0 0.46328125 0.15546875 0.1890625 0.2640625
0 0.58046875 0.4625 0.159375 0.0796875
1 0.5796875 0.72578125 0.1265625 0.121875
1 0.65078125 0.3390625 0.2890625 0.1421875
0 0.43671875 0.465625 0.1046875 0.06875
0 0.540625 0.54375 0.140625 0.06875
1 0.75703125 0.6046875 0.1640625 0.1671875
0 0.33828125 0.35234375 0.290625 0.1328125
1 0.1140625 0.62109375 0.171875 0.096875
0 0.18984375 0.71484375 0.3390625 0.1984375
0 0.43359375 0.54921875 0.0484375 0.09375
1 0.7140625 0.87109375 0.1390625 0.2453125
0 0.48828125 0.60078125 0.103125 0.046875
0 0.625 0.54765625 0.0890625 0.0875
1 0.1921875 0.53203125 0.0984375 0.1359375
0 0.8921875 0.75234375 0.20625 0.203125