0 0.65703125 0.06796875 0.1875 0.1359375
0 0.31171875 0.240625 0.1984375 0.0578125
0 0.57421875 0.55859375 0.2390625 0.1140625
0 0.23828125 0.5171875 0.23125 0.1234375
0 0.74296875 0.696875 0.0671875 0.1046875
0 0.4703125 0.45078125 0.1078125 0.0515625
0 0.9640625 0.3953125 0.06875 0.1140625
0 0.82421875 0.6953125 0.0671875 0.08125
0 0.478125 0.26875 0.1046875 0.0515625
0 0.678125 0.3859375 0.2578125 0.0703125
0 0.778125 0.22578125 0.1484375 0.05
0 0.4140625 0.09765625 0.171875 0.1734375
0 0.63125 0.25390625 0.0984375 0.053125
0 0.47578125 0.73203125 0.196875 0.140625
0 0.9328125 0.875 0.128125 0.0765625
0 0.27109375 0.38125 0.1734375 0.0734375
0 0.9078125 0.26875 0.1 0.0671875
0 0.44375 0.32109375 0.115625 0.04375
0 0.81171875 0.01484375 0.1140625 0.028125
0 0.70078125 0.62890625 0.0671875 0.0515625
0 0.43984375 0.9046875 0.0640625 0.05625
0 0.87890625 0.18203125 0.128125 0.05625
0 0.92109375 0.78828125 0.1484375 0.059375
0 0.54609375 0.29140625 0.075 0.05625