0 0.59140625 0.1078125 0.2359375 0.215625
1 0.4640625 0.73984375 0.24375 0.159375
0 0.8015625 0.7171875 0.2875 0.1796875
1 0.6109375 0.88359375 0.178125 0.2265625
1 0.65 0.60703125 0.175 0.1296875
1 0.7375 0.25390625 0.2359375 0.1484375
0 0.27578125 0.653125 0.15 0.2
1 0.84765625 0.9 0.2609375 0.1921875
0 0.63359375 0.4109375 0.18125 0.1328125
0 0.23984375 0.4609375 0.153125 0.1796875
0 0.44765625 0.36484375 0.1796875 0.0953125
0 0.1109375 0.55703125 0.221875 0.1859375
0 0.36171875 0.46875 0.1125 0.13125
0 0.42265625 0.2296875 0.3109375 0.1703125