0 0.15234375 0.3765625 0.25 0.1734375
0 0.60546875 0.66796875 0.153125 0.20625
0 0.6640625 0.4515625 0.1234375 0.196875
0 0.3 0.5125 0.1296875 0.1609375
0 0.415625 0.8328125 0.1671875 0.3078125
1 0.8671875 0.50078125 0.228125 0.153125
0 0.43515625 0.265625 0.26875 0.1828125
1 0.88515625 0.6609375 0.1296875 0.1796875
0 0.34765625 0.64296875 0.178125 0.0828125
1 0.19609375 0.153125 0.2640625 0.284375
1 0.77890625 0.715625 0.1625 0.253125
0 0.5046875 0.65 0.1328125 0.075
0 0.5125 0.3984375 0.2625 0.134375
1 0.309375 0.71484375 0.0828125 0.0875
1 0.55 0.27890625 0.096875 0.1359375