0 0.48671875 0.721875 0.1140625 0.0859375
0 0.35703125 0.91640625 0.109375 0.0921875
0 0.29140625 0.534375 0.1671875 0.0734375
0 0.45 0.02890625 0.178125 0.05
0 0.621875 0.9328125 0.096875 0.0875
0 0.5796875 0.15625 0.11875 0.05
0 0.13515625 0.36015625 0.1296875 0.065625
0 0.07578125 0.45234375 0.15 0.078125
0 0.675 0.22265625 0.153125 0.0546875
0 0.33671875 0.625 0.1796875 0.1140625
0 0.6203125 0.7859375 0.1109375 0.1390625
0 0.471875 0.8859375 0.153125 0.0515625
0 0.6328125 0.2609375 0.1140625 0.1015625
0 0.03984375 0.825 0.0796875 0.1171875
0 0.0671875 0.21484375 0.125 0.053125
0 0.71171875 0.32421875 0.1140625 0.0578125
0 0.19375 0.47578125 0.1046875 0.0625
0 0.7421875 0.571875 0.1 0.08125
0 0.725 0.74296875 0.0890625 0.0609375
0 0.67265625 0.4140625 0.1046875 0.05
0 0.5609375 0.6671875 0.103125 0.05
0 0.48984375 0.6140625 0.0796875 0.0515625
0 0.0265625 0.73671875 0.053125 0.0875
0 0.6453125 0.63671875 0.1 0.0390625
0 0.146875 0.2421875 0.1265625 0.0421875
0 0.4546875 0.1859375 0.125 0.046875
0 0.2796875 0.04765625 0.15625 0.078125
0 0.20078125 0.128125 0.109375 0.0390625
0 0.76328125 0.43203125 0.153125 0.1203125
0 0.27734375 0.14375 0.078125 0.04375
0 0.240625 0.303125 0.096875 0.046875
0 0.03828125 0.0453125 0.0765625 0.090625
0 0.4421875 0.5296875 0.0828125 0.0453125
0 0.07578125 0.76328125 0.0421875 0.0625
0 0.4109375 0.30703125 0.0609375 0.053125
0 0.35625 0.371875 0.0828125 0.05
0 0.5171875 0.56015625 0.1375 0.0421875
0 0.37421875 0.12734375 0.0546875 0.0578125
0 0.92890625 0.2609375 0.06875 0.046875
0 0.06171875 0.33125 0.10625 0.04375
0 0.09921875 0.16875 0.109375 0.0484375
0 0.08359375 0.196875 0.1109375 0.0703125