1 0.4234375 0.18203125 0.20625 0.3203125
1 0.1140625 0.84453125 0.2015625 0.2875
0 0.8703125 0.621875 0.2421875 0.290625
0 0.72890625 0.446875 0.1578125 0.3109375
0 0.7390625 0.7890625 0.159375 0.346875
0 0.175 0.59296875 0.228125 0.215625
0 0.57578125 0.69140625 0.121875 0.2203125
0 0.2890625 0.48203125 0.1359375 0.225
0 0.3875 0.696875 0.128125 0.184375
0 0.39296875 0.515625 0.1578125 0.128125
1 0.3375 0.80859375 0.1859375 0.28125
0 0.5921875 0.48515625 0.0859375 0.1734375
0 0.36015625 0.3734375 0.1828125 0.1375
0 0.52421875 0.409375 0.1515625 0.1640625
1 0.51328125 0.6046875 0.0703125 0.1171875