1 0.7296875 0.63671875 0.1671875 0.1546875
0 0.2515625 0.17109375 0.2734375 0.3078125
0 0.61875 0.7203125 0.1984375 0.115625
0 0.18984375 0.39921875 0.371875 0.175
0 0.54296875 0.88125 0.209375 0.2296875
0 0.47578125 0.2859375 0.203125 0.221875
1 0.8484375 0.5046875 0.25 0.14375
0 0.43359375 0.62734375 0.146875 0.0890625
0 0.37734375 0.52265625 0.1421875 0.1515625
0 0.3125 0.6203125 0.13125 0.1046875
0 0.39296875 0.74609375 0.2375 0.14375
0 0.5734375 0.61875 0.1375 0.078125
0 0.58984375 0.5234375 0.1796875 0.125
0 0.659375 0.43046875 0.103125 0.128125
1 0.27109375 0.81484375 0.1484375 0.1828125