0 0.31796875 0.8859375 0.2390625 0.2046875
0 0.5375 0.315625 0.2328125 0.1484375
0 0.1890625 0.321875 0.34375 0.1796875
0 0.45078125 0.1484375 0.259375 0.2765625
0 0.28515625 0.70703125 0.25625 0.146875
0 0.75546875 0.5203125 0.2609375 0.159375
0 0.55390625 0.67421875 0.165625 0.0796875
0 0.3625 0.44453125 0.1765625 0.178125
0 0.40859375 0.596875 0.1796875 0.1484375
0 0.509375 0.7984375 0.2046875 0.1484375
0 0.475 0.50859375 0.115625 0.1234375
0 0.9109375 0.48359375 0.128125 0.184375
1 0.71875 0.6734375 0.1625 0.1546875
0 0.60625 0.43125 0.0890625 0.15
0 0.6171875 0.5796875 0.0734375 0.121875
1 0.9234375 0.66328125 0.153125 0.1984375
1 0.17734375 0.1171875 0.3140625 0.234375