0 0.6234375 0.85 0.175 0.2796875
0 0.68671875 0.14921875 0.1125 0.25625
0 0.4546875 0.54765625 0.221875 0.09375
0 0.74609375 0.66640625 0.2578125 0.1421875
1 0.37578125 0.3515625 0.0703125 0.08125
0 0.45625 0.71171875 0.2625 0.175
0 0.6984375 0.50234375 0.2453125 0.1234375
0 0.86875 0.2015625 0.228125 0.165625
1 0.290625 0.3328125 0.1078125 0.1015625
0 0.6609375 0.38828125 0.0828125 0.140625
0 0.4421875 0.39375 0.1921875 0.0984375
0 0.80078125 0.3625 0.2046875 0.1734375
1 0.37265625 0.22578125 0.096875 0.0828125
0 0.44609375 0.2 0.10625 0.1640625
1 0.146875 0.24453125 0.25625 0.203125
1 0.528125 0.15625 0.065625 0.0796875