0 0.1203125 0.11875 0.1140625 0.2359375
0 0.41640625 0.35234375 0.2375 0.19375
0 0.76484375 0.89453125 0.16875 0.1359375
0 0.7703125 0.428125 0.134375 0.1234375
0 0.82421875 0.18359375 0.146875 0.1125
0 0.4671875 0.5859375 0.1046875 0.121875
0 0.5703125 0.72890625 0.11875 0.2109375
0 0.15 0.29609375 0.0859375 0.1015625
0 0.91171875 0.29140625 0.0890625 0.0984375
0 0.2234375 0.65703125 0.0859375 0.1984375
0 0.23828125 0.91015625 0.0953125 0.1671875
0 0.96796875 0.20703125 0.0640625 0.11875
0 0.375 0.66171875 0.140625 0.246875
0 0.953125 0.63515625 0.09375 0.075
0 0.05078125 0.428125 0.0515625 0.1046875
0 0.9703125 0.7140625 0.059375 0.10625
0 0.134375 0.490625 0.0921875 0.1109375
0 0.9734375 0.0671875 0.053125 0.134375
0 0.72421875 0.67890625 0.0796875 0.1046875
0 0.50859375 0.9203125 0.078125 0.1078125
0 0.14140625 0.62265625 0.053125 0.1265625
0 0.65625 0.84296875 0.0859375 0.0921875
0 0.3359375 0.88359375 0.0546875 0.115625
0 0.46015625 0.8125 0.0625 0.1140625
0 0.4859375 0.81484375 0.0578125 0.10625
0 0.92421875 0.0453125 0.0671875 0.090625