1 0.13203125 0.90703125 0.215625 0.159375
0 0.64921875 0.36953125 0.3640625 0.165625
0 0.234375 0.35625 0.378125 0.184375
0 0.22734375 0.525 0.34375 0.1640625
1 0.45 0.1765625 0.2640625 0.3046875
0 0.765625 0.71875 0.2671875 0.16875
1 0.18046875 0.74765625 0.2328125 0.146875
0 0.36875 0.89140625 0.1890625 0.1625
0 0.57578125 0.7796875 0.128125 0.1703125
0 0.59765625 0.51875 0.284375 0.1203125
0 0.6296875 0.6125 0.1328125 0.171875
0 0.38203125 0.65 0.1984375 0.0828125
0 0.61015625 0.8453125 0.11875 0.1296875
1 0.48828125 0.85234375 0.0921875 0.146875
1 0.84296875 0.7984375 0.2734375 0.0984375