0 0.68125 0.29609375 0.159375 0.0796875
0 0.0703125 0.7796875 0.140625 0.140625
0 0.13671875 0.35390625 0.1625 0.0953125
0 0.3125 0.29921875 0.178125 0.13125
0 0.52890625 0.79375 0.171875 0.1078125
0 0.38203125 0.92109375 0.103125 0.1578125
0 0.3859375 0.44375 0.1703125 0.159375
0 0.9453125 0.478125 0.109375 0.1015625
0 0.21796875 0.12109375 0.1375 0.0984375
0 0.575 0.60234375 0.16875 0.09375
0 0.94375 0.184375 0.1125 0.059375
0 0.58125 0.41640625 0.13125 0.0984375
0 0.41640625 0.5578125 0.1828125 0.1265625
0 0.17109375 0.52890625 0.125 0.1046875
0 0.55078125 0.0328125 0.0984375 0.0640625
0 0.6578125 0.44609375 0.2625 0.15625
0 0.61953125 0.06875 0.096875 0.075
0 0.7078125 0.68359375 0.0765625 0.1125
0 0.36796875 0.7078125 0.1125 0.071875
0 0.80234375 0.4 0.1203125 0.065625
0 0.47890625 0.6578125 0.09375 0.0515625
0 0.4859375 0.70546875 0.0953125 0.0546875
0 0.34296875 0.15234375 0.075 0.053125
0 0.5421875 0.1078125 0.0859375 0.0515625
0 0.26015625 0.84375 0.090625 0.078125
0 0.46640625 0.9171875 0.071875 0.121875
0 0.925 0.0625 0.1109375 0.06875
0 0.45390625 0.18671875 0.09375 0.05
0 0.0671875 0.91640625 0.134375 0.1453125
0 0.28671875 0.76796875 0.078125 0.0546875
0 0.02890625 0.49609375 0.0578125 0.08125