1 0.1671875 0.78984375 0.2609375 0.1390625
0 0.753125 0.18359375 0.234375 0.315625
0 0.51171875 0.846875 0.175 0.23125
0 0.6078125 0.30546875 0.215625 0.2375
0 0.84765625 0.40234375 0.2875 0.1546875
0 0.58203125 0.48984375 0.1828125 0.1109375
0 0.4640625 0.61015625 0.165625 0.2171875
0 0.74609375 0.53828125 0.1265625 0.14375
0 0.35 0.87265625 0.1296875 0.215625
1 0.3 0.63828125 0.1828125 0.215625
0 0.75546875 0.73046875 0.2046875 0.1625
1 0.878125 0.74453125 0.115625 0.08125
1 0.7921875 0.67578125 0.0828125 0.0671875
1 0.79296875 0.8140625 0.0640625 0.0703125