0 0.81484375 0.56796875 0.2859375 0.2484375
0 0.1375 0.33203125 0.275 0.2
0 0.675 0.4453125 0.184375 0.225
0 0.43515625 0.271875 0.271875 0.1890625
0 0.63984375 0.6890625 0.175 0.2515625
0 0.18984375 0.49453125 0.228125 0.1875
1 0.24375 0.8046875 0.2125 0.3015625
1 0.50703125 0.6359375 0.1125 0.1421875
0 0.52734375 0.45625 0.134375 0.2140625
1 0.403125 0.48828125 0.0984375 0.1828125
0 0.39765625 0.67734375 0.14375 0.125
0 0.24765625 0.6109375 0.1640625 0.1234375
1 0.35859375 0.76953125 0.1453125 0.165625
1 0.253125 0.121875 0.2296875 0.24375