0 0.91015625 0.18515625 0.1796875 0.303125
0 0.290625 0.9015625 0.215625 0.1953125
0 0.165625 0.346875 0.33125 0.2140625
0 0.615625 0.30390625 0.1421875 0.1125
0 0.775 0.40234375 0.4046875 0.284375
0 0.50234375 0.796875 0.265625 0.1828125
0 0.515625 0.4640625 0.18125 0.14375
0 0.87421875 0.78359375 0.1859375 0.4265625
0 0.3609375 0.1984375 0.25 0.1484375
0 0.31640625 0.43828125 0.1703125 0.134375
0 0.11015625 0.84921875 0.2203125 0.3015625
0 0.1484375 0.61796875 0.296875 0.215625
0 0.63515625 0.621875 0.4125 0.2109375
0 0.44140625 0.3109375 0.08125 0.059375
0 0.03046875 0.18828125 0.0609375 0.090625
0 0.04140625 0.0703125 0.0828125 0.1203125
0 0.04140625 0.10078125 0.0828125 0.0609375