0 0.55234375 0.1328125 0.2640625 0.265625
0 0.74609375 0.22265625 0.1375 0.225
0 0.57421875 0.81796875 0.1609375 0.25
0 0.88203125 0.91796875 0.178125 0.1640625
0 0.13203125 0.91953125 0.1484375 0.1609375
0 0.9484375 0.26328125 0.0953125 0.1578125
0 0.7734375 0.7578125 0.2296875 0.334375
0 0.434375 0.83125 0.1359375 0.215625
0 0.32578125 0.915625 0.1203125 0.16875
0 0.23359375 0.2984375 0.2515625 0.315625
0 0.94921875 0.5296875 0.0890625 0.2203125
0 0.52265625 0.58046875 0.1640625 0.29375
0 0.690625 0.45703125 0.1546875 0.2203125
0 0.2828125 0.7 0.103125 0.159375
0 0.93984375 0.71015625 0.090625 0.15625
0 0.7640625 0.54296875 0.0796875 0.1625
0 0.59921875 0.35546875 0.078125 0.125
0 0.075 0.8109375 0.15 0.1125
0 0.03671875 0.403125 0.0734375 0.3875
0 0.36953125 0.08515625 0.109375 0.071875
0 0.34375 0.5625 0.1109375 0.1109375