1 0.34765625 0.7046875 0.2515625 0.16875
0 0.4171875 0.48828125 0.21875 0.196875
0 0.60078125 0.24921875 0.2671875 0.2203125
0 0.2421875 0.33125 0.4515625 0.1921875
1 0.33359375 0.89609375 0.225 0.18125
0 0.725 0.503125 0.1 0.10625
0 0.3453125 0.134375 0.3359375 0.2578125
0 0.659375 0.40390625 0.2828125 0.134375
0 0.9078125 0.675 0.184375 0.23125
0 0.95625 0.53046875 0.0875 0.21875
0 0.6046875 0.73984375 0.140625 0.1109375
0 0.73828125 0.6234375 0.109375 0.153125
0 0.84453125 0.4625 0.1609375 0.1875
1 0.57734375 0.84921875 0.20625 0.18125
0 0.471875 0.6453125 0.1484375 0.1265625
0 0.5578125 0.5625 0.190625 0.0953125