0 0.80234375 0.1953125 0.3140625 0.34375
0 0.88515625 0.8359375 0.2015625 0.2890625
0 0.6859375 0.79609375 0.1828125 0.228125
0 0.8640625 0.56171875 0.1984375 0.21875
0 0.46171875 0.253125 0.1359375 0.246875
0 0.746875 0.50078125 0.1078125 0.1171875
0 0.625 0.5765625 0.1484375 0.090625
0 0.7265625 0.41015625 0.140625 0.084375
0 0.62421875 0.3625 0.096875 0.103125
0 0.08359375 0.91953125 0.090625 0.1453125
0 0.14609375 0.4875 0.290625 0.290625
1 0.6 0.10703125 0.0984375 0.1765625
1 0.37109375 0.328125 0.075 0.1609375
1 0.346875 0.56171875 0.10625 0.2421875
1 0.44453125 0.51171875 0.08125 0.146875