0 0.14765625 0.39609375 0.2953125 0.321875
0 0.90546875 0.6421875 0.1546875 0.3796875
0 0.67109375 0.853125 0.10625 0.0703125
0 0.3421875 0.6265625 0.1671875 0.221875
0 0.57890625 0.03828125 0.196875 0.0765625
0 0.6515625 0.23671875 0.3140625 0.390625
0 0.1375 0.69453125 0.1671875 0.1328125
0 0.20546875 0.02734375 0.140625 0.0546875
0 0.5 0.82734375 0.0640625 0.0578125
0 0.33515625 0.8 0.18125 0.1
0 0.5265625 0.6875 0.096875 0.175
0 0.09296875 0.9390625 0.1859375 0.11875
0 0.790625 0.628125 0.0984375 0.2125
0 0.59296875 0.55390625 0.1140625 0.23125
0 0.81953125 0.33515625 0.078125 0.1125
0 0.55390625 0.815625 0.0828125 0.059375
0 0.4578125 0.03984375 0.10625 0.0796875
0 0.6828125 0.728125 0.0859375 0.09375
0 0.84296875 0.94140625 0.10625 0.06875
0 0.17578125 0.83671875 0.059375 0.1125
0 0.4359375 0.8640625 0.0828125 0.0703125
0 0.71953125 0.0421875 0.0765625 0.084375
0 0.6578125 0.790625 0.0953125 0.0671875