0 0.1078125 0.13671875 0.190625 0.2390625
0 0.87734375 0.396875 0.2234375 0.1796875
0 0.73125 0.275 0.165625 0.2703125
0 0.1203125 0.32890625 0.175 0.146875
0 0.278125 0.859375 0.153125 0.2203125
0 0.23671875 0.434375 0.1328125 0.1765625
0 0.27421875 0.140625 0.1453125 0.2265625
0 0.5859375 0.29765625 0.1328125 0.2296875
1 0.61796875 0.54375 0.1125 0.209375
0 0.77421875 0.5359375 0.18125 0.203125
0 0.38671875 0.25390625 0.16875 0.159375
0 0.1703125 0.6984375 0.2484375 0.1359375
0 0.4953125 0.59609375 0.1265625 0.1125
0 0.396875 0.69140625 0.1390625 0.1515625
0 0.3546875 0.5703125 0.14375 0.0734375
0 0.34140625 0.43203125 0.065625 0.1140625
0 0.39765625 0.3484375 0.0828125 0.05625
0 0.48203125 0.52109375 0.1 0.0484375
0 0.3828125 0.51171875 0.096875 0.046875
0 0.459375 0.3765625 0.0546875 0.1171875
1 0.3890625 0.140625 0.0578125 0.1046875
0 0.421875 0.75546875 0.190625 0.075
0 0.26328125 0.2625 0.090625 0.05625