0 0.6921875 0.7109375 0.2265625 0.1546875
0 0.75 0.3859375 0.30625 0.1609375
0 0.18046875 0.72578125 0.3140625 0.1765625
0 0.6671875 0.16484375 0.2734375 0.290625
0 0.415625 0.88515625 0.1890625 0.2140625
0 0.44140625 0.47578125 0.2 0.1015625
0 0.8671875 0.8125 0.246875 0.1609375
0 0.43125 0.30625 0.3046875 0.21875
0 0.340625 0.63359375 0.159375 0.1828125
0 0.634375 0.50703125 0.15 0.1078125
0 0.62578125 0.59140625 0.0890625 0.10625
0 0.54453125 0.77109375 0.2484375 0.1453125
0 0.665625 0.84296875 0.1046875 0.146875
0 0.4328125 0.5765625 0.0734375 0.134375
0 0.5375 0.6828125 0.0921875 0.1078125
0 0.51875 0.56328125 0.075 0.090625
0 0.76875 0.67109375 0.121875 0.10625
0 0.56953125 0.58359375 0.053125 0.084375
1 0.2640625 0.88046875 0.08125 0.1484375