0 0.165625 0.56328125 0.3015625 0.153125
0 0.78125 0.525 0.1890625 0.2203125
1 0.4015625 0.8421875 0.2578125 0.171875
0 0.5875 0.36953125 0.1890625 0.1484375
1 0.91015625 0.23515625 0.1515625 0.146875
0 0.6359375 0.875 0.140625 0.2265625
0 0.7609375 0.16171875 0.1375 0.2828125
0 0.54609375 0.696875 0.1359375 0.1453125
0 0.42578125 0.68515625 0.184375 0.1921875
0 0.38671875 0.46015625 0.0984375 0.203125
1 0.8375 0.34921875 0.1328125 0.071875
0 0.253125 0.77265625 0.16875 0.228125
0 0.4953125 0.5875 0.18125 0.075
0 0.61328125 0.5671875 0.1953125 0.0828125