0 0.359375 0.84296875 0.071875 0.1453125
0 0.2328125 0.9046875 0.103125 0.1453125
0 0.2 0.58046875 0.06875 0.1703125
0 0.3734375 0.59453125 0.075 0.1515625
0 0.48671875 0.3140625 0.0703125 0.1203125
0 0.4828125 0.54921875 0.0671875 0.1328125
0 0.30546875 0.08671875 0.0703125 0.0828125
0 0.4125 0.4953125 0.065625 0.1078125
0 0.6765625 0.05078125 0.0671875 0.0828125
0 0.28515625 0.25390625 0.0703125 0.1265625
0 0.4890625 0.8140625 0.075 0.1125
0 0.21484375 0.04140625 0.084375 0.0625
0 0.2265625 0.378125 0.0859375 0.0890625
0 0.35625 0.1734375 0.084375 0.1
0 0.41953125 0.38046875 0.0578125 0.0859375
0 0.69921875 0.6796875 0.075 0.071875
0 0.503125 0.421875 0.075 0.0953125
0 0.75625 0.0390625 0.0640625 0.078125
0 0.58203125 0.4515625 0.075 0.109375
0 0.57265625 0.234375 0.0671875 0.0984375
0 0.54921875 0.61015625 0.059375 0.103125
0 0.6390625 0.646875 0.0515625 0.090625
1 0.60703125 0.91328125 0.0953125 0.103125
0 0.29921875 0.51796875 0.0984375 0.128125
0 0.3140625 0.365625 0.059375 0.0640625
0 0.19375 0.1203125 0.0609375 0.0859375
0 0.71328125 0.80546875 0.0984375 0.0890625
0 0.3640625 0.30390625 0.1015625 0.09375
0 0.85859375 0.20390625 0.0515625 0.075
0 0.20390625 0.21640625 0.059375 0.0703125
0 0.53828125 0.7640625 0.0625 0.1078125
0 0.4703125 0.63125 0.0703125 0.090625
0 0.47109375 0.9015625 0.121875 0.1390625
0 0.03828125 0.4609375 0.03125 0.1484375
0 0.0578125 0.82109375 0.028125 0.125
0 0.55703125 0.3484375 0.08125 0.0515625
0 0.3703125 0.41484375 0.05 0.06875
0 0.125 0.54765625 0.0515625 0.084375
0 0.16015625 0.98046875 0.10625 0.0328125
0 0.0640625 0.246875 0.1015625 0.1375
0 0.0703125 0.02734375 0.065625 0.0546875
0 0.61171875 0.75546875 0.071875 0.1046875
0 0.290625 0.01328125 0.0625 0.0265625