0 0.2390625 0.14453125 0.175 0.2875
0 0.87890625 0.27578125 0.2421875 0.2359375
0 0.4296875 0.75703125 0.2390625 0.1859375
0 0.66484375 0.60078125 0.2046875 0.1484375
0 0.1953125 0.43359375 0.2 0.2796875
0 0.43828125 0.2375 0.175 0.2234375
0 0.68359375 0.80234375 0.24375 0.26875
0 0.75390625 0.44609375 0.103125 0.2296875
0 0.5828125 0.28515625 0.1546875 0.140625
1 0.096875 0.2875 0.1921875 0.2375
0 0.659375 0.41953125 0.103125 0.1390625
0 0.48515625 0.596875 0.134375 0.1078125
0 0.72890625 0.19296875 0.1109375 0.2578125
0 0.6171875 0.1140625 0.1109375 0.228125
0 0.34453125 0.415625 0.10625 0.121875
0 0.44921875 0.38671875 0.09375 0.1203125
1 0.36328125 0.503125 0.1140625 0.0859375
0 0.534375 0.4265625 0.0890625 0.115625
1 0.53984375 0.8796875 0.1671875 0.1640625
1 0.81875 0.12734375 0.1203125 0.1671875