0 0.7078125 0.24375 0.209375 0.321875
0 0.215625 0.90625 0.2 0.18125
0 0.1609375 0.759375 0.225 0.159375
0 0.85625 0.403125 0.2875 0.221875
0 0.21875 0.4578125 0.14375 0.1390625
1 0.13125 0.19296875 0.1828125 0.1796875
0 0.2515625 0.34375 0.1921875 0.1234375
0 0.56171875 0.57890625 0.153125 0.253125
0 0.4546875 0.29921875 0.1890625 0.1203125
0 0.72109375 0.56484375 0.1828125 0.2921875
0 0.3078125 0.4328125 0.109375 0.0875
0 0.44765625 0.6953125 0.2484375 0.1625
0 0.384375 0.84765625 0.196875 0.20625
0 0.3015625 0.14453125 0.2015625 0.2890625
0 0.434375 0.38359375 0.1171875 0.0671875
0 0.11953125 0.35703125 0.19375 0.153125
0 0.54296875 0.3109375 0.1515625 0.253125
0 0.2375 0.59296875 0.1765625 0.1765625