0 0.30859375 0.18515625 0.284375 0.3484375
0 0.421875 0.86875 0.1578125 0.2625
0 0.79921875 0.9203125 0.1421875 0.159375
0 0.1234375 0.2671875 0.115625 0.15625
0 0.64921875 0.86953125 0.1796875 0.13125
0 0.4578125 0.36953125 0.296875 0.7390625
0 0.93515625 0.58671875 0.1109375 0.1546875
0 0.9328125 0.24921875 0.134375 0.484375
0 0.04140625 0.51328125 0.0828125 0.1625
0 0.91796875 0.9421875 0.128125 0.115625
0 0.3078125 0.90078125 0.09375 0.1953125
0 0.0640625 0.9234375 0.10625 0.153125
0 0.05390625 0.6671875 0.10625 0.221875
0 0.03671875 0.9703125 0.0734375 0.059375
0 0.90703125 0.24921875 0.1859375 0.4984375
0 0.96953125 0.7515625 0.03125 0.0734375