0 0.89765625 0.18203125 0.2046875 0.1859375
0 0.62109375 0.39609375 0.20625 0.1984375
0 0.54765625 0.625 0.19375 0.16875
0 0.2484375 0.83359375 0.115625 0.115625
0 0.40078125 0.20546875 0.125 0.078125
0 0.67421875 0.55078125 0.178125 0.1359375
0 0.1796875 0.44765625 0.20625 0.1625
0 0.1953125 0.2125 0.2875 0.1796875
0 0.21171875 0.6671875 0.16875 0.0921875
0 0.05 0.30078125 0.1 0.125
0 0.2125 0.56171875 0.2671875 0.1296875
0 0.63125 0.10546875 0.15625 0.0625
0 0.628125 0.2015625 0.1 0.0828125
0 0.40703125 0.734375 0.1390625 0.1
0 0.434375 0.37734375 0.2015625 0.1265625
0 0.128125 0.8125 0.1984375 0.1109375
0 0.5015625 0.1515625 0.071875 0.05625
0 0.8421875 0.34765625 0.05 0.084375
0 0.8703125 0.45859375 0.10625 0.0578125
0 0.528125 0.48671875 0.1234375 0.0765625
0 0.3640625 0.03046875 0.1703125 0.0609375
0 0.9625 0.63828125 0.075 0.1390625
0 0.29765625 0.13828125 0.0765625 0.078125
0 0.06015625 0.55 0.1203125 0.1125