0 0.9296875 0.8125 0.0578125 0.1671875
0 0.66171875 0.82734375 0.1875 0.2046875
0 0.61171875 0.13984375 0.1828125 0.1140625
0 0.59296875 0.009375 0.1296875 0.01875
0 0.58671875 0.6515625 0.25 0.140625
0 0.60625 0.2484375 0.134375 0.1375
0 0.634375 0.48359375 0.2546875 0.178125
0 0.39453125 0.85234375 0.196875 0.2421875
0 0.14140625 0.8125 0.09375 0.109375
0 0.775 0.31484375 0.246875 0.1125
0 0.3859375 0.24375 0.1453125 0.1484375
0 0.23671875 0.75703125 0.1140625 0.09375
0 0.55703125 0.0546875 0.1359375 0.078125
0 0.88515625 0.67734375 0.1484375 0.0984375
0 0.85859375 0.09296875 0.1328125 0.0859375
0 0.8640625 0.39765625 0.134375 0.1328125
0 0.853125 0.8671875 0.15 0.1390625
0 0.6734375 0.0359375 0.11875 0.071875
0 0.06015625 0.3453125 0.1203125 0.078125
0 0.50859375 0.56953125 0.1171875 0.08125
0 0.1453125 0.42109375 0.0953125 0.08125
0 0.6 0.37578125 0.13125 0.065625
0 0.04296875 0.44140625 0.0859375 0.0953125
0 0.146875 0.5484375 0.1390625 0.11875
0 0.31953125 0.025 0.0796875 0.05
0 0.17890625 0.17265625 0.1359375 0.0734375
0 0.27421875 0.2578125 0.09375 0.090625
0 0.28125 0.33984375 0.1125 0.075
0 0.09296875 0.01640625 0.10625 0.0328125
0 0.05 0.725 0.0875 0.0828125
0 0.28046875 0.62578125 0.1859375 0.1765625
0 0.0875 0.1125 0.090625 0.0671875
0 0.1609375 0.28203125 0.1171875 0.109375
0 0.74921875 0.09921875 0.159375 0.0734375
0 0.69765625 0.6984375 0.1515625 0.1125
0 0.0125 0.19140625 0.025 0.0671875
0 0.26484375 0.5109375 0.0859375 0.0875
0 0.02734375 0.8421875 0.0546875 0.084375
0 0.81171875 0.53125 0.1203125 0.11875