0 0.84921875 0.67109375 0.3015625 0.2671875
0 0.2015625 0.61015625 0.203125 0.15625
0 0.43515625 0.24375 0.2671875 0.1734375
1 0.2359375 0.81640625 0.2171875 0.29375
0 0.66640625 0.77578125 0.2 0.3390625
0 0.20078125 0.4421875 0.21875 0.1859375
0 0.546875 0.4234375 0.14375 0.2765625
1 0.51171875 0.6515625 0.1359375 0.1671875
0 0.715625 0.4734375 0.23125 0.2609375
0 0.42265625 0.440625 0.1296875 0.225
0 0.30234375 0.52421875 0.08125 0.1421875
1 0.29296875 0.08828125 0.1640625 0.1765625
1 0.371875 0.81015625 0.128125 0.0453125
0 0.4 0.6234375 0.1296875 0.0828125
0 0.1484375 0.24921875 0.26875 0.178125
0 0.390625 0.7296875 0.140625 0.1375