0 0.08203125 0.37265625 0.1421875 0.18125
0 0.8578125 0.26640625 0.253125 0.1859375
0 0.4171875 0.90234375 0.11875 0.1921875
0 0.284375 0.80078125 0.2046875 0.1546875
0 0.5296875 0.77734375 0.2125 0.140625
0 0.7359375 0.421875 0.140625 0.2015625
0 0.6203125 0.4953125 0.1140625 0.2640625
0 0.2796875 0.625 0.190625 0.1109375
0 0.18046875 0.50625 0.1015625 0.1984375
0 0.5265625 0.2359375 0.1203125 0.2046875
0 0.69609375 0.15390625 0.115625 0.296875
0 0.284375 0.51640625 0.0921875 0.1953125
0 0.5109375 0.55390625 0.109375 0.1625
1 0.15078125 0.16484375 0.1515625 0.1375
0 0.3328125 0.20234375 0.090625 0.1328125
0 0.17890625 0.2703125 0.103125 0.2
0 0.5140625 0.4359375 0.10625 0.0890625
1 0.2828125 0.209375 0.0609375 0.059375
0 0.334375 0.32109375 0.1171875 0.1265625
1 0.45 0.31171875 0.0421875 0.1140625