1 0.44140625 0.25 0.15625 0.18125
1 0.9421875 0.82578125 0.115625 0.1984375
0 0.896875 0.5640625 0.20625 0.259375
0 0.62890625 0.203125 0.2046875 0.2890625
0 0.5078125 0.359375 0.1828125 0.1328125
0 0.28984375 0.534375 0.203125 0.271875
0 0.5015625 0.7734375 0.1703125 0.3140625
0 0.42890625 0.4984375 0.1328125 0.225
1 0.1703125 0.7703125 0.2984375 0.309375
0 0.66640625 0.41015625 0.1515625 0.1421875
0 0.75859375 0.52109375 0.121875 0.1828125
0 0.34921875 0.85625 0.1859375 0.2875
0 0.67265625 0.665625 0.146875 0.175
1 0.73984375 0.78671875 0.190625 0.2671875
1 0.84453125 0.83203125 0.109375 0.190625
0 0.546875 0.45625 0.10625 0.084375
0 0.63125 0.47734375 0.096875 0.071875