0 0.6484375 0.2578125 0.19375 0.10625
0 0.7703125 0.7796875 0.2109375 0.1078125
0 0.66015625 0.41015625 0.31875 0.1671875
0 0.27421875 0.7109375 0.3171875 0.425
0 0.878125 0.1328125 0.24375 0.153125
0 0.83828125 0.9203125 0.1890625 0.1109375
0 0.29921875 0.24765625 0.2921875 0.2015625
0 0.1296875 0.42578125 0.25625 0.1296875
0 0.67421875 0.0953125 0.15 0.1
0 0.71171875 0.86484375 0.2015625 0.1078125
0 0.8453125 0.703125 0.1640625 0.1
0 0.82890625 0.53828125 0.1640625 0.090625
0 0.95 0.778125 0.0984375 0.2859375
0 0.10625 0.278125 0.18125 0.140625
0 0.4921875 0.02734375 0.1859375 0.053125
0 0.50703125 0.128125 0.125 0.0640625
0 0.04921875 0.88828125 0.096875 0.1171875
0 0.51796875 0.90390625 0.1421875 0.1125
0 0.1796875 0.97578125 0.1734375 0.046875
0 0.57578125 0.66328125 0.1328125 0.153125
0 0.71171875 0.1828125 0.1140625 0.0703125
0 0.39296875 0.88125 0.0984375 0.15
0 0.48203125 0.44375 0.11875 0.06875
0 0.33984375 0.0609375 0.10625 0.121875
0 0.6578125 0.96875 0.090625 0.0625
0 0.44375 0.221875 0.1625 0.1