0 0.76796875 0.934375 0.2875 0.13125
0 0.12265625 0.553125 0.2453125 0.203125
0 0.7875 0.7453125 0.2625 0.2046875
0 0.28984375 0.68828125 0.1375 0.2359375
0 0.53671875 0.875 0.240625 0.203125
0 0.68125 0.6671875 0.1703125 0.203125
0 0.278125 0.45078125 0.1421875 0.2265625
0 0.46328125 0.7296875 0.234375 0.128125
0 0.7171875 0.4203125 0.2421875 0.15
1 0.646875 0.13046875 0.18125 0.19375
0 0.44765625 0.3609375 0.2359375 0.1390625
0 0.6484375 0.53203125 0.1703125 0.13125
1 0.690625 0.2953125 0.1359375 0.1015625
1 0.5375 0.2734375 0.1265625 0.1109375