0 0.25234375 0.80078125 0.375 0.2390625
0 0.80390625 0.52734375 0.3796875 0.1359375
0 0.59140625 0.096875 0.1953125 0.065625
0 0.25234375 0.30625 0.4 0.4625
0 0.61484375 0.76796875 0.146875 0.1234375
0 0.83984375 0.90234375 0.14375 0.190625
0 0.35078125 0.06171875 0.2109375 0.1234375
0 0.690625 0.925 0.1859375 0.14375
0 0.7578125 0.40078125 0.1578125 0.084375
0 0.775 0.6890625 0.4109375 0.23125
0 0.89296875 0.7921875 0.2078125 0.1078125
0 0.51484375 0.56484375 0.103125 0.065625
0 0.05625 0.36015625 0.1125 0.2421875