1 0.1734375 0.8578125 0.2828125 0.25625
0 0.521875 0.1796875 0.29375 0.3125
0 0.325 0.35 0.43125 0.18125
0 0.70078125 0.34140625 0.303125 0.153125
1 0.8265625 0.61015625 0.3171875 0.1234375
1 0.30546875 0.61796875 0.2453125 0.184375
0 0.4375 0.83125 0.203125 0.2296875
0 0.45859375 0.4984375 0.1875 0.140625
0 0.56953125 0.6375 0.1609375 0.1296875
0 0.64296875 0.4640625 0.1765625 0.0828125
0 0.6953125 0.53359375 0.153125 0.109375
1 0.87734375 0.69296875 0.1703125 0.1140625
1 0.83671875 0.53125 0.125 0.0625