0 0.20234375 0.24921875 0.1671875 0.2421875
0 0.56796875 0.58046875 0.1359375 0.1328125
0 0.06875 0.16015625 0.1328125 0.2328125
0 0.91875 0.590625 0.1453125 0.15
0 0.771875 0.5734375 0.13125 0.1625
0 0.55625 0.89140625 0.1515625 0.2171875
0 0.48984375 0.63359375 0.1078125 0.1859375
0 0.78671875 0.896875 0.0671875 0.134375
0 0.653125 0.0765625 0.134375 0.1046875
0 0.9453125 0.83515625 0.109375 0.2015625
0 0.6890625 0.803125 0.1734375 0.2015625
0 0.09375 0.69296875 0.0921875 0.2
0 0.915625 0.09375 0.16875 0.11875
0 0.1140625 0.4328125 0.190625 0.2234375
0 0.61015625 0.359375 0.14375 0.165625
0 0.19375 0.740625 0.075 0.1109375
0 0.84140625 0.91171875 0.065625 0.1375
0 0.2625 0.57578125 0.109375 0.1640625
0 0.81171875 0.759375 0.0609375 0.09375
0 0.6625 0.99375 0.0828125 0.0125
0 0.36484375 0.06640625 0.171875 0.109375
0 0.396875 0.55703125 0.125 0.1640625
0 0.23984375 0.4515625 0.1171875 0.1390625
0 0.78203125 0.16171875 0.171875 0.2125
0 0.053125 0.740625 0.025 0.078125
0 0.3296875 0.7234375 0.0796875 0.1296875