0 0.834375 0.17890625 0.296875 0.25
0 0.26328125 0.3515625 0.225 0.1734375
0 0.346875 0.74609375 0.2078125 0.2484375
0 0.52421875 0.5390625 0.1703125 0.10625
0 0.51015625 0.84453125 0.1875 0.2859375
0 0.7390625 0.371875 0.196875 0.1921875
0 0.59140625 0.415625 0.1125 0.1984375
0 0.58984375 0.65703125 0.253125 0.134375
0 0.22421875 0.1796875 0.134375 0.2
0 0.3375 0.53515625 0.1609375 0.0984375
0 0.62265625 0.1484375 0.1296875 0.271875
0 0.39609375 0.4421875 0.078125 0.15625
0 0.40234375 0.27734375 0.0703125 0.15625
0 0.50546875 0.2515625 0.1109375 0.134375
0 0.26796875 0.4671875 0.10625 0.0875
0 0.16640625 0.4203125 0.0953125 0.16875
1 0.08671875 0.259375 0.165625 0.128125
0 0.31953125 0.25078125 0.0765625 0.090625