0 0.51015625 0.8109375 0.1828125 0.2703125
0 0.284375 0.40546875 0.196875 0.284375
0 0.76171875 0.32890625 0.1515625 0.1859375
0 0.13671875 0.721875 0.2421875 0.2359375
0 0.42734375 0.321875 0.2796875 0.2265625
0 0.05 0.3984375 0.1 0.171875
0 0.42890625 0.675 0.1578125 0.1875
0 0.70234375 0.24140625 0.0890625 0.2234375
0 0.834375 0.46640625 0.0984375 0.1921875
0 0.47265625 0.57421875 0.090625 0.1375
0 0.6296875 0.48984375 0.096875 0.0859375
0 0.5203125 0.13125 0.11875 0.215625
0 0.05703125 0.0640625 0.109375 0.1203125
0 0.775 0.7359375 0.06875 0.13125
0 0.89453125 0.821875 0.08125 0.2140625
0 0.109375 0.30390625 0.0890625 0.071875
0 0.4734375 0.97265625 0.1078125 0.0546875
0 0.275 0.9 0.109375 0.08125
0 0.60390625 0.39765625 0.0828125 0.1265625
0 0.28203125 0.96875 0.096875 0.0625
0 0.121875 0.1703125 0.06875 0.0859375
0 0.615625 0.62890625 0.071875 0.1421875
0 0.91796875 0.615625 0.071875 0.1234375
0 0.72421875 0.89609375 0.0671875 0.2078125
0 0.34921875 0.81953125 0.1140625 0.125
0 0.83671875 0.59921875 0.059375 0.103125
0 0.6546875 0.7859375 0.0484375 0.1
0 0.553125 0.59765625 0.046875 0.125
0 0.60078125 0.37578125 0.0765625 0.1734375
0 0.609375 0.64140625 0.0640625 0.1234375
0 0.090625 0.24375 0.084375 0.065625