0 0.8796875 0.34296875 0.2359375 0.196875
0 0.48203125 0.27890625 0.1609375 0.190625
1 0.1515625 0.28203125 0.2609375 0.190625
0 0.67265625 0.60859375 0.1703125 0.125
0 0.68515625 0.784375 0.1953125 0.2546875
0 0.3125 0.14765625 0.1390625 0.2796875
0 0.46640625 0.725 0.2078125 0.1515625
0 0.603125 0.33515625 0.1328125 0.1203125
0 0.26796875 0.42734375 0.1703125 0.234375
1 0.553125 0.87578125 0.1453125 0.2234375
0 0.51484375 0.58671875 0.109375 0.090625
0 0.75625 0.48203125 0.0828125 0.1953125
0 0.72265625 0.2765625 0.0921875 0.196875
0 0.3953125 0.41484375 0.0703125 0.1015625
0 0.66953125 0.44921875 0.084375 0.1203125
1 0.8171875 0.21875 0.0984375 0.13125
0 0.56171875 0.446875 0.078125 0.0859375
0 0.64609375 0.1453125 0.0828125 0.290625
0 0.490625 0.409375 0.08125 0.0953125
1 0.4171875 0.496875 0.103125 0.078125