0 0.709375 0.41875 0.1546875 0.096875
0 0.66015625 0.90625 0.153125 0.1875
0 0.1515625 0.3234375 0.303125 0.2421875
0 0.34296875 0.1859375 0.134375 0.3359375
0 0.709375 0.23828125 0.20625 0.2625
1 0.92421875 0.28828125 0.146875 0.1484375
0 0.55546875 0.6375 0.1703125 0.121875
0 0.74453125 0.7671875 0.1765625 0.1484375
0 0.525 0.7859375 0.23125 0.1421875
0 0.5640625 0.3671875 0.1296875 0.0875
0 0.30078125 0.5390625 0.175 0.3125
0 0.48671875 0.328125 0.1140625 0.1640625
0 0.7109375 0.60078125 0.128125 0.1703125
0 0.4625 0.484375 0.0859375 0.1421875
0 0.596875 0.5125 0.1265625 0.1046875