0 0.7140625 0.596875 0.2859375 0.171875
0 0.19296875 0.52109375 0.30625 0.2
0 0.5921875 0.83984375 0.228125 0.25625
0 0.11171875 0.640625 0.2234375 0.1234375
0 0.58359375 0.3453125 0.2078125 0.1171875
0 0.46015625 0.1203125 0.3015625 0.1125
0 0.35078125 0.63671875 0.2484375 0.1375
0 0.36484375 0.30859375 0.1328125 0.103125
0 0.61796875 0.465625 0.153125 0.0828125
0 0.16015625 0.3171875 0.2546875 0.18125
0 0.15703125 0.0796875 0.1609375 0.153125
0 0.9609375 0.08515625 0.075 0.13125
0 0.70234375 0.2609375 0.1140625 0.0640625
0 0.40703125 0.5140625 0.0984375 0.0859375
0 0.66328125 0.15234375 0.128125 0.053125
0 0.925 0.028125 0.1359375 0.053125
0 0.03671875 0.51015625 0.0734375 0.1703125
0 0.925 0.9546875 0.1421875 0.078125
0 0.9578125 0.3796875 0.084375 0.06875
0 0.975 0.2578125 0.0453125 0.06875
0 0.365625 0.81015625 0.1171875 0.0921875
0 0.09140625 0.8359375 0.18125 0.3203125
0 0.51015625 0.56015625 0.0921875 0.071875
0 0.91640625 0.77109375 0.0796875 0.05625