0 0.846875 0.11328125 0.30625 0.2265625
0 0.2046875 0.33828125 0.25625 0.1984375
0 0.75546875 0.3140625 0.2265625 0.2125
0 0.61640625 0.1140625 0.159375 0.228125
0 0.51640625 0.52890625 0.1921875 0.125
0 0.58671875 0.3765625 0.1296875 0.2234375
0 0.59296875 0.66171875 0.2953125 0.1546875
0 0.2171875 0.47109375 0.115625 0.103125
0 0.509375 0.8453125 0.2109375 0.2515625
0 0.15859375 0.14375 0.1546875 0.2296875
0 0.4828125 0.196875 0.1359375 0.1453125
0 0.31640625 0.78828125 0.2296875 0.3140625
0 0.36171875 0.4296875 0.0921875 0.1796875
0 0.36640625 0.23984375 0.078125 0.1859375
0 0.10234375 0.42890625 0.109375 0.190625
0 0.26953125 0.2125 0.0921875 0.1046875
0 0.3015625 0.53828125 0.184375 0.1140625
1 0.0484375 0.2671875 0.0921875 0.10625