0 0.85625 0.609375 0.278125 0.3109375
0 0.684375 0.76953125 0.196875 0.384375
0 0.72421875 0.353125 0.2078125 0.3984375
1 0.08671875 0.19453125 0.1734375 0.1828125
0 0.1453125 0.85703125 0.171875 0.2859375
0 0.3671875 0.253125 0.1546875 0.2890625
0 0.1359375 0.3859375 0.1578125 0.1859375
0 0.55859375 0.34453125 0.1484375 0.346875
0 0.20078125 0.63359375 0.18125 0.221875
0 0.30078125 0.559375 0.1046875 0.1953125
0 0.290625 0.8671875 0.14375 0.265625
0 0.3984375 0.74765625 0.1609375 0.1953125
0 0.534375 0.703125 0.1453125 0.29375
0 0.321875 0.43125 0.1390625 0.1
0 0.45703125 0.4265625 0.1265625 0.096875
0 0.22578125 0.175 0.1046875 0.28125
0 0.43125 0.65859375 0.0921875 0.184375