0 0.575 0.2640625 0.24375 0.1875
0 0.8375 0.3875 0.303125 0.1609375
1 0.809375 0.16796875 0.2171875 0.253125
0 0.4140625 0.8609375 0.2546875 0.2375
0 0.5265625 0.3921875 0.1921875 0.1234375
0 0.67734375 0.49375 0.140625 0.1265625
1 0.1484375 0.58125 0.284375 0.1453125
1 0.7265625 0.8515625 0.290625 0.1671875
1 0.2828125 0.50546875 0.1359375 0.146875
0 0.36875 0.6734375 0.2109375 0.1140625
0 0.58515625 0.634375 0.1515625 0.08125
0 0.6 0.7328125 0.23125 0.171875
0 0.434375 0.60078125 0.128125 0.0859375
1 0.3921875 0.4734375 0.1328125 0.1359375