0 0.91171875 0.8609375 0.16875 0.1421875
0 0.61796875 0.85625 0.153125 0.1640625
0 0.54375 0.259375 0.1546875 0.0859375
0 0.52109375 0.11015625 0.1078125 0.0796875
0 0.5453125 0.69921875 0.2109375 0.1046875
0 0.54375 0.35234375 0.1109375 0.109375
0 0.57890625 0.55703125 0.2109375 0.1359375
0 0.3890625 0.8609375 0.1578125 0.196875
0 0.23203125 0.08359375 0.1296875 0.0421875
0 0.903125 0.359375 0.1125 0.0875
0 0.91875 0.1859375 0.1625 0.2015625
0 0.59296875 0.02890625 0.0859375 0.0578125
0 0.16796875 0.80859375 0.0765625 0.0890625
0 0.6921875 0.42109375 0.2078125 0.0796875
0 0.353125 0.33359375 0.11875 0.1171875
0 0.121875 0.028125 0.1046875 0.053125
0 0.24765625 0.7671875 0.09375 0.075
0 0.49296875 0.18203125 0.1140625 0.059375
0 0.80390625 0.740625 0.125 0.075
0 0.7546875 0.23515625 0.1109375 0.065625
0 0.7734375 0.49765625 0.1109375 0.10625
0 0.78515625 0.90703125 0.1234375 0.11875
0 0.5921875 0.17265625 0.1 0.05625
0 0.071875 0.4 0.1109375 0.0609375
0 0.47421875 0.62265625 0.0984375 0.0625
0 0.15390625 0.47109375 0.078125 0.065625
0 0.54375 0.46171875 0.109375 0.05
0 0.05 0.48125 0.1 0.075
0 0.690625 0.04765625 0.09375 0.0953125
0 0.1609375 0.58125 0.1140625 0.09375
0 0.2859375 0.12265625 0.065625 0.075
0 0.171875 0.259375 0.1140625 0.05625
0 0.2578125 0.3390625 0.0765625 0.0734375
0 0.2671875 0.41015625 0.09375 0.0578125
0 0.08984375 0.09921875 0.090625 0.0609375
0 0.08515625 0.728125 0.071875 0.065625
0 0.2796875 0.65703125 0.1546875 0.140625
0 0.08984375 0.20078125 0.075 0.053125
0 0.1609375 0.35234375 0.096875 0.0859375
0 0.66015625 0.2328125 0.134375 0.053125
0 0.92890625 0.06640625 0.1296875 0.0671875
0 0.37109375 0.0140625 0.1234375 0.025
0 0.97265625 0.959375 0.0546875 0.08125
0 0.92578125 0.67578125 0.1234375 0.0890625
0 0.64296875 0.746875 0.128125 0.0859375
0 0.01875 0.2640625 0.0375 0.05625
0 0.2609375 0.55625 0.06875 0.06875
0 0.86171875 0.0125 0.1140625 0.025
0 0.0578125 0.82578125 0.06875 0.0671875
0 0.734375 0.61015625 0.0984375 0.0953125
0 0.940625 0.753125 0.1046875 0.065625
0 0.50390625 0.03125 0.0578125 0.0625