0 0.7609375 0.8390625 0.121875 0.2765625
0 0.234375 0.5828125 0.190625 0.1453125
0 0.51484375 0.31171875 0.221875 0.1140625
0 0.896875 0.76171875 0.1515625 0.1796875
0 0.40390625 0.73984375 0.1109375 0.1828125
0 0.24375 0.09453125 0.2015625 0.1703125
0 0.6 0.709375 0.184375 0.15
0 0.83359375 0.6234375 0.14375 0.1546875
0 0.378125 0.62421875 0.0984375 0.1375
0 0.4640625 0.14609375 0.225 0.18125
0 0.75 0.53671875 0.08125 0.1859375
0 0.16875 0.25625 0.3125 0.1515625
0 0.6296875 0.53046875 0.0703125 0.1125
1 0.26796875 0.74296875 0.1375 0.15
0 0.334375 0.47578125 0.10625 0.1546875
0 0.46015625 0.58671875 0.11875 0.140625
0 0.5703125 0.61015625 0.084375 0.071875
1 0.67578125 0.4890625 0.0765625 0.059375