0 0.11640625 0.50234375 0.2328125 0.121875
0 0.79453125 0.96015625 0.278125 0.0796875
0 0.38671875 0.4 0.1875 0.178125
0 0.22734375 0.83203125 0.1140625 0.0953125
0 0.590625 0.66875 0.253125 0.2515625
0 0.33671875 0.97734375 0.103125 0.0453125
0 0.3265625 0.83046875 0.1 0.1125
0 0.1046875 0.384375 0.1671875 0.084375
0 0.55390625 0.82421875 0.16875 0.1390625
0 0.1234375 0.865625 0.09375 0.0828125
0 0.17578125 0.103125 0.3515625 0.20625
0 0.06015625 0.70234375 0.1203125 0.065625
0 0.728125 0.11484375 0.1890625 0.065625
0 0.23984375 0.40546875 0.090625 0.078125
0 0.26484375 0.9078125 0.109375 0.0828125
0 0.54453125 0.94609375 0.1375 0.1
0 0.25 0.26640625 0.2578125 0.11875
0 0.5375 0.1921875 0.1484375 0.065625
0 0.40625 0.9421875 0.0828125 0.0984375
0 0.834375 0.60078125 0.240625 0.134375
0 0.95390625 0.23828125 0.071875 0.0828125
0 0.2171875 0.7671875 0.06875 0.0484375
0 0.0359375 0.79609375 0.0671875 0.0734375
0 0.8453125 0.8328125 0.134375 0.128125
0 0.75703125 0.87734375 0.1015625 0.0765625
0 0.09609375 0.771875 0.09375 0.053125
0 0.88828125 0.64453125 0.1390625 0.075
0 0.190625 0.8484375 0.18125 0.1
0 0.44609375 0.27109375 0.2125 0.1171875
0 0.0734375 0.96015625 0.0921875 0.0796875