1 0.28515625 0.72734375 0.2125 0.1421875
0 0.3578125 0.5359375 0.18125 0.1671875
0 0.5328125 0.3203125 0.2234375 0.1875
0 0.21171875 0.40234375 0.390625 0.1578125
1 0.26171875 0.89609375 0.1875 0.153125
0 0.62734375 0.540625 0.0828125 0.090625
0 0.315625 0.178125 0.28125 0.315625
0 0.575 0.4546875 0.2421875 0.1109375
0 0.78828125 0.6859375 0.16875 0.1984375
0 0.88515625 0.55859375 0.175 0.190625
0 0.50859375 0.7515625 0.1171875 0.09375
0 0.6328125 0.64609375 0.0890625 0.13125
0 0.73515625 0.50234375 0.13125 0.1609375
1 0.478125 0.8484375 0.171875 0.1546875
0 0.396875 0.671875 0.1234375 0.1078125
0 0.47734375 0.59765625 0.1625 0.0796875