0 0.79375 0.16640625 0.284375 0.278125
0 0.7734375 0.40859375 0.303125 0.203125
0 0.115625 0.3765625 0.23125 0.26875
0 0.55078125 0.20859375 0.26875 0.309375
0 0.61328125 0.8046875 0.29375 0.1671875
0 0.23125 0.5671875 0.159375 0.221875
0 0.26875 0.72578125 0.275 0.1765625
1 0.33671875 0.8703125 0.3015625 0.171875
0 0.5765625 0.4875 0.1375 0.1453125
1 0.584375 0.94140625 0.234375 0.1171875
0 0.4640625 0.3765625 0.1515625 0.1
0 0.28984375 0.33359375 0.18125 0.2375
0 0.52109375 0.65390625 0.1890625 0.1375
0 0.46796875 0.56953125 0.1609375 0.1625
0 0.3640625 0.40625 0.1109375 0.1140625
0 0.3484375 0.51953125 0.08125 0.1125
0 0.11328125 0.525 0.1421875 0.10625