0 0.21796875 0.1734375 0.4359375 0.3453125
0 0.90546875 0.68984375 0.1765625 0.2421875
0 0.63515625 0.60546875 0.23125 0.3203125
0 0.13671875 0.7578125 0.2734375 0.3171875
0 0.21484375 0.47265625 0.18125 0.115625
0 0.16796875 0.93671875 0.3328125 0.115625
0 0.7796875 0.66640625 0.140625 0.265625
0 0.9 0.41953125 0.1640625 0.1328125
0 0.925 0.20703125 0.1078125 0.1328125
0 0.06171875 0.3859375 0.1234375 0.078125
0 0.49453125 0.17109375 0.225 0.0796875
0 0.60390625 0.0296875 0.1265625 0.059375
0 0.496875 0.18671875 0.234375 0.1125
0 0.8234375 0.18359375 0.1109375 0.084375