0 0.890625 0.36484375 0.2015625 0.1203125
0 0.509375 0.61171875 0.1578125 0.134375
0 0.59765625 0.26328125 0.246875 0.0921875
0 0.2328125 0.7921875 0.3328125 0.153125
0 0.71328125 0.46171875 0.203125 0.1078125
0 0.9328125 0.56171875 0.1296875 0.125
0 0.6359375 0.64765625 0.1140625 0.1
0 0.8453125 0.9609375 0.0984375 0.0734375
0 0.21328125 0.1546875 0.1515625 0.046875
0 0.42265625 0.878125 0.0984375 0.103125
0 0.525 0.8703125 0.0921875 0.121875
0 0.08515625 0.359375 0.1421875 0.065625
0 0.42421875 0.2046875 0.1296875 0.0578125
0 0.77109375 0.640625 0.1109375 0.0609375
0 0.20703125 0.26484375 0.2484375 0.1109375
0 0.7453125 0.12578125 0.1015625 0.05625
0 0.27890625 0.70234375 0.1078125 0.090625
0 0.63515625 0.928125 0.146875 0.1375
0 0.44296875 0.9421875 0.1484375 0.05625
0 0.9578125 0.1421875 0.065625 0.075
0 0.96484375 0.80859375 0.0671875 0.0703125
0 0.6671875 0.80703125 0.075 0.084375
0 0.77734375 0.69296875 0.09375 0.05
0 0.9546875 0.3015625 0.08125 0.078125
0 0.88125 0.034375 0.1140625 0.0578125
0 0.8890625 0.775 0.0640625 0.059375
0 0.05625 0.60625 0.1125 0.0890625
0 0.47578125 0.02734375 0.1265625 0.05
0 0.3296875 0.63984375 0.1 0.0609375
0 0.27734375 0.95703125 0.1890625 0.08125
0 0.1109375 0.06796875 0.0984375 0.0453125
0 0.87265625 0.88203125 0.0546875 0.065625
0 0.34375 0.28984375 0.4 0.06875
0 0.015625 0.22109375 0.03125 0.121875
0 0.33828125 0.03125 0.1015625 0.0625
0 0.0234375 0.103125 0.0453125 0.11875
0 0.6703125 0.35703125 0.1578125 0.046875
0 0.2828125 0.4359375 0.171875 0.0625