0 0.38671875 0.85078125 0.253125 0.2984375
0 0.63203125 0.6484375 0.259375 0.18125
0 0.25234375 0.55078125 0.1828125 0.1421875
0 0.6734375 0.0921875 0.1671875 0.0890625
0 0.12890625 0.17109375 0.1703125 0.146875
0 0.54296875 0.50390625 0.121875 0.0953125
0 0.340625 0.215625 0.2046875 0.0953125
0 0.7484375 0.23828125 0.2484375 0.096875
0 0.82109375 0.396875 0.290625 0.14375
0 0.75234375 0.6078125 0.1515625 0.1375
0 0.67734375 0.35234375 0.1625 0.1015625
0 0.54921875 0.328125 0.11875 0.078125
0 0.5921875 0.42890625 0.1046875 0.0796875
0 0.0890625 0.575 0.1109375 0.1
0 0.4125 0.3046875 0.08125 0.0765625
0 0.13125 0.3984375 0.1625 0.1828125
0 0.55078125 0.2265625 0.090625 0.059375
0 0.41328125 0.43359375 0.1015625 0.0796875
0 0.36171875 0.6296875 0.0890625 0.0625
0 0.26640625 0.3890625 0.165625 0.0765625
0 0.90625 0.09765625 0.1875 0.1953125
0 0.52890625 0.17890625 0.1 0.05
0 0.5078125 0.05234375 0.0625 0.0578125
0 0.17890625 0.09453125 0.071875 0.046875
0 0.03515625 0.62890625 0.0703125 0.075
0 0.36953125 0.0203125 0.0953125 0.040625
0 0.734375 0.0109375 0.084375 0.021875
0 0.26796875 0.14296875 0.0671875 0.0609375
0 0.55078125 0.10703125 0.078125 0.053125