1 0.19375 0.86953125 0.3125 0.253125
0 0.54765625 0.16484375 0.2453125 0.2765625
0 0.67421875 0.3484375 0.2734375 0.1515625
0 0.25234375 0.65 0.2265625 0.1578125
0 0.43125 0.45625 0.1859375 0.1046875
0 0.4703125 0.8 0.215625 0.215625
0 0.715625 0.68359375 0.2296875 0.178125
0 0.61015625 0.45625 0.1515625 0.1015625
0 0.87578125 0.62890625 0.2234375 0.1109375
0 0.409375 0.32109375 0.215625 0.1578125
0 0.39140625 0.62109375 0.103125 0.0984375
0 0.7546875 0.52734375 0.121875 0.1375
0 0.6328125 0.559375 0.1296875 0.1046875
0 0.53046875 0.64765625 0.1375 0.096875