0 0.1796875 0.58828125 0.284375 0.303125
0 0.83671875 0.1390625 0.1375 0.278125
0 0.7109375 0.24765625 0.1421875 0.18125
0 0.8875 0.671875 0.171875 0.196875
0 0.92890625 0.4078125 0.140625 0.2421875
0 0.28671875 0.34296875 0.209375 0.303125
0 0.74609375 0.8265625 0.1390625 0.2
0 0.5109375 0.64765625 0.153125 0.3203125
0 0.3765625 0.703125 0.1421875 0.346875
0 0.47265625 0.2671875 0.2078125 0.3546875
0 0.796875 0.53203125 0.1140625 0.1828125
0 0.6828125 0.69296875 0.1296875 0.146875
0 0.740625 0.39453125 0.140625 0.1734375
1 0.621875 0.27109375 0.0765625 0.09375
0 0.95703125 0.14765625 0.0859375 0.2953125
0 0.8984375 0.81640625 0.140625 0.1125
0 0.8859375 0.89375 0.171875 0.190625