0 0.51875 0.046875 0.109375 0.09375
0 0.65859375 0.075 0.1328125 0.15
0 0.8984375 0.9296875 0.1203125 0.121875
0 0.73203125 0.8796875 0.0875 0.1234375
0 0.33671875 0.31875 0.1140625 0.1296875
1 0.80625 0.2953125 0.1609375 0.1890625
0 0.5015625 0.4765625 0.0734375 0.096875
0 0.36796875 0.11953125 0.084375 0.0703125
0 0.95703125 0.5390625 0.0859375 0.13125
0 0.9953125 0.92109375 0.009375 0.090625
0 0.390625 0.0359375 0.0640625 0.071875
1 0.63359375 0.53125 0.1984375 0.1546875
0 0.55546875 0.71953125 0.0859375 0.0625
0 0.37578125 0.49140625 0.078125 0.13125
0 0.79296875 0.4265625 0.109375 0.121875
0 0.70390625 0.678125 0.059375 0.090625
0 0.48671875 0.33046875 0.053125 0.0953125
0 0.15390625 0.2109375 0.05 0.1234375
0 0.96796875 0.378125 0.0640625 0.140625
0 0.99765625 0.23125 0.0046875 0.15625
0 0.75859375 0.29375 0.0703125 0.16875
0 0.2796875 0.7953125 0.0484375 0.065625