0 0.446875 0.23671875 0.190625 0.30625
0 0.04921875 0.48203125 0.0984375 0.140625
0 0.76640625 0.0921875 0.184375 0.184375
0 0.68828125 0.596875 0.10625 0.2046875
0 0.1546875 0.34375 0.309375 0.265625
0 0.921875 0.29453125 0.1421875 0.2390625
0 0.1125 0.60078125 0.109375 0.18125
0 0.934375 0.58984375 0.0984375 0.153125
0 0.659375 0.37265625 0.134375 0.225
0 0.50234375 0.93125 0.1265625 0.0875
0 0.471875 0.0609375 0.0828125 0.121875
0 0.496875 0.81171875 0.1640625 0.1515625
0 0.20625 0.88203125 0.10625 0.096875
1 0.3703125 0.6359375 0.1734375 0.275
0 0.1109375 0.18203125 0.125 0.115625
0 0.33203125 0.053125 0.128125 0.10625
0 0.73515625 0.875 0.0953125 0.1625
0 0.5984375 0.90703125 0.103125 0.125
0 0.1828125 0.06171875 0.09375 0.1234375
0 0.95625 0.03828125 0.06875 0.0765625
0 0.57578125 0.02265625 0.0796875 0.0453125
0 0.3453125 0.90703125 0.1484375 0.1265625
0 0.9234375 0.00078125 0.1171875 0.0015625
0 0.88984375 0.11796875 0.075 0.10625
0 0.98828125 0.06171875 0.0203125 0.0953125
0 0.9765625 0.3796875 0.025 0.0890625
0 0.259375 0.01171875 0.096875 0.0234375
0 0.4671875 0.62578125 0.221875 0.2453125
0 0.64921875 0.9171875 0.2 0.10625