0 0.70703125 0.56328125 0.2328125 0.296875
1 0.86875 0.62890625 0.178125 0.2640625
1 0.28203125 0.1625 0.1 0.184375
0 0.7234375 0.253125 0.0859375 0.18125
0 0.65703125 0.37109375 0.1453125 0.1125
1 0.75859375 0.86171875 0.209375 0.146875
0 0.528125 0.63125 0.1515625 0.1375
1 0.5359375 0.90234375 0.240625 0.1953125
1 0.8875 0.359375 0.171875 0.20625
1 0.1078125 0.31328125 0.2078125 0.2203125
1 0.5234375 0.2046875 0.071875 0.1421875
1 0.37109375 0.1015625 0.078125 0.1765625
1 0.303125 0.35078125 0.09375 0.153125