0 0.8421875 0.51015625 0.2234375 0.253125
0 0.68046875 0.09453125 0.2203125 0.1890625
0 0.58671875 0.621875 0.1984375 0.2
0 0.73046875 0.78359375 0.1890625 0.3453125
0 0.65078125 0.35625 0.1375 0.128125
0 0.7234375 0.2484375 0.228125 0.171875
1 0.1265625 0.68828125 0.2234375 0.25
0 0.49296875 0.31015625 0.1453125 0.09375
0 0.23984375 0.43046875 0.1640625 0.2328125
0 0.50859375 0.171875 0.1953125 0.2265625
0 0.4328125 0.51796875 0.165625 0.1453125
1 0.3609375 0.3734375 0.140625 0.234375
1 0.340625 0.66953125 0.14375 0.25
0 0.43984375 0.60703125 0.1125 0.115625
0 0.7140625 0.4265625 0.165625 0.25
1 0.55703125 0.48984375 0.0734375 0.09375
1 0.90234375 0.7296875 0.1953125 0.2796875