1 0.89375 0.24375 0.1765625 0.19375
0 0.425 0.65625 0.2015625 0.1234375
1 0.871875 0.44296875 0.2421875 0.1953125
0 0.60234375 0.3484375 0.1671875 0.159375
0 0.353125 0.19921875 0.1578125 0.309375
0 0.6390625 0.67109375 0.20625 0.1390625
0 0.2 0.42890625 0.2609375 0.1984375
0 0.49921875 0.8515625 0.2140625 0.275
0 0.459375 0.33125 0.140625 0.1890625
0 0.3609375 0.52109375 0.1453125 0.2234375
1 0.14765625 0.20390625 0.2453125 0.2625
0 0.6984375 0.48125 0.1015625 0.1296875
1 0.47890625 0.50234375 0.1125 0.19375
1 0.71953125 0.24453125 0.159375 0.24375
1 0.5765625 0.55859375 0.109375 0.0625