0 0.80078125 0.3953125 0.359375 0.2390625
0 0.30390625 0.22421875 0.35 0.2734375
0 0.56953125 0.1484375 0.221875 0.1796875
0 0.84609375 0.2046875 0.2734375 0.153125
0 0.85 0.834375 0.2078125 0.2046875
0 0.1875 0.66640625 0.375 0.4125
0 0.7171875 0.790625 0.2546875 0.1921875
0 0.1421875 0.92109375 0.1578125 0.14375
0 0.1296875 0.38671875 0.1828125 0.196875
0 0.009375 0.96015625 0.01875 0.0796875
0 0.76484375 0.93203125 0.21875 0.053125
0 0.5265625 0.85234375 0.0859375 0.0734375
0 0.52421875 0.00234375 0.2578125 0.0046875
0 0.82578125 0.640625 0.134375 0.0640625
0 0.95625 0.03515625 0.0828125 0.0703125
0 0.4625 0.9453125 0.196875 0.0578125