0 0.78046875 0.6984375 0.16875 0.134375
0 0.16484375 0.31875 0.2984375 0.240625
0 0.71953125 0.17421875 0.2109375 0.2640625
0 0.35546875 0.16875 0.146875 0.3328125
0 0.7125 0.86171875 0.1484375 0.2140625
0 0.33046875 0.509375 0.1609375 0.2984375
1 0.91640625 0.2 0.1625 0.1484375
0 0.5796875 0.58671875 0.1625 0.1078125
0 0.56328125 0.73359375 0.225 0.1328125
0 0.7265625 0.353125 0.1546875 0.08125
0 0.48515625 0.43828125 0.090625 0.1359375
0 0.496875 0.275 0.109375 0.1609375
0 0.7390625 0.534375 0.125 0.1640625
0 0.5828125 0.31796875 0.125 0.078125
0 0.6171875 0.459375 0.125 0.096875