0 0.56171875 0.9 0.24375 0.2
0 0.153125 0.56484375 0.30625 0.2046875
0 0.05546875 0.85546875 0.1109375 0.2890625
0 0.32265625 0.34765625 0.15 0.1078125
0 0.11953125 0.3390625 0.2390625 0.18125
0 0.5984375 0.54765625 0.1703125 0.096875
0 0.55078125 0.4171875 0.2015625 0.1296875
0 0.0953125 0.0828125 0.178125 0.153125
0 0.3125 0.72265625 0.246875 0.1625
0 0.365625 0.57578125 0.103125 0.0859375
0 0.69765625 0.69609375 0.3203125 0.1921875
0 0.428125 0.16171875 0.2796875 0.1109375
0 0.084375 0.69296875 0.1671875 0.11875
0 0.6875 0.334375 0.11875 0.0734375
0 0.47578125 0.63125 0.0875 0.075
0 0.65078125 0.215625 0.1359375 0.0625
0 0.95546875 0.49296875 0.0890625 0.084375
0 0.96015625 0.1765625 0.078125 0.1140625
0 0.31640625 0.8859375 0.1296875 0.128125
0 0.92578125 0.90390625 0.0859375 0.0578125
0 0.9765625 0.36796875 0.046875 0.065625
0 0.96484375 0.71640625 0.0703125 0.1125
0 0.8453125 0.95859375 0.0796875 0.053125
0 0.978125 0.85625 0.04375 0.0609375
0 0.146875 0.859375 0.2734375 0.28125
0 0.1140625 0.86015625 0.18125 0.2796875