0 0.221875 0.9578125 0.075 0.084375
0 0.0515625 0.67734375 0.0703125 0.1953125
0 0.253125 0.71015625 0.0796875 0.1734375
0 0.403125 0.39375 0.0765625 0.1359375
0 0.384375 0.6671875 0.0703125 0.153125
0 0.20546875 0.11015625 0.078125 0.09375
0 0.3046875 0.596875 0.06875 0.121875
0 0.6421875 0.10390625 0.0734375 0.0921875
0 0.17109375 0.30390625 0.0734375 0.1421875
0 0.37578125 0.95625 0.08125 0.0875
0 0.10234375 0.04921875 0.0953125 0.0671875
0 0.0953125 0.44296875 0.096875 0.0984375
0 0.259375 0.2171875 0.09375 0.1125
0 0.3203125 0.46484375 0.0625 0.096875
0 0.57578125 0.0171875 0.1015625 0.021875
0 0.62890625 0.840625 0.0828125 0.0796875
0 0.415625 0.5203125 0.08125 0.10625
0 0.7359375 0.08828125 0.06875 0.1109375
0 0.50546875 0.5625 0.08125 0.1234375
0 0.50859375 0.30859375 0.071875 0.1125
0 0.45859375 0.7453125 0.0625 0.11875
0 0.5609375 0.79609375 0.053125 0.103125
0 0.171875 0.6140625 0.1078125 0.14375
0 0.19765625 0.43671875 0.065625 0.06875
0 0.07265625 0.13984375 0.065625 0.09375
0 0.63828125 0.96953125 0.109375 0.0609375
0 0.26171875 0.3703125 0.1125 0.1046875
0 0.84453125 0.3 0.0546875 0.084375
0 0.07890625 0.25234375 0.0671875 0.0796875
0 0.43515625 0.92265625 0.0671875 0.121875
0 0.36484375 0.76171875 0.078125 0.1015625
0 0.4828125 0.43984375 0.090625 0.0578125
0 0.2609375 0.5 0.05625 0.078125
0 0.52265625 0.92109375 0.078125 0.1203125
0 0.19296875 0.0203125 0.06875 0.0375