0 0.35625 0.60390625 0.1296875 0.1375
0 0.74609375 0.4546875 0.19375 0.0890625
0 0.88828125 0.20234375 0.1984375 0.075
0 0.51796875 0.22890625 0.1140625 0.0796875
0 0.578125 0.73203125 0.15 0.125
0 0.52109375 0.85 0.14375 0.140625
0 0.28515625 0.9609375 0.1125 0.075
0 0.06171875 0.36796875 0.121875 0.1171875
0 0.37421875 0.45703125 0.1171875 0.096875
0 0.26796875 0.75234375 0.1734375 0.1109375
0 0.6890625 0.3390625 0.175 0.1046875
0 0.21328125 0.54375 0.1109375 0.059375
0 0.490625 0.4296875 0.1328125 0.15
0 0.9171875 0.634375 0.1609375 0.1453125
0 0.234375 0.246875 0.1546875 0.05625
0 0.4796875 0.57578125 0.096875 0.1109375
0 0.271875 0.83125 0.153125 0.078125
0 0.6703125 0.23671875 0.0765625 0.1015625
0 0.13671875 0.68828125 0.1296875 0.0796875
0 0.04609375 0.52578125 0.059375 0.075
0 0.91015625 0.85390625 0.1296875 0.1171875
0 0.04140625 0.6 0.0828125 0.065625
0 0.4390625 0.8953125 0.1328125 0.05625
0 0.28125 0.3203125 0.0640625 0.0796875
0 0.13828125 0.4421875 0.1359375 0.059375
0 0.62421875 0.1859375 0.1109375 0.04375
0 0.7296875 0.596875 0.103125 0.065625
0 0.09375 0.21015625 0.09375 0.065625
0 0.37421875 0.1859375 0.16875 0.0375
0 0.75078125 0.97109375 0.121875 0.0578125
0 0.03828125 0.75390625 0.0765625 0.1046875
0 0.203125 0.0796875 0.0984375 0.0390625
0 0.21328125 0.91640625 0.071875 0.0734375
0 0.57265625 0.62265625 0.1140625 0.05
0 0.796875 0.03203125 0.05 0.0625
0 0.66015625 0.65390625 0.06875 0.075
0 0.69609375 0.9328125 0.1015625 0.1125
0 0.96953125 0.9578125 0.0609375 0.084375
0 0.83515625 0.73125 0.0703125 0.075
0 0.96328125 0.48203125 0.071875 0.09375
0 0.96328125 0.02578125 0.0671875 0.0515625
0 0.59140625 0.52734375 0.0984375 0.0796875
0 0.878125 0.515625 0.115625 0.0515625
0 0.92734375 0.40390625 0.109375 0.04375
0 0.8109375 0.39375 0.1140625 0.0453125
0 0.05625 0.25703125 0.096875 0.046875
0 0.865625 0.09375 0.071875 0.065625
0 0.57734375 0.3046875 0.084375 0.0671875