1 0.83203125 0.5359375 0.153125 0.121875
0 0.5703125 0.1890625 0.321875 0.3375
0 0.465625 0.85859375 0.303125 0.25625
0 0.3109375 0.72734375 0.3078125 0.1296875
0 0.72734375 0.38515625 0.4265625 0.1921875
1 0.21328125 0.540625 0.1140625 0.059375
0 0.609375 0.69375 0.2953125 0.1203125
0 0.52890625 0.61171875 0.1640625 0.0546875
1 0.871875 0.6390625 0.128125 0.0921875
1 0.26640625 0.34140625 0.45625 0.2203125
0 0.36171875 0.55078125 0.1703125 0.0625
1 0.15703125 0.625 0.1703125 0.090625
0 0.296875 0.45625 0.3328125 0.1171875
0 0.34375 0.63203125 0.2046875 0.0890625
1 0.4859375 0.3515625 0.071875 0.059375
1 0.2046875 0.48359375 0.0859375 0.0390625