0 0.34140625 0.825 0.171875 0.2421875
0 0.59921875 0.36171875 0.2046875 0.215625
0 0.80546875 0.253125 0.275 0.346875
0 0.58671875 0.91171875 0.1640625 0.1765625
0 0.26015625 0.5671875 0.1703125 0.2328125
0 0.79375 0.48046875 0.2359375 0.19375
0 0.50234375 0.48203125 0.21875 0.1875
0 0.69921875 0.61171875 0.1796875 0.1625
1 0.12734375 0.7265625 0.2546875 0.225
0 0.41328125 0.63359375 0.2109375 0.1515625
0 0.72109375 0.7640625 0.18125 0.165625
0 0.784375 0.91171875 0.2828125 0.1765625
0 0.534375 0.79375 0.1296875 0.096875
0 0.64765625 0.71953125 0.109375 0.1296875
0 0.49453125 0.90625 0.0765625 0.1609375