1 0.14921875 0.87890625 0.2375 0.2296875
0 0.88203125 0.15234375 0.2296875 0.3046875
0 0.796875 0.37890625 0.2859375 0.2953125
0 0.48671875 0.60078125 0.240625 0.203125
0 0.68984375 0.12734375 0.2109375 0.2546875
0 0.440625 0.784375 0.296875 0.309375
0 0.43125 0.15546875 0.209375 0.3109375
1 0.15703125 0.63125 0.3140625 0.271875
1 0.23125 0.1296875 0.1890625 0.225
0 0.1984375 0.2859375 0.196875 0.146875
0 0.55859375 0.24921875 0.1171875 0.1109375
0 0.60234375 0.3703125 0.090625 0.13125
0 0.38359375 0.3875 0.1390625 0.1109375
0 0.51953125 0.3265625 0.1546875 0.1015625
1 0.225 0.4421875 0.178125 0.096875