0 0.240625 0.24609375 0.2890625 0.309375
0 0.3515625 0.3953125 0.2921875 0.240625
0 0.4125 0.1265625 0.29375 0.253125
0 0.69921875 0.321875 0.2921875 0.2015625
0 0.61640625 0.1046875 0.125 0.209375
0 0.09140625 0.48984375 0.1765625 0.15625
0 0.16328125 0.87578125 0.1953125 0.221875
0 0.86796875 0.17734375 0.23125 0.121875
0 0.14140625 0.5984375 0.1703125 0.18125
0 0.5015625 0.5875 0.16875 0.1328125
0 0.52578125 0.79453125 0.14375 0.2
0 0.21640625 0.4859375 0.1109375 0.121875
0 0.3828125 0.74921875 0.1609375 0.090625
0 0.3328125 0.62578125 0.1046875 0.075
0 0.7171875 0.82265625 0.1140625 0.1109375
0 0.66953125 0.72109375 0.078125 0.153125
0 0.68125 0.72734375 0.0765625 0.165625