0 0.15 0.3421875 0.29375 0.26875
0 0.29765625 0.53828125 0.225 0.2875
0 0.78515625 0.85546875 0.1828125 0.2609375
0 0.74765625 0.32734375 0.234375 0.2203125
0 0.8421875 0.64765625 0.2765625 0.1921875
0 0.3421875 0.19140625 0.18125 0.346875
0 0.62421875 0.7875 0.184375 0.3078125
0 0.51328125 0.346875 0.13125 0.1796875
0 0.47109375 0.56015625 0.121875 0.2375
0 0.675 0.503125 0.1 0.14375
0 0.59375 0.3578125 0.0875 0.134375
0 0.65 0.21328125 0.071875 0.1296875
0 0.40234375 0.31328125 0.0890625 0.1546875
1 0.73984375 0.19140625 0.08125 0.128125
1 0.4515625 0.7125 0.121875 0.140625