0 0.88984375 0.065625 0.2203125 0.13125
0 0.25859375 0.26015625 0.1859375 0.2609375
0 0.59609375 0.178125 0.090625 0.1375
0 0.20625 0.69296875 0.071875 0.0984375
0 0.9296875 0.303125 0.140625 0.2234375
0 0.1453125 0.51796875 0.0828125 0.075
1 0.77421875 0.4453125 0.1546875 0.3
0 0.09453125 0.6921875 0.0828125 0.078125
0 0.4328125 0.6625 0.1265625 0.25625
0 0.64296875 0.01015625 0.1140625 0.0203125
0 0.68671875 0.1515625 0.0921875 0.1
0 0.928125 0.525 0.1015625 0.0890625
0 0.528125 0.5453125 0.15 0.2390625
0 0.29296875 0.55859375 0.08125 0.09375
0 0.65390625 0.23046875 0.0765625 0.0734375
0 0.6703125 0.07421875 0.1109375 0.1078125
0 0.95078125 0.61640625 0.0984375 0.0765625
0 0.4265625 0.38984375 0.096875 0.1015625
0 0.90078125 0.64765625 0.0734375 0.0640625
0 0.93125 0.459375 0.06875 0.075
0 0.315625 0.66875 0.0984375 0.0859375
0 0.240625 0.4328125 0.0890625 0.1