0 0.73828125 0.809375 0.109375 0.1765625
0 0.6328125 0.8078125 0.15625 0.284375
0 0.6671875 0.4640625 0.1859375 0.19375
0 0.88984375 0.89765625 0.1359375 0.2046875
0 0.1375 0.38046875 0.071875 0.1484375
0 0.43515625 0.38359375 0.2078125 0.2109375
0 0.278125 0.81875 0.209375 0.2734375
0 0.4171875 0.5765625 0.1640625 0.2046875
0 0.18828125 0.1046875 0.1984375 0.20625
0 0.784375 0.60546875 0.125 0.125
0 0.23203125 0.37890625 0.09375 0.1015625
0 0.58203125 0.334375 0.1734375 0.18125
0 0.6421875 0.0484375 0.15 0.0703125
0 0.25625 0.61328125 0.096875 0.1390625
0 0.08359375 0.63359375 0.06875 0.1484375
0 0.89609375 0.77421875 0.1390625 0.1234375
0 0.19765625 0.50546875 0.059375 0.0796875
0 0.35703125 0.1625 0.0921875 0.0390625
0 0.38515625 0.953125 0.1453125 0.09375
0 0.06640625 0.5125 0.0515625 0.0859375
0 0.51953125 0.83359375 0.1765625 0.1953125
0 0.46796875 0.15234375 0.0734375 0.1140625
0 0.53125 0.48515625 0.078125 0.125