0 0.65 0.23671875 0.21875 0.1984375
0 0.11796875 0.04765625 0.165625 0.0859375
0 0.27734375 0.240625 0.1515625 0.1796875
0 0.63671875 0.63046875 0.1421875 0.18125
0 0.06875 0.15859375 0.1375 0.234375
0 0.67109375 0.44296875 0.2109375 0.2
0 0.64296875 0.0734375 0.1734375 0.1140625
0 0.55 0.571875 0.0953125 0.11875
0 0.29140625 0.44609375 0.1546875 0.190625
1 0.68515625 0.896875 0.1734375 0.20625
0 0.10546875 0.56640625 0.084375 0.121875
0 0.07890625 0.7625 0.078125 0.1328125
0 0.49921875 0.40234375 0.078125 0.1015625
0 0.36875 0.17109375 0.1140625 0.1375
0 0.81171875 0.28359375 0.1078125 0.0921875
0 0.41953125 0.6953125 0.178125 0.19375
0 0.3625 0.384375 0.084375 0.1171875
0 0.78203125 0.05703125 0.078125 0.078125
0 0.425 0.95625 0.109375 0.0875
0 0.5625 0.79921875 0.0609375 0.0875
0 0.71875 0.68515625 0.078125 0.1015625
0 0.1546875 0.7890625 0.0625 0.1265625
0 0.1609375 0.3828125 0.0703125 0.125
0 0.40546875 0.51953125 0.065625 0.10625
0 0.025 0.578125 0.05 0.0984375
0 0.83203125 0.640625 0.059375 0.0671875
0 0.46640625 0.825 0.1015625 0.0828125
0 0.05859375 0.428125 0.0484375 0.128125
0 0.2609375 0.9515625 0.1515625 0.0890625
0 0.42421875 0.65 0.171875 0.1046875
0 0.3546875 0.0625 0.071875 0.10625
0 0.146875 0.88203125 0.1546875 0.05625
0 0.3171875 0.81328125 0.0796875 0.0890625
0 0.01953125 0.93359375 0.0390625 0.1328125
0 0.9078125 0.33125 0.0609375 0.0546875
0 0.24921875 0.94140625 0.128125 0.078125
0 0.88125 0.6203125 0.0484375 0.084375