0 0.22890625 0.91171875 0.09375 0.0671875
0 0.84921875 0.1890625 0.3015625 0.090625
0 0.08046875 0.23125 0.1609375 0.0765625
0 0.31171875 0.23984375 0.18125 0.071875
0 0.06875 0.709375 0.1375 0.134375
0 0.2421875 0.5453125 0.175 0.0953125
0 0.10703125 0.340625 0.096875 0.046875
0 0.125 0.03515625 0.1578125 0.065625
0 0.30234375 0.3890625 0.2109375 0.11875
0 0.71171875 0.8109375 0.1109375 0.125
0 0.59921875 0.41484375 0.140625 0.2
0 0.5328125 0.08984375 0.0984375 0.0734375
0 0.603125 0.87890625 0.0828125 0.0734375
0 0.03125 0.0578125 0.0625 0.09375
0 0.4921875 0.74609375 0.109375 0.1
0 0.3703125 0.4640625 0.1109375 0.09375
0 0.67578125 0.96015625 0.1109375 0.078125
0 0.646875 0.2 0.0875 0.0671875
0 0.47890625 0.17265625 0.103125 0.071875
0 0.74765625 0.05 0.18125 0.1
0 0.128125 0.61875 0.0921875 0.065625
0 0.29765625 0.896875 0.0703125 0.0875
0 0.1671875 0.45703125 0.096875 0.0546875
0 0.3578125 0.16484375 0.115625 0.0484375
0 0.2671875 0.68515625 0.0953125 0.0640625
0 0.9203125 0.734375 0.1171875 0.1203125
0 0.02578125 0.42578125 0.0515625 0.090625
0 0.7828125 0.47890625 0.190625 0.05625
0 0.02734375 0.56015625 0.0546875 0.090625
0 0.0578125 0.4890625 0.103125 0.065625
0 0.9578125 0.91328125 0.0828125 0.165625
0 0.9328125 0.96484375 0.134375 0.06875
0 0.10390625 0.97578125 0.090625 0.046875
0 0.79921875 0.9671875 0.1671875 0.065625