0 0.83828125 0.56953125 0.31875 0.2875
0 0.11875 0.3046875 0.1421875 0.3390625
0 0.3296875 0.13125 0.090625 0.0625
0 0.628125 0.3515625 0.1421875 0.1984375
0 0.43203125 0.91328125 0.1734375 0.1734375
0 0.36328125 0.68046875 0.2671875 0.3484375
0 0.8078125 0.30234375 0.14375 0.11875
0 0.02421875 0.41875 0.0484375 0.1390625
0 0.7640625 0.92421875 0.1234375 0.115625
0 0.48203125 0.1640625 0.05625 0.0515625
0 0.14140625 0.97734375 0.115625 0.0453125
0 0.6296875 0.19765625 0.159375 0.090625
0 0.4625 0.28671875 0.0828125 0.15625
0 0.8453125 0.08359375 0.16875 0.1140625
0 0.03046875 0.78671875 0.0609375 0.1296875
0 0.2296875 0.32421875 0.0828125 0.1890625
0 0.40546875 0.4015625 0.0953125 0.2046875
0 0.2109375 0.584375 0.065625 0.1
0 0.434375 0.1703125 0.071875 0.053125
0 0.540625 0.88515625 0.090625 0.109375
0 0.321875 0.24140625 0.0734375 0.084375
0 0.175 0.0390625 0.09375 0.06875
0 0.76953125 0.1734375 0.05 0.1
0 0.53828125 0.13515625 0.071875 0.0640625
0 0.3078125 0.8875 0.0671875 0.15
0 0.34296875 0.1875 0.084375 0.059375