1 0.49140625 0.853125 0.290625 0.275
1 0.8609375 0.6640625 0.278125 0.215625
1 0.43671875 0.4171875 0.175 0.196875
0 0.53984375 0.54375 0.2234375 0.2046875
1 0.26484375 0.67890625 0.2296875 0.26875
1 0.12421875 0.54921875 0.1640625 0.265625
1 0.825 0.40078125 0.2796875 0.2578125
0 0.6609375 0.7484375 0.171875 0.271875
1 0.90546875 0.46171875 0.1890625 0.2265625
1 0.66953125 0.5296875 0.1265625 0.165625
1 0.7546875 0.9046875 0.1921875 0.13125
1 0.1265625 0.23125 0.2234375 0.3890625
1 0.12890625 0.29609375 0.2234375 0.2640625