0 0.38984375 0.93203125 0.090625 0.13125
0 0.78984375 0.334375 0.14375 0.178125
0 0.38203125 0.05703125 0.059375 0.1140625
0 0.69453125 0.0671875 0.0953125 0.134375
0 0.678125 0.57890625 0.0828125 0.171875
0 0.94140625 0.5734375 0.0546875 0.075
0 0.89296875 0.5625 0.0765625 0.06875
0 0.43046875 0.73984375 0.0734375 0.190625
0 0.2546875 0.884375 0.0671875 0.128125
0 0.1640625 0.92734375 0.0625 0.10625
0 0.51640625 0.43671875 0.05625 0.15
0 0.4921875 0.07890625 0.0578125 0.128125
0 0.6 0.31640625 0.078125 0.15
0 0.4453125 0.47890625 0.0453125 0.134375
0 0.9390625 0.17890625 0.10625 0.10625
0 0.7875 0.1625 0.09375 0.06875
0 0.88515625 0.9 0.071875 0.1625
0 0.41015625 0.55078125 0.0609375 0.0875
0 0.36015625 0.8359375 0.0515625 0.090625
0 0.14921875 0.61953125 0.05 0.15
0 0.51484375 0.20859375 0.0671875 0.0828125
0 0.365625 0.3546875 0.046875 0.11875
0 0.94609375 0.275 0.0609375 0.1
0 0.896875 0.05859375 0.08125 0.1171875
0 0.321875 0.671875 0.071875 0.11875
0 0.79375 0.68125 0.09375 0.0546875
0 0.778125 0.08359375 0.0890625 0.0796875
0 0.57109375 0.96171875 0.140625 0.0703125
0 0.409375 0.3296875 0.071875 0.05625
0 0.5421875 0.2609375 0.0515625 0.06875
0 0.165625 0.82109375 0.0484375 0.140625
0 0.2171875 0.52109375 0.0578125 0.19375
0 0.75703125 0.965625 0.065625 0.059375
0 0.196875 0.06640625 0.046875 0.096875
0 0.028125 0.5359375 0.05625 0.053125
0 0.41953125 0.2515625 0.06875 0.0984375
0 0.20703125 0.82421875 0.046875 0.140625
0 0.0421875 0.41875 0.084375 0.0640625
0 0.10390625 0.72734375 0.0375 0.11875
0 0.7765625 0.56328125 0.1296875 0.06875
0 0.03046875 0.48671875 0.0609375 0.0578125
0 0.021875 0.8421875 0.04375 0.071875
0 0.2046875 0.23671875 0.06875 0.059375
0 0.6390625 0.96171875 0.1 0.06875
0 0.63125 0.02734375 0.084375 0.0546875
0 0.965625 0.02421875 0.06875 0.0484375
0 0.446875 0.134375 0.040625 0.0828125
0 0.5390625 0.90625 0.0890625 0.10625
0 0.18671875 0.12421875 0.046875 0.05
0 0.896875 0.36171875 0.065625 0.05625
0 0.78046875 0.76328125 0.0734375 0.071875
0 0.75390625 0.828125 0.0828125 0.0875
0 0.31171875 0.17421875 0.046875 0.1140625
0 0.26796875 0.74609375 0.046875 0.0875
0 0.2703125 0.40703125 0.0453125 0.1109375
0 0.2921875 0.6015625 0.078125 0.11875
0 0.62890625 0.8640625 0.0765625 0.1296875
0 0.07734375 0.25 0.0671875 0.046875