0 0.34921875 0.75 0.190625 0.1875
0 0.4265625 0.4375 0.0890625 0.115625
1 0.28046875 0.1140625 0.1765625 0.228125
0 0.540625 0.3140625 0.1671875 0.175
0 0.90390625 0.796875 0.1671875 0.1953125
0 0.92890625 0.0671875 0.0890625 0.134375
0 0.696875 0.7359375 0.140625 0.165625
0 0.8484375 0.93515625 0.1484375 0.1265625
0 0.36328125 0.921875 0.171875 0.134375
0 0.528125 0.06015625 0.1015625 0.1203125
0 0.34375 0.38359375 0.1265625 0.1734375
0 0.675 0.5421875 0.1453125 0.16875
0 0.2953125 0.559375 0.14375 0.1859375
0 0.8578125 0.24609375 0.0734375 0.128125
0 0.4796875 0.59140625 0.0765625 0.1015625
0 0.40546875 0.225 0.0578125 0.0828125
0 0.60546875 0.6078125 0.084375 0.10625
0 0.6125 0.8046875 0.1 0.134375
0 0.84140625 0.4359375 0.0828125 0.10625
0 0.79765625 0.60546875 0.0703125 0.1171875
0 0.19609375 0.71171875 0.109375 0.0859375
0 0.5609375 0.48515625 0.06875 0.1109375
0 0.78125 0.21875 0.05625 0.1046875
0 0.63671875 0.9265625 0.1140625 0.140625
0 0.8953125 0.5578125 0.05 0.1125
0 0.68203125 0.08671875 0.1171875 0.0765625
0 0.2328125 0.928125 0.071875 0.0859375
0 0.92578125 0.41640625 0.071875 0.0765625
0 0.1625 0.3796875 0.0609375 0.06875
0 0.9671875 0.384375 0.059375 0.09375
0 0.8296875 0.01640625 0.06875 0.0328125
0 0.26171875 0.33828125 0.0703125 0.1015625
0 0.5328125 0.34609375 0.15625 0.1390625
0 0.50859375 0.36640625 0.1046875 0.1015625
0 0.49609375 0.19921875 0.096875 0.0796875
0 0.45 0.01171875 0.090625 0.0234375