0 0.9390625 0.3484375 0.1203125 0.153125
0 0.746875 0.3265625 0.128125 0.0953125
0 0.53125 0.696875 0.2359375 0.2296875
0 0.89453125 0.10703125 0.2 0.0984375
0 0.2859375 0.64765625 0.2671875 0.3375
0 0.78671875 0.2171875 0.15 0.121875
0 0.81484375 0.390625 0.13125 0.0640625
0 0.053125 0.31796875 0.10625 0.1546875
0 0.8359375 0.58125 0.090625 0.0609375
0 0.675 0.77109375 0.109375 0.0578125
0 0.81640625 0.4921875 0.103125 0.0828125
0 0.38984375 0.95625 0.0890625 0.0796875
0 0.4703125 0.39296875 0.134375 0.1234375
0 0.56953125 0.5546875 0.103125 0.065625
0 0.04453125 0.19765625 0.0890625 0.0765625
0 0.38828125 0.834375 0.084375 0.0671875
0 0.60234375 0.209375 0.13125 0.1234375
0 0.77578125 0.884375 0.078125 0.1015625
0 0.57578125 0.50234375 0.1 0.071875
0 0.5375 0.8328125 0.0375 0.0640625
0 0.34375 0.08515625 0.1 0.1359375
0 0.89140625 0.6390625 0.125 0.05
0 0.46484375 0.9921875 0.065625 0.015625
0 0.92109375 0.065625 0.15625 0.0328125