0 0.54296875 0.95703125 0.2078125 0.0859375
0 0.31640625 0.971875 0.1171875 0.05625
0 0.08671875 0.971875 0.1234375 0.05625
0 0.83359375 0.309375 0.2140625 0.09375
0 0.2578125 0.70625 0.2 0.2359375
0 0.615625 0.39296875 0.1375 0.1453125
0 0.03125 0.46328125 0.0625 0.1484375
0 0.45234375 0.22734375 0.1640625 0.0765625
0 0.90234375 0.1421875 0.0765625 0.0671875
0 0.38125 0.44453125 0.178125 0.1546875
0 0.06640625 0.7578125 0.090625 0.1
0 0.11328125 0.4875 0.2015625 0.0859375
0 0.04921875 0.15078125 0.09375 0.14375
0 0.57421875 0.490625 0.1609375 0.0828125
0 0.23203125 0.42109375 0.0765625 0.078125
0 0.32578125 0.0484375 0.3453125 0.0921875
0 0.184375 0.91328125 0.0921875 0.0640625
0 0.09375 0.86640625 0.0859375 0.1140625
0 0.95078125 0.0921875 0.096875 0.0546875
0 0.2109375 0.54375 0.0921875 0.059375
0 0.60625 0.275 0.1328125 0.0703125
0 0.175 0.25703125 0.103125 0.075
0 0.77578125 0.20390625 0.1796875 0.0640625
0 0.66640625 0.08203125 0.0828125 0.0515625
0 0.4546875 0.0890625 0.1140625 0.109375
0 0.78828125 0.0140625 0.1125 0.0109375
0 0.43359375 0.53984375 0.1859375 0.0796875
0 0.78125 0.7125 0.0515625 0.05
0 0.73046875 0.4109375 0.1546875 0.0890625