0 0.628125 0.153125 0.221875 0.2203125
0 0.52734375 0.61328125 0.246875 0.1234375
0 0.39765625 0.8265625 0.2109375 0.346875
0 0.87578125 0.17265625 0.2484375 0.2015625
0 0.46171875 0.2390625 0.3046875 0.196875
0 0.8328125 0.45 0.3171875 0.3609375
0 0.634375 0.44765625 0.134375 0.2265625
0 0.26953125 0.5953125 0.2453125 0.13125
1 0.625 0.73203125 0.14375 0.1671875
0 0.48515625 0.5078125 0.1328125 0.09375
0 0.34375 0.4828125 0.1703125 0.1
0 0.3703125 0.2875 0.0796875 0.1296875
1 0.090625 0.32421875 0.115625 0.1125
0 0.25390625 0.27734375 0.15625 0.128125
0 0.26796875 0.50078125 0.1125 0.1203125
0 0.28984375 0.36640625 0.134375 0.078125
1 0.171875 0.4515625 0.090625 0.1484375