0 0.8640625 0.51640625 0.1875 0.3125
0 0.37734375 0.16796875 0.2015625 0.3265625
0 0.20703125 0.5265625 0.225 0.3671875
0 0.7515625 0.19140625 0.190625 0.359375
0 0.3609375 0.62109375 0.20625 0.3828125
0 0.9203125 0.21328125 0.159375 0.396875
0 0.65625 0.80703125 0.14375 0.3859375
0 0.47734375 0.3078125 0.10625 0.16875
1 0.1359375 0.1640625 0.271875 0.3078125
0 0.53828125 0.815625 0.121875 0.1703125
0 0.73515625 0.51171875 0.0796875 0.1984375
0 0.67890625 0.303125 0.115625 0.2046875
0 0.56015625 0.5640625 0.15 0.125
1 0.70703125 0.94375 0.1203125 0.1125