0 0.5796875 0.215625 0.2359375 0.1734375
0 0.27109375 0.4390625 0.1609375 0.2078125
1 0.72265625 0.103125 0.20625 0.20625
0 0.64609375 0.8203125 0.2078125 0.2265625
0 0.84375 0.23125 0.2875 0.1546875
0 0.38515625 0.63515625 0.134375 0.1703125
0 0.72265625 0.4109375 0.1953125 0.1546875
0 0.2046875 0.675 0.2515625 0.209375
1 0.11328125 0.5453125 0.2203125 0.146875
0 0.40625 0.4765625 0.096875 0.115625
0 0.66796875 0.5421875 0.1265625 0.1375
0 0.51796875 0.70234375 0.203125 0.096875
0 0.546875 0.615625 0.1234375 0.0890625
1 0.496875 0.359375 0.0828125 0.0890625
0 0.58203125 0.34296875 0.1109375 0.0796875
1 0.78515625 0.73671875 0.13125 0.0984375
0 0.73671875 0.66171875 0.234375 0.1015625
0 0.54921875 0.50625 0.1 0.0828125
0 0.86015625 0.55625 0.2625 0.103125
0 0.58828125 0.43046875 0.1 0.0828125