0 0.66328125 0.11484375 0.1296875 0.0953125
0 0.21171875 0.33984375 0.1484375 0.0875
0 0.8921875 0.53984375 0.159375 0.1546875
0 0.69765625 0.3328125 0.1625 0.1015625
0 0.7890625 0.43984375 0.1625 0.10625
0 0.48515625 0.15625 0.1328125 0.0640625
0 0.3921875 0.69140625 0.0921875 0.09375
0 0.16640625 0.51171875 0.159375 0.1296875
1 0.4546875 0.80390625 0.2046875 0.1484375
0 0.30390625 0.2296875 0.1765625 0.1046875
0 0.70390625 0.8046875 0.146875 0.1671875
0 0.33359375 0.5640625 0.078125 0.08125
0 0.63203125 0.19296875 0.1046875 0.0859375
0 0.7171875 0.55 0.175 0.1140625
0 0.9328125 0.721875 0.13125 0.15
0 0.53671875 0.475 0.1046875 0.075
0 0.41484375 0.42578125 0.165625 0.096875
0 0.7125 0.64375 0.09375 0.0625
0 0.57578125 0.95234375 0.209375 0.09375
0 0.5296875 0.32109375 0.1140625 0.0734375
0 0.5453125 0.66875 0.2 0.1078125
0 0.5640625 0.54921875 0.128125 0.059375
0 0.8921875 0.05703125 0.2 0.0734375
0 0.73515625 0.7109375 0.09375 0.0796875
0 0.146875 0.73984375 0.08125 0.10625
0 0.953125 0.4421875 0.0890625 0.2015625
0 0.309375 0.47109375 0.0953125 0.065625
0 0.4640625 0.26484375 0.08125 0.065625
0 0.31484375 0.33203125 0.0765625 0.0484375
0 0.953125 0.95859375 0.0859375 0.0828125
0 0.82421875 0.35234375 0.115625 0.0703125
0 0.19296875 0.66875 0.0703125 0.0578125
0 0.678125 0.03984375 0.1140625 0.0734375
0 0.903125 0.9578125 0.159375 0.0765625
0 0.41328125 0.3328125 0.1359375 0.05
0 0.253125 0.55625 0.09375 0.065625
0 0.0890625 0.23984375 0.0625 0.0671875