0 0.8484375 0.83359375 0.303125 0.29375
0 0.80546875 0.57265625 0.284375 0.2390625
0 0.50078125 0.76640625 0.3546875 0.2671875
0 0.28359375 0.3203125 0.2296875 0.103125
0 0.421875 0.51171875 0.08125 0.0921875
0 0.50234375 0.37265625 0.184375 0.109375
0 0.2015625 0.47734375 0.346875 0.13125
0 0.6234375 0.49296875 0.1359375 0.215625
1 0.47109375 0.07890625 0.1484375 0.1484375
1 0.33828125 0.18984375 0.1984375 0.1015625
0 0.490625 0.59375 0.184375 0.0828125
0 0.3890625 0.4171875 0.078125 0.10625
0 0.53203125 0.4625 0.171875 0.0640625
1 0.55234375 0.2125 0.209375 0.121875
1 0.18203125 0.603125 0.2171875 0.09375