0 0.64765625 0.33203125 0.3734375 0.2953125
0 0.65234375 0.553125 0.2765625 0.2390625
0 0.121875 0.1984375 0.196875 0.1875
0 0.10078125 0.38203125 0.2015625 0.221875
0 0.67265625 0.81484375 0.3328125 0.2578125
0 0.896875 0.14609375 0.1171875 0.1671875
0 0.384375 0.1015625 0.159375 0.203125
0 0.11484375 0.6765625 0.225 0.3078125
0 0.346875 0.33828125 0.165625 0.2125
0 0.90078125 0.6046875 0.1015625 0.1921875
0 0.61171875 0.05625 0.221875 0.1109375
0 0.16875 0.53984375 0.1203125 0.1265625
0 0.19765625 0.821875 0.159375 0.246875
0 0.1375 0.0640625 0.153125 0.1265625
0 0.0453125 0.50546875 0.090625 0.2171875
0 0.7890625 0.575 0.0828125 0.1421875
0 0.04375 0.8015625 0.0875 0.2421875