0 0.45546875 0.86171875 0.2796875 0.18125
0 0.775 0.8171875 0.3375 0.178125
0 0.26171875 0.45703125 0.1890625 0.225
1 0.55234375 0.2546875 0.2359375 0.184375
0 0.1125 0.5625 0.225 0.225
0 0.7890625 0.12265625 0.20625 0.2453125
0 0.21796875 0.67578125 0.1875 0.2234375
0 0.62578125 0.93203125 0.25625 0.1234375
0 0.72109375 0.4515625 0.2484375 0.2125
0 0.67265625 0.64140625 0.215625 0.175
0 0.3640625 0.65859375 0.1234375 0.1390625
0 0.39765625 0.51328125 0.1140625 0.1453125
0 0.84140625 0.29765625 0.2609375 0.1046875
0 0.5453125 0.47890625 0.15 0.2046875
0 0.675 0.43984375 0.1390625 0.1734375