1 0.32734375 0.5125 0.1234375 0.0921875
0 0.10078125 0.87734375 0.2015625 0.2453125
0 0.80703125 0.16953125 0.2765625 0.2828125
0 0.834375 0.38671875 0.296875 0.190625
0 0.70546875 0.51015625 0.2078125 0.1671875
0 0.55390625 0.2578125 0.33125 0.2640625
0 0.7578125 0.80703125 0.2296875 0.2265625
0 0.28984375 0.88828125 0.221875 0.2234375
0 0.5703125 0.73828125 0.1765625 0.13125
0 0.46171875 0.79453125 0.2421875 0.228125
0 0.19765625 0.6359375 0.309375 0.2625
0 0.44765625 0.40546875 0.3734375 0.196875
0 0.7296875 0.640625 0.15625 0.13125
0 0.55703125 0.5609375 0.0828125 0.125
0 0.54921875 0.66015625 0.1234375 0.0671875
1 0.85 0.67421875 0.109375 0.1515625
1 0.28515625 0.37578125 0.1390625 0.125