0 0.871875 0.58359375 0.225 0.23125
0 0.246875 0.5703125 0.1609375 0.3390625
0 0.60234375 0.78984375 0.2 0.2984375
0 0.87890625 0.046875 0.2234375 0.09375
0 0.071875 0.43515625 0.14375 0.375
0 0.64375 0.09375 0.128125 0.1875
0 0.5734375 0.2546875 0.0890625 0.134375
0 0.72421875 0.41328125 0.16875 0.246875
0 0.1703125 0.90859375 0.1734375 0.165625
0 0.50859375 0.84921875 0.259375 0.23125
0 0.32578125 0.29375 0.128125 0.2234375
0 0.58046875 0.465625 0.1359375 0.1734375
0 0.7265625 0.68125 0.21875 0.1921875
0 0.34765625 0.5390625 0.103125 0.2203125
0 0.2125 0.27734375 0.0859375 0.15625
0 0.4578125 0.203125 0.0796875 0.1578125
0 0.328125 0.83125 0.090625 0.2046875
0 0.16171875 0.67890625 0.078125 0.1734375
0 0.02734375 0.80390625 0.0546875 0.3