0 0.4984375 0.81953125 0.2 0.1171875
0 0.31328125 0.14375 0.1109375 0.06875
0 0.42578125 0.5796875 0.159375 0.0671875
0 0.69765625 0.60078125 0.2171875 0.0703125
0 0.86796875 0.9296875 0.1203125 0.1109375
0 0.66953125 0.9328125 0.1171875 0.125
0 0.665625 0.75703125 0.2703125 0.13125
0 0.20390625 0.97578125 0.1875 0.046875
0 0.91953125 0.37265625 0.103125 0.075
0 0.40703125 0.46484375 0.18125 0.1125
0 0.2765625 0.6875 0.2375 0.0828125
0 0.2 0.79296875 0.1953125 0.103125
0 0.12265625 0.8921875 0.1078125 0.090625
0 0.3203125 0.90390625 0.096875 0.06875
0 0.27890625 0.41875 0.140625 0.0828125
0 0.74375 0.98828125 0.1203125 0.0140625
0 0.33359375 0.9734375 0.128125 0.0484375
0 0.63203125 0.18984375 0.1140625 0.059375
0 0.23828125 0.0484375 0.06875 0.071875
0 0.8265625 0.1515625 0.103125 0.078125
0 0.53828125 0.02421875 0.0578125 0.0484375
0 0.2515625 0.9234375 0.1171875 0.065625
0 0.71328125 0.2109375 0.1046875 0.053125