0 0.31328125 0.26015625 0.190625 0.28125
0 0.2140625 0.421875 0.1234375 0.2109375
0 0.06171875 0.79140625 0.1234375 0.0890625
0 0.46875 0.22734375 0.0984375 0.2078125
0 0.23046875 0.63125 0.1078125 0.1734375
0 0.1671875 0.11875 0.0984375 0.14375
0 0.040625 0.65703125 0.08125 0.2265625
0 0.546875 0.06875 0.10625 0.0921875
0 0.178125 0.22109375 0.0609375 0.096875
0 0.846875 0.12421875 0.1765625 0.1328125
0 0.7671875 0.23515625 0.0640625 0.125
0 0.36640625 0.68515625 0.0953125 0.0953125
0 0.61953125 0.734375 0.0921875 0.125
0 0.62109375 0.63203125 0.0640625 0.096875
0 0.90234375 0.665625 0.071875 0.1140625
0 0.71640625 0.840625 0.0703125 0.1171875
0 0.7703125 0.35234375 0.0546875 0.1609375
0 0.29921875 0.54453125 0.059375 0.1046875
0 0.1609375 0.8046875 0.075 0.1171875
0 0.52578125 0.7859375 0.065625 0.171875
0 0.6796875 0.42890625 0.059375 0.096875
0 0.8375 0.45078125 0.071875 0.109375
0 0.5296875 0.775 0.053125 0.1375
0 0.36015625 0.51484375 0.0796875 0.1
0 0.90234375 0.94765625 0.0515625 0.0984375
0 0.16171875 0.59453125 0.0546875 0.0890625
0 0.72734375 0.52265625 0.0703125 0.109375
0 0.9640625 0.08046875 0.071875 0.084375
0 0.1484375 0.8015625 0.06875 0.115625
0 0.7640625 0.3390625 0.053125 0.140625
0 0.778125 0.47890625 0.0671875 0.1078125