0 0.88359375 0.76875 0.2328125 0.2828125
0 0.85234375 0.521875 0.25 0.25625
0 0.77109375 0.10546875 0.2296875 0.2109375
0 0.265625 0.25234375 0.2015625 0.28125
0 0.66953125 0.77421875 0.2203125 0.3515625
0 0.78984375 0.284375 0.234375 0.1765625
0 0.5828125 0.21875 0.196875 0.1703125
0 0.403125 0.52578125 0.1421875 0.240625
0 0.27265625 0.5578125 0.153125 0.2734375
0 0.734375 0.45703125 0.165625 0.184375
0 0.584375 0.5640625 0.1609375 0.1359375
0 0.4296875 0.775 0.18125 0.15
0 0.40390625 0.29921875 0.1078125 0.165625
0 0.54375 0.46328125 0.1640625 0.175
0 0.51796875 0.8328125 0.1109375 0.2046875
0 0.4328125 0.903125 0.1765625 0.1453125
1 0.125 0.42109375 0.221875 0.1546875