0 0.565625 0.66953125 0.19375 0.284375
0 0.11640625 0.7 0.2328125 0.259375
0 0.21875 0.49453125 0.20625 0.2890625
1 0.275 0.8265625 0.1546875 0.346875
1 0.6765625 0.77578125 0.134375 0.25625
1 0.440625 0.74140625 0.190625 0.26875
0 0.5875 0.175 0.1734375 0.2953125
0 0.3703125 0.4859375 0.0984375 0.2015625
0 0.6421875 0.365625 0.2171875 0.1609375
1 0.7359375 0.50703125 0.1625 0.2140625
1 0.4328125 0.3140625 0.2234375 0.1546875
1 0.85703125 0.7015625 0.221875 0.2171875
1 0.44921875 0.1421875 0.140625 0.240625
0 0.46875 0.4515625 0.1296875 0.128125