0 0.58203125 0.23828125 0.2234375 0.2015625
0 0.14375 0.37890625 0.271875 0.1984375
0 0.67578125 0.4734375 0.175 0.1796875
0 0.8375 0.34453125 0.325 0.1671875
0 0.434375 0.41015625 0.1125 0.1234375
0 0.3390625 0.34296875 0.15 0.2078125
1 0.71875 0.8953125 0.221875 0.2015625
0 0.38671875 0.553125 0.0796875 0.13125
0 0.48671875 0.7875 0.2078125 0.146875
0 0.26015625 0.5375 0.1984375 0.1765625
0 0.575 0.61171875 0.1265625 0.1484375
1 0.4390625 0.67578125 0.209375 0.1265625
1 0.709375 0.69921875 0.225 0.1265625
0 0.65625 0.60703125 0.1015625 0.1
0 0.5015625 0.35390625 0.2234375 0.146875
1 0.55390625 0.4984375 0.0828125 0.065625
1 0.784375 0.1375 0.25 0.275