0 0.175 0.25078125 0.18125 0.0765625
0 0.37734375 0.115625 0.171875 0.071875
0 0.18984375 0.38828125 0.1640625 0.096875
0 0.07578125 0.9296875 0.1046875 0.1125
0 0.8203125 0.4109375 0.278125 0.1171875
0 0.56015625 0.4171875 0.1796875 0.096875
0 0.03125 0.2453125 0.0609375 0.1203125
0 0.33203125 0.82109375 0.2640625 0.290625
0 0.75 0.58828125 0.26875 0.1296875
0 0.3921875 0.43359375 0.146875 0.0640625
0 0.875 0.15078125 0.159375 0.1203125
0 0.07890625 0.421875 0.1390625 0.203125
0 0.10078125 0.59765625 0.1359375 0.1453125
0 0.32421875 0.2890625 0.0984375 0.2125
0 0.1046875 0.75 0.0703125 0.1078125
0 0.5421875 0.71484375 0.1453125 0.0921875
0 0.96953125 0.246875 0.0609375 0.115625
0 0.05 0.1421875 0.1 0.05
0 0.79140625 0.765625 0.096875 0.0671875
0 0.51484375 0.39765625 0.0921875 0.06875
0 0.903125 0.79375 0.075 0.065625
0 0.22109375 0.57890625 0.1546875 0.053125
0 0.9578125 0.37265625 0.0828125 0.05625
0 0.4453125 0.1921875 0.125 0.103125
0 0.46328125 0.8796875 0.115625 0.06875
0 0.18671875 0.65078125 0.1078125 0.0515625
0 0.6828125 0.87265625 0.0859375 0.0578125
0 0.025 0.03984375 0.05 0.0703125
0 0.13203125 0.15 0.0828125 0.0625
0 0.07890625 0.0546875 0.115625 0.0734375