0 0.25 0.27734375 0.1625 0.2921875
0 0.84296875 0.40625 0.2 0.2015625
0 0.13125 0.4375 0.2296875 0.2796875
0 0.88046875 0.1578125 0.1953125 0.25625
0 0.40234375 0.77109375 0.1328125 0.125
0 0.403125 0.28984375 0.1234375 0.26875
1 0.5984375 0.2703125 0.1375 0.2265625
0 0.27890625 0.6046875 0.1359375 0.325
0 0.39921875 0.590625 0.10625 0.2484375
0 0.5625 0.65078125 0.0875 0.1765625
0 0.66875 0.69609375 0.1234375 0.2390625
0 0.57109375 0.753125 0.140625 0.115625
1 0.73984375 0.1703125 0.0875 0.221875
0 0.64765625 0.49609375 0.1109375 0.15625
1 0.490625 0.88984375 0.109375 0.19375
0 0.52890625 0.54375 0.0703125 0.0734375
0 0.57890625 0.4515625 0.053125 0.1359375
0 0.45234375 0.3984375 0.0546875 0.096875
0 0.50390625 0.421875 0.065625 0.1734375
0 0.71796875 0.54921875 0.10625 0.303125