1 0.42890625 0.096875 0.1578125 0.1359375
0 0.27734375 0.22578125 0.259375 0.159375
0 0.265625 0.4828125 0.315625 0.1765625
0 0.55859375 0.38046875 0.340625 0.165625
1 0.5828125 0.7421875 0.4140625 0.265625
0 0.853125 0.3625 0.246875 0.146875
1 0.29765625 0.85625 0.2875 0.2625
1 0.190625 0.65703125 0.353125 0.184375
1 0.23984375 0.046875 0.1484375 0.0875
1 0.47734375 0.18984375 0.1375 0.08125
1 0.659375 0.50625 0.2375 0.184375
0 0.51796875 0.553125 0.2078125 0.125
0 0.65703125 0.2484375 0.153125 0.1171875
1 0.2765625 0.12890625 0.09375 0.0640625