1 0.15546875 0.5546875 0.246875 0.2078125
0 0.8609375 0.221875 0.25 0.31875
0 0.53515625 0.6359375 0.1125 0.075
0 0.309375 0.728125 0.146875 0.259375
0 0.678125 0.2171875 0.15 0.36875
0 0.66953125 0.52265625 0.065625 0.140625
0 0.78515625 0.47890625 0.20625 0.2140625
0 0.62890625 0.815625 0.196875 0.3109375
1 0.35703125 0.41484375 0.1421875 0.290625
0 0.46328125 0.42109375 0.128125 0.28125
0 0.44765625 0.69609375 0.1296875 0.21875
1 0.70546875 0.628125 0.1140625 0.109375
0 0.59453125 0.42890625 0.140625 0.1171875
0 0.6359375 0.6328125 0.1015625 0.0703125
1 0.696875 0.84140625 0.0625 0.1703125
1 0.62109375 0.3640625 0.0640625 0.075