0 0.18984375 0.90390625 0.246875 0.1734375
0 0.91875 0.309375 0.1234375 0.13125
0 0.84296875 0.76953125 0.215625 0.1390625
0 0.66875 0.5890625 0.178125 0.153125
0 0.0515625 0.1828125 0.103125 0.0671875
0 0.03046875 0.92890625 0.0609375 0.1
0 0.290625 0.246875 0.334375 0.1171875
0 0.44609375 0.1859375 0.1546875 0.071875
0 0.4734375 0.6390625 0.1640625 0.10625
0 0.709375 0.325 0.2421875 0.1125
0 0.2953125 0.72734375 0.1953125 0.134375
0 0.81328125 0.6453125 0.203125 0.11875
0 0.77421875 0.515625 0.14375 0.1515625
0 0.25546875 0.53203125 0.33125 0.3234375
0 0.03125 0.3328125 0.0625 0.1046875
0 0.82265625 0.11953125 0.3375 0.1015625
0 0.61328125 0.19375 0.15 0.0625
0 0.7203125 0.73359375 0.1875 0.128125
0 0.078125 0.0453125 0.15625 0.053125
0 0.56328125 0.06484375 0.140625 0.046875
0 0.13828125 0.12890625 0.1203125 0.0515625
1 0.4796875 0.86796875 0.21875 0.2078125
0 0.39375 0.31953125 0.10625 0.053125
0 0.1796875 0.1703125 0.125 0.0609375
0 0.0109375 0.8171875 0.021875 0.0703125
0 0.40546875 0.08671875 0.190625 0.0671875
0 0.6390625 0.80546875 0.1875 0.1640625
0 0.31328125 0.0859375 0.2875 0.071875
0 0.546875 0.26171875 0.103125 0.046875
0 0.2671875 0.14375 0.103125 0.05625
0 0.2421875 0.003125 0.1265625 0.00625
0 0.50390625 0.34296875 0.1109375 0.059375