0 0.615625 0.0015625 0.1328125 0.003125
0 0.42265625 0.2859375 0.2546875 0.1828125
0 0.24140625 0.8328125 0.190625 0.1296875
0 0.0703125 0.03828125 0.140625 0.0765625
0 0.2 0.665625 0.24375 0.121875
0 0.30078125 0.915625 0.165625 0.14375
0 0.03359375 0.2296875 0.0671875 0.09375
0 0.17578125 0.25390625 0.1203125 0.0640625
0 0.5125 0.8859375 0.1609375 0.0890625
0 0.11015625 0.13046875 0.178125 0.125
0 0.38203125 0.6890625 0.109375 0.125
0 0.096875 0.52734375 0.19375 0.2375
0 0.409375 0.03203125 0.159375 0.0640625
0 0.96015625 0.22734375 0.040625 0.0671875
0 0.65390625 0.5015625 0.184375 0.1078125
0 0.56796875 0.07265625 0.2 0.078125
0 0.93515625 0.35625 0.0734375 0.096875
0 0.13984375 0.38203125 0.140625 0.075
0 0.2484375 0.32734375 0.1140625 0.0703125
0 0.484375 0.18359375 0.11875 0.078125
0 0.65390625 0.9484375 0.28125 0.0546875
0 0.6609375 0.59296875 0.15 0.0921875
0 0.47109375 0.94921875 0.1375 0.0609375
0 0.51015625 0.6765625 0.0984375 0.065625