0 0.38125 0.45 0.1015625 0.0640625
0 0.71328125 0.22578125 0.0671875 0.0796875
0 0.85 0.725 0.0640625 0.0875
0 0.2328125 0.38828125 0.1109375 0.0828125
0 0.58984375 0.88671875 0.1015625 0.20625
0 0.58828125 0.35703125 0.121875 0.0859375
0 0.20859375 0.81484375 0.096875 0.1046875
0 0.64296875 0.2578125 0.09375 0.0625
0 0.8640625 0.83359375 0.071875 0.0828125
0 0.1984375 0.51875 0.05625 0.103125
0 0.55 0.69921875 0.1125 0.0984375
0 0.8203125 0.23984375 0.09375 0.0734375
0 0.746875 0.82109375 0.0453125 0.11875
0 0.67265625 0.74921875 0.1125 0.0828125
0 0.40625 0.3390625 0.1203125 0.0578125
0 0.9703125 0.61796875 0.059375 0.0625
0 0.2796875 0.61796875 0.0953125 0.1765625
0 0.271875 0.24765625 0.1015625 0.05625
0 0.746875 0.6203125 0.121875 0.0671875
0 0.39296875 0.71328125 0.0828125 0.078125
0 0.45078125 0.59921875 0.1078125 0.0953125
0 0.15390625 0.70390625 0.0828125 0.059375
0 0.95234375 0.80703125 0.0890625 0.059375
0 0.3296875 0.19921875 0.08125 0.046875
0 0.384375 0.82578125 0.09375 0.0859375
0 0.03515625 0.9203125 0.0703125 0.1375
0 0.13828125 0.84609375 0.096875 0.075
0 0.07578125 0.2328125 0.0875 0.0578125
0 0.91640625 0.19921875 0.05625 0.075
0 0.31171875 0.8984375 0.09375 0.16875
0 0.39609375 0.91640625 0.0890625 0.06875
0 0.48515625 0.06015625 0.103125 0.0515625
0 0.59375 0.54609375 0.128125 0.08125
0 0.36484375 0.63828125 0.0640625 0.0609375
0 0.43359375 0.203125 0.1265625 0.053125
0 0.95859375 0.240625 0.08125 0.053125
0 0.02578125 0.584375 0.0515625 0.05625
0 0.22109375 0.97421875 0.0921875 0.0515625
0 0.13671875 0.58984375 0.1 0.05
0 0.27890625 0.73125 0.096875 0.0734375
0 0.7546875 0.29921875 0.11875 0.0515625
0 0.43125 0.509375 0.1 0.0484375
0 0.0328125 0.8171875 0.0640625 0.103125
0 0.125 0.775 0.084375 0.0546875
0 0.3203125 0.02421875 0.084375 0.0421875
0 0.978125 0.04609375 0.0390625 0.084375
0 0.621875 0.62734375 0.0828125 0.0671875
0 0.9046875 0.11171875 0.071875 0.046875
0 0.89765625 0.62265625 0.0609375 0.059375
0 0.73203125 0.36015625 0.096875 0.0609375
0 0.671875 0.66171875 0.06875 0.05625
0 0.47421875 0.96328125 0.0859375 0.0734375
0 0.80390625 0.34296875 0.071875 0.0515625
0 0.4890625 0.8171875 0.046875 0.1078125
0 0.0734375 0.9546875 0.115625 0.0875