0 0.38203125 0.41171875 0.234375 0.1921875
0 0.11484375 0.12890625 0.1046875 0.2421875
0 0.4078125 0.6453125 0.096875 0.128125
0 0.4953125 0.8015625 0.1140625 0.20625
0 0.72421875 0.54140625 0.125 0.13125
0 0.80546875 0.303125 0.14375 0.1359375
0 0.159375 0.67578125 0.0828125 0.2078125
0 0.3203125 0.7078125 0.13125 0.253125
0 0.12421875 0.31015625 0.0875 0.1015625
0 0.13984375 0.92265625 0.096875 0.1546875
0 0.884375 0.43046875 0.0984375 0.096875
0 0.66796875 0.96484375 0.1625 0.0703125
0 0.07890625 0.6296875 0.053125 0.121875
0 0.72265625 0.09140625 0.1328125 0.08125
0 0.090625 0.496875 0.090625 0.1078125
0 0.95859375 0.36484375 0.0671875 0.1203125
0 0.021875 0.421875 0.04375 0.1109375
0 0.9640625 0.2109375 0.0609375 0.16875
0 0.3890625 0.87421875 0.0625 0.10625
0 0.4484375 0.18828125 0.075 0.190625
0 0.88828125 0.77421875 0.1046875 0.071875
0 0.6546875 0.78125 0.084375 0.0921875
0 0.9015625 0.853125 0.078125 0.103125
0 0.57421875 0.9328125 0.090625 0.1125
0 0.41015625 0.96171875 0.0890625 0.0765625
0 0.2515625 0.92734375 0.0546875 0.1171875
0 0.26640625 0.925 0.0546875 0.11875
0 0.23203125 0.61875 0.0734375 0.13125
0 0.20703125 0.31328125 0.0515625 0.1125