1 0.0984375 0.08359375 0.196875 0.1671875
0 0.4921875 0.62890625 0.3140625 0.1859375
0 0.628125 0.12265625 0.2015625 0.2453125
0 0.21171875 0.55234375 0.2390625 0.1890625
0 0.33046875 0.0796875 0.2046875 0.159375
0 0.859375 0.10859375 0.278125 0.2171875
0 0.6234375 0.340625 0.10625 0.1375
0 0.1328125 0.71328125 0.265625 0.215625
0 0.15 0.26171875 0.2859375 0.1765625
0 0.43203125 0.8265625 0.31875 0.18125
0 0.3921875 0.1765625 0.140625 0.1453125
0 0.52734375 0.2578125 0.1375 0.1015625
1 0.24765625 0.89375 0.221875 0.19375
0 0.821875 0.30703125 0.225 0.221875
1 0.796875 0.4296875 0.153125 0.1046875