0 0.56796875 0.403125 0.1484375 0.2921875
0 0.76953125 0.5 0.1953125 0.2390625
0 0.48359375 0.78203125 0.165625 0.2875
0 0.0546875 0.3078125 0.109375 0.16875
0 0.740625 0.2 0.115625 0.0875
0 0.06796875 0.60078125 0.1359375 0.209375
0 0.7609375 0.10703125 0.1046875 0.0921875
0 0.665625 0.25234375 0.065625 0.0875
0 0.3765625 0.29375 0.11875 0.3171875
0 0.21640625 0.17734375 0.0640625 0.1609375
0 0.25234375 0.43671875 0.0828125 0.09375
0 0.178125 0.07109375 0.0609375 0.1421875
0 0.1796875 0.70234375 0.0796875 0.259375
0 0.44296875 0.525 0.0703125 0.1421875
0 0.3453125 0.74375 0.078125 0.1921875
0 0.23046875 0.5234375 0.053125 0.1140625
0 0.22265625 0.3484375 0.05625 0.1125
0 0.2890625 0.56015625 0.0546875 0.1296875
0 0.25390625 0.034375 0.075 0.06875
0 0.33359375 0.21328125 0.0734375 0.08125
0 0.43203125 0.51953125 0.0625 0.1421875
0 0.26953125 0.04140625 0.096875 0.0828125