0 0.671875 0.1921875 0.2140625 0.378125
0 0.5671875 0.840625 0.2484375 0.303125
0 0.3515625 0.3296875 0.1703125 0.303125
0 0.3125 0.75625 0.1921875 0.2875
0 0.33671875 0.928125 0.128125 0.1328125
0 0.35390625 0.08203125 0.1328125 0.1640625
0 0.92890625 0.90625 0.0703125 0.0765625
0 0.77265625 0.39765625 0.1015625 0.184375
0 0.0140625 0.41953125 0.028125 0.121875
0 0.02265625 0.871875 0.0453125 0.1265625
0 0.10625 0.95625 0.0765625 0.084375
0 0.8140625 0.4796875 0.0734375 0.0984375
0 0.2 0.96875 0.0859375 0.05625
0 0.96171875 0.40625 0.0671875 0.046875
0 0.49140625 0.596875 0.0890625 0.11875
0 0.85390625 0.625 0.0703125 0.1140625
0 0.7359375 0.62265625 0.1265625 0.1515625
0 0.10625 0.615625 0.1046875 0.0984375
0 0.44921875 0.23984375 0.1 0.2078125
0 0.83828125 0.65234375 0.0828125 0.1296875
0 0.18359375 0.578125 0.0734375 0.0828125
0 0.79765625 0.45625 0.084375 0.1484375