1 0.19453125 0.3046875 0.190625 0.2640625
0 0.4140625 0.40859375 0.215625 0.23125
0 0.65234375 0.63515625 0.2453125 0.28125
0 0.58671875 0.2625 0.225 0.4453125
1 0.0484375 0.2640625 0.096875 0.2296875
0 0.38046875 0.728125 0.1171875 0.10625
0 0.81484375 0.38671875 0.34375 0.35625
0 0.4875 0.6734375 0.15625 0.296875
0 0.190625 0.8984375 0.253125 0.203125
0 0.3375 0.959375 0.234375 0.08125
0 0.1421875 0.56796875 0.1234375 0.1484375
0 0.2546875 0.725 0.165625 0.1171875
0 0.41484375 0.859375 0.2046875 0.1703125
1 0.06640625 0.52265625 0.1328125 0.2171875
0 0.2484375 0.44296875 0.140625 0.1546875
0 0.32890625 0.54453125 0.1109375 0.1984375