0 0.37265625 0.85390625 0.2265625 0.2640625
0 0.65234375 0.1625 0.1796875 0.2640625
0 0.503125 0.70625 0.2078125 0.165625
0 0.690625 0.45625 0.16875 0.25625
0 0.26484375 0.690625 0.2375 0.1546875
0 0.48828125 0.2296875 0.1703125 0.2125
1 0.17734375 0.30625 0.2828125 0.1890625
1 0.32578125 0.55390625 0.13125 0.1
0 0.5015625 0.5609375 0.2015625 0.1171875
1 0.4796875 0.43984375 0.1734375 0.0828125
0 0.29296875 0.44921875 0.115625 0.13125
0 0.36953125 0.29609375 0.1125 0.1546875
1 0.2046875 0.4171875 0.1546875 0.13125
1 0.85859375 0.2640625 0.2375 0.2078125