0 0.5546875 0.0578125 0.1265625 0.115625
0 0.07890625 0.7421875 0.15625 0.215625
0 0.1890625 0.846875 0.1265625 0.30625
0 0.71015625 0.26484375 0.159375 0.121875
1 0.3390625 0.2203125 0.11875 0.228125
0 0.55390625 0.19609375 0.15 0.1390625
0 0.6875 0.38671875 0.15 0.115625
0 0.65859375 0.1125 0.128125 0.225
0 0.9265625 0.70546875 0.146875 0.1875
0 0.6953125 0.82578125 0.1109375 0.26875
0 0.72890625 0.53203125 0.1125 0.20625
0 0.36640625 0.809375 0.1140625 0.2515625
0 0.43828125 0.7328125 0.0921875 0.178125
0 0.13046875 0.5203125 0.190625 0.284375
1 0.846875 0.55390625 0.134375 0.234375
0 0.825 0.82578125 0.1171875 0.2515625
0 0.4 0.50703125 0.0828125 0.2203125
0 0.48984375 0.47890625 0.115625 0.1359375
0 0.52734375 0.3125 0.1328125 0.14375
1 0.44375 0.928125 0.078125 0.14375
0 0.63359375 0.48203125 0.0921875 0.1046875
0 0.62109375 0.57421875 0.08125 0.1171875
0 0.29140625 0.471875 0.1375 0.321875
0 0.5375 0.7640625 0.109375 0.09375
1 0.52265625 0.884375 0.0953125 0.1234375
0 0.5234375 0.884375 0.096875 0.121875