0 0.8234375 0.1234375 0.3234375 0.23125
0 0.54375 0.1265625 0.21875 0.2375
0 0.37734375 0.8 0.1875 0.3578125
0 0.56875 0.4171875 0.11875 0.1984375
0 0.40546875 0.240625 0.278125 0.1609375
0 0.48125 0.575 0.2234375 0.1140625
0 0.74765625 0.39375 0.2921875 0.3046875
0 0.2484375 0.578125 0.221875 0.1171875
1 0.5734375 0.6703125 0.128125 0.146875
0 0.43828125 0.48203125 0.1171875 0.0921875
0 0.3109375 0.4703125 0.1484375 0.0859375
0 0.24375 0.49140625 0.1015625 0.109375
0 0.3265625 0.28984375 0.0734375 0.1171875
0 0.221875 0.29296875 0.14375 0.1234375
0 0.25859375 0.36875 0.1234375 0.075
1 0.0796875 0.34375 0.096875 0.1
1 0.15546875 0.45703125 0.0859375 0.1265625
1 0.190625 0.3390625 0.075 0.071875