1 0.20546875 0.65078125 0.3453125 0.371875
0 0.3015625 0.31796875 0.2671875 0.309375
0 0.77734375 0.77421875 0.1921875 0.3671875
0 0.48671875 0.23125 0.16875 0.3265625
0 0.7453125 0.14453125 0.1765625 0.2578125
0 0.91328125 0.8109375 0.1734375 0.35625
0 0.89765625 0.5265625 0.2046875 0.2109375
0 0.9078125 0.3578125 0.184375 0.171875
0 0.46484375 0.67265625 0.2140625 0.4234375
0 0.68671875 0.578125 0.1609375 0.1484375
0 0.56328125 0.53984375 0.1296875 0.2046875
0 0.634375 0.25703125 0.14375 0.1265625
0 0.76953125 0.40703125 0.115625 0.2703125
0 0.65078125 0.08984375 0.0703125 0.1453125