0 0.4296875 0.22734375 0.196875 0.4421875
0 0.4328125 0.8171875 0.23125 0.365625
0 0.8359375 0.86953125 0.228125 0.2609375
0 0.959375 0.2953125 0.08125 0.5171875
0 0.60390625 0.42890625 0.1265625 0.20625
0 0.875 0.6390625 0.1328125 0.1953125
0 0.57578125 0.66796875 0.1453125 0.2203125
0 0.56484375 0.27265625 0.071875 0.10625
0 0.28671875 0.24296875 0.0875 0.1375
0 0.31875 0.09921875 0.0953125 0.1875
0 0.35546875 0.60703125 0.0921875 0.146875
0 0.26796875 0.8171875 0.1 0.203125
0 0.559375 0.04375 0.0953125 0.0796875
0 0.16796875 0.85859375 0.1078125 0.2015625
0 0.5015625 0.5 0.0890625 0.1359375
0 0.03515625 0.93515625 0.0703125 0.1296875
0 0.9765625 0.771875 0.0390625 0.16875
0 0.11640625 0.50390625 0.2328125 0.2703125
0 0.79453125 0.21875 0.153125 0.3140625
0 0.7328125 0.63984375 0.0734375 0.1375
0 0.6640625 0.6796875 0.0875 0.140625
0 0.6453125 0.03203125 0.096875 0.05625
0 0.7 0.48828125 0.075 0.090625