1 0.853125 0.13203125 0.2265625 0.240625
0 0.2875 0.54609375 0.171875 0.2734375
0 0.734375 0.634375 0.253125 0.171875
0 0.38828125 0.29453125 0.171875 0.2078125
0 0.84296875 0.36796875 0.2484375 0.18125
0 0.70546875 0.84765625 0.2046875 0.259375
0 0.52578125 0.64375 0.1234375 0.0921875
0 0.25625 0.228125 0.196875 0.2453125
0 0.6515625 0.221875 0.1625 0.2484375
0 0.12109375 0.50546875 0.1671875 0.278125
0 0.69765625 0.43046875 0.13125 0.1203125
0 0.6109375 0.5546875 0.090625 0.121875
1 0.0859375 0.34765625 0.171875 0.1921875
0 0.5328125 0.81640625 0.2 0.1953125
1 0.42734375 0.803125 0.0953125 0.134375