1 0.6078125 0.43984375 0.21875 0.1625
0 0.87109375 0.6375 0.2578125 0.1984375
0 0.5515625 0.81640625 0.159375 0.2046875
1 0.31875 0.890625 0.228125 0.190625
1 0.37109375 0.39921875 0.171875 0.15
1 0.0875 0.77890625 0.165625 0.165625
1 0.35078125 0.51484375 0.1265625 0.0921875
1 0.86875 0.83046875 0.153125 0.1671875
0 0.48828125 0.7484375 0.0984375 0.115625
1 0.63515625 0.22109375 0.18125 0.140625
0 0.5765625 0.5625 0.1078125 0.096875
0 0.56171875 0.33828125 0.1125 0.0859375
1 0.69140625 0.79453125 0.1546875 0.15
1 0.68671875 0.08671875 0.271875 0.1734375
0 0.42734375 0.12734375 0.253125 0.2546875
1 0.11875 0.93515625 0.1734375 0.1265625
0 0.54765625 0.6421875 0.0734375 0.0984375
1 0.62578125 0.08828125 0.1453125 0.175