0 0.41875 0.246875 0.1796875 0.3015625
0 0.259375 0.4515625 0.2296875 0.209375
0 0.55703125 0.7484375 0.26875 0.4015625
0 0.84453125 0.09375 0.134375 0.1234375
0 0.77734375 0.59765625 0.18125 0.20625
0 0.11796875 0.90546875 0.1359375 0.1890625
0 0.2578125 0.61796875 0.1765625 0.1671875
0 0.50546875 0.9078125 0.1203125 0.1390625
0 0.01484375 0.78203125 0.0296875 0.2046875
0 0.4140625 0.06953125 0.1703125 0.1109375
0 0.07421875 0.97109375 0.1484375 0.0578125
0 0.403125 0.69453125 0.1515625 0.2140625
0 0.815625 0.40625 0.171875 0.1671875
0 0.68984375 0.1953125 0.1859375 0.184375
0 0.3703125 0.9875 0.08125 0.025
0 0.9734375 0.07109375 0.0515625 0.0640625
0 0.41015625 0.5328125 0.078125 0.11875
0 0.14453125 0.23828125 0.0921875 0.178125
0 0.75 0.8640625 0.1515625 0.1796875
0 0.2890625 0.309375 0.146875 0.159375