0 0.15390625 0.61953125 0.225 0.1984375
0 0.79140625 0.58671875 0.2375 0.15625
0 0.20625 0.43359375 0.2015625 0.1671875
0 0.6515625 0.859375 0.1671875 0.2203125
0 0.41796875 0.23515625 0.2015625 0.109375
0 0.6265625 0.48359375 0.153125 0.1453125
0 0.51484375 0.69375 0.1859375 0.2390625
0 0.35234375 0.60546875 0.171875 0.1578125
1 0.40390625 0.48515625 0.1578125 0.059375
1 0.20625 0.11953125 0.1671875 0.1859375
1 0.85234375 0.79296875 0.2390625 0.2234375
0 0.52734375 0.39609375 0.165625 0.0625
0 0.34140625 0.4171875 0.0625 0.1125
1 0.3328125 0.12265625 0.115625 0.1359375
0 0.51875 0.28046875 0.0890625 0.1359375