0 0.5265625 0.13125 0.3125 0.2625
0 0.78046875 0.53515625 0.3078125 0.2703125
0 0.46796875 0.74140625 0.3390625 0.271875
1 0.66484375 0.85078125 0.225 0.26875
0 0.19296875 0.5546875 0.2453125 0.184375
0 0.634375 0.30859375 0.303125 0.1734375
1 0.146875 0.384375 0.2625 0.1828125
0 0.42734375 0.59609375 0.134375 0.25
0 0.35390625 0.278125 0.2796875 0.121875
0 0.434375 0.3953125 0.125 0.078125
1 0.88046875 0.81953125 0.2390625 0.31875
1 0.2984375 0.38515625 0.134375 0.109375
0 0.55078125 0.40546875 0.1390625 0.090625
1 0.35078125 0.5359375 0.1046875 0.14375