0 0.51640625 0.32578125 0.19375 0.3234375
0 0.08203125 0.16171875 0.1515625 0.309375
0 0.815625 0.61015625 0.3171875 0.359375
0 0.17265625 0.75234375 0.2484375 0.29375
0 0.31171875 0.2046875 0.1984375 0.384375
0 0.88203125 0.09765625 0.234375 0.1453125
0 0.07578125 0.56328125 0.1515625 0.1875
0 0.725 0.26875 0.1578125 0.2703125
0 0.41015625 0.4359375 0.0921875 0.15625
0 0.409375 0.61015625 0.09375 0.171875
0 0.48046875 0.778125 0.2140625 0.3515625
0 0.23671875 0.4 0.0671875 0.121875
0 0.1859375 0.35703125 0.0546875 0.090625
0 0.60625 0.5140625 0.06875 0.0921875
0 0.34140625 0.60625 0.0703125 0.1265625
0 0.63984375 0.92890625 0.0859375 0.08125
0 0.39921875 0.0453125 0.18125 0.0671875
0 0.68125 0.05390625 0.1359375 0.065625