0 0.3796875 0.14765625 0.153125 0.2921875
0 0.8796875 0.37578125 0.240625 0.178125
0 0.1609375 0.18359375 0.3140625 0.2609375
0 0.86484375 0.16796875 0.1703125 0.2609375
0 0.68828125 0.203125 0.18125 0.240625
0 0.29375 0.40625 0.1828125 0.2203125
0 0.73046875 0.5265625 0.146875 0.1625
0 0.496875 0.278125 0.128125 0.1828125
0 0.73203125 0.71328125 0.15 0.2125
0 0.4265625 0.48046875 0.1046875 0.1875
0 0.59921875 0.66015625 0.1296875 0.1640625
0 0.5484375 0.81015625 0.134375 0.2015625
0 0.51640625 0.67109375 0.096875 0.09375
0 0.56875 0.5515625 0.096875 0.06875
0 0.65 0.48515625 0.075 0.115625
1 0.65859375 0.8796875 0.0796875 0.19375
0 0.72109375 0.4546875 0.084375 0.103125
0 0.59296875 0.35390625 0.075 0.1828125
0 0.62890625 0.32578125 0.15 0.175
0 0.61015625 0.33984375 0.1078125 0.1984375