0 0.675 0.859375 0.3125 0.2734375
0 0.4125 0.378125 0.3234375 0.24375
0 0.79921875 0.6359375 0.3171875 0.2515625
0 0.1125 0.49140625 0.225 0.2234375
0 0.25390625 0.1875 0.1796875 0.2890625
0 0.196875 0.62890625 0.1296875 0.203125
0 0.6 0.609375 0.1171875 0.215625
0 0.23984375 0.8390625 0.1140625 0.2
0 0.1046875 0.81875 0.209375 0.225
0 0.42890625 0.83515625 0.1875 0.2296875
0 0.47421875 0.6375 0.0640625 0.121875
0 0.2984375 0.75546875 0.08125 0.109375
1 0.4140625 0.60546875 0.0484375 0.178125
0 0.08984375 0.25 0.1796875 0.1671875
1 0.28984375 0.91015625 0.1328125 0.175
1 0.1109375 0.11171875 0.14375 0.2234375
0 0.35390625 0.62265625 0.1046875 0.184375