0 0.1375 0.34453125 0.275 0.2765625
0 0.25078125 0.54453125 0.2515625 0.2953125
0 0.7203125 0.86328125 0.2078125 0.265625
0 0.72734375 0.32578125 0.2578125 0.2265625
0 0.79765625 0.653125 0.296875 0.1984375
0 0.325 0.1890625 0.2125 0.3546875
0 0.5625 0.796875 0.2125 0.315625
0 0.4859375 0.346875 0.15 0.1859375
0 0.42578125 0.56484375 0.1453125 0.24375
0 0.6390625 0.50625 0.1140625 0.146875
0 0.5671875 0.35859375 0.1 0.1375
0 0.6375 0.209375 0.084375 0.1328125
0 0.37578125 0.31328125 0.103125 0.1578125
1 0.73125 0.18671875 0.09375 0.13125
1 0.39296875 0.721875 0.1375 0.14375