0 0.5734375 0.88046875 0.178125 0.0984375
0 0.94296875 0.83515625 0.1140625 0.2578125
0 0.7609375 0.88984375 0.146875 0.140625
0 0.82890625 0.503125 0.1890625 0.0546875
0 0.52578125 0.02109375 0.109375 0.0421875
0 0.1984375 0.2125 0.2 0.1109375
0 0.85625 0.59921875 0.2796875 0.1109375
0 0.1234375 0.66484375 0.1453125 0.0625
0 0.29296875 0.1078125 0.128125 0.0921875
0 0.2 0.5109375 0.3390625 0.1140625
0 0.3359375 0.021875 0.078125 0.04375
0 0.50078125 0.2296875 0.2015625 0.0625
0 0.80859375 0.4203125 0.1328125 0.0546875
0 0.16015625 0.3953125 0.2515625 0.128125
0 0.078125 0.609375 0.096875 0.084375
0 0.5078125 0.2796875 0.103125 0.0640625
0 0.4234375 0.32421875 0.10625 0.0578125
0 0.74140625 0.7109375 0.0984375 0.059375
0 0.38984375 0.70546875 0.0890625 0.053125
0 0.35703125 0.09609375 0.0984375 0.0609375
0 0.8984375 0.40234375 0.08125 0.0625
0 0.8078125 0.12734375 0.15625 0.0640625
0 0.34921875 0.36796875 0.1234375 0.0640625
0 0.94609375 0.46875 0.0796875 0.0625
0 0.14296875 0.76484375 0.0875 0.059375
0 0.8296875 0.21015625 0.08125 0.075
0 0.25625 0.6140625 0.1546875 0.05625
0 0.65625 0.1453125 0.09375 0.065625
0 0.49921875 0.29921875 0.1328125 0.059375