0 0.07578125 0.8375 0.1515625 0.325
0 0.453125 0.4 0.1984375 0.3671875
0 0.26484375 0.1859375 0.2421875 0.3625
0 0.4375 0.12734375 0.1390625 0.23125
0 0.72109375 0.83203125 0.3859375 0.3
0 0.3640625 0.865625 0.2359375 0.26875
0 0.540625 0.921875 0.19375 0.15625
0 0.7015625 0.33515625 0.1578125 0.128125
0 0.046875 0.56328125 0.09375 0.1703125
0 0.01015625 0.16796875 0.0203125 0.2078125
0 0.184375 0.59375 0.0703125 0.10625
0 0.30625 0.68828125 0.0828125 0.0984375
0 0.19453125 0.69609375 0.1515625 0.1703125
0 0.95390625 0.1 0.0921875 0.1453125
0 0.1015625 0.4 0.1125 0.159375
0 0.65625 0.515625 0.2546875 0.184375
0 0.24609375 0.490625 0.0859375 0.1109375
0 0.64296875 0.04609375 0.0734375 0.05625