0 0.66484375 0.27734375 0.3765625 0.140625
0 0.20390625 0.33203125 0.1640625 0.0703125
0 0.12265625 0.4515625 0.2453125 0.115625
0 0.375 0.22578125 0.078125 0.078125
0 0.153125 0.24296875 0.134375 0.08125
0 0.27890625 0.1359375 0.1140625 0.065625
0 0.18359375 0.075 0.1671875 0.0609375
0 0.34921875 0.875 0.125 0.15
0 0.60703125 0.75546875 0.2515625 0.184375
0 0.23671875 0.734375 0.246875 0.30625
0 0.48984375 0.19296875 0.1625 0.0734375
0 0.365625 0.30390625 0.103125 0.071875
0 0.66953125 0.44921875 0.1515625 0.1296875
0 0.53359375 0.059375 0.0921875 0.06875
0 0.91640625 0.05390625 0.103125 0.084375
0 0.32265625 0.159375 0.1046875 0.06875
0 0.67109375 0.88984375 0.109375 0.1265625
0 0.50234375 0.56171875 0.1515625 0.1328125
0 0.884375 0.49375 0.1640625 0.2125
0 0.8921875 0.70625 0.10625 0.15
0 0.85390625 0.02109375 0.0546875 0.0421875
0 0.628125 0.03828125 0.2234375 0.0765625
0 0.86484375 0.8453125 0.13125 0.084375
0 0.05625 0.72265625 0.1125 0.2765625