0 0.65078125 0.2828125 0.109375 0.08125
0 0.3578125 0.83984375 0.1203125 0.065625
0 0.41875 0.24609375 0.0890625 0.065625
0 0.20703125 0.94375 0.1296875 0.10625
0 0.134375 0.76328125 0.090625 0.109375
0 0.57265625 0.85234375 0.0734375 0.125
0 0.28984375 0.2953125 0.1296875 0.0484375
0 0.609375 0.18125 0.0859375 0.0859375
0 0.18984375 0.03984375 0.096875 0.0734375
0 0.41015625 0.3328125 0.125 0.0765625
0 0.2109375 0.2296875 0.1359375 0.0421875
0 0.14375 0.390625 0.103125 0.075
0 0.6453125 0.59609375 0.1625 0.0640625
0 0.12578125 0.5140625 0.1828125 0.121875
0 0.70234375 0.68984375 0.153125 0.053125
0 0.66875 0.82734375 0.0703125 0.1140625
0 0.5546875 0.4578125 0.121875 0.0578125
0 0.3296875 0.58125 0.13125 0.0625
0 0.8578125 0.79296875 0.146875 0.05625
0 0.47109375 0.18515625 0.128125 0.0359375
0 0.25625 0.37890625 0.103125 0.0828125
0 0.4890625 0.1203125 0.0640625 0.0484375
0 0.19921875 0.71171875 0.11875 0.1046875
0 0.93984375 0.30390625 0.1171875 0.096875
0 0.8328125 0.9140625 0.071875 0.0625
0 0.93671875 0.2 0.1140625 0.071875
0 0.778125 0.140625 0.0859375 0.0703125
0 0.86328125 0.74296875 0.0921875 0.0453125
0 0.29921875 0.51328125 0.071875 0.0796875
0 0.20234375 0.79609375 0.0578125 0.0703125
0 0.88671875 0.51875 0.071875 0.1046875
0 0.89375 0.25390625 0.05 0.0578125
0 0.425 0.0578125 0.0453125 0.0515625
0 0.571875 0.07421875 0.0703125 0.05625
0 0.346875 0.2046875 0.0515625 0.04375
0 0.54921875 0.71796875 0.1140625 0.0484375
0 0.978125 0.70859375 0.0421875 0.121875
0 0.91484375 0.840625 0.0578125 0.0734375
0 0.56171875 0.0953125 0.0625 0.065625
0 0.903125 0.0390625 0.1765625 0.0765625
0 0.44609375 0.7703125 0.0609375 0.096875
0 0.2796875 0.46015625 0.11875 0.04375
0 0.18203125 0.28125 0.05 0.065625
0 0.028125 0.321875 0.05625 0.05625
0 0.97578125 0.4328125 0.0484375 0.05625
0 0.78671875 0.4953125 0.078125 0.05625
0 0.26015625 0.25 0.1859375 0.0890625
0 0.121875 0.30390625 0.0765625 0.0484375
0 0.09140625 0.2109375 0.09375 0.04375
0 0.02421875 0.4078125 0.0484375 0.065625
0 0.3109375 0.384375 0.0953125 0.0859375
0 0.02109375 0.14609375 0.0421875 0.071875
0 0.359375 0.734375 0.1015625 0.075
0 0.49609375 0.02109375 0.071875 0.040625
0 0.7640625 0.6140625 0.075 0.0453125
0 0.88828125 0.43984375 0.0984375 0.05625
0 0.94375 0.59375 0.10625 0.0640625
0 0.29140625 0.48125 0.0984375 0.0796875