0 0.10703125 0.15546875 0.2140625 0.13125
0 0.34296875 0.32890625 0.2015625 0.1875
0 0.54609375 0.53984375 0.24375 0.1421875
0 0.215625 0.5671875 0.2484375 0.1671875
0 0.603125 0.33046875 0.3546875 0.1640625
0 0.89296875 0.14375 0.140625 0.1265625
0 0.1734375 0.05078125 0.2046875 0.0890625
0 0.884375 0.959375 0.096875 0.0765625
0 0.49453125 0.0984375 0.13125 0.096875
0 0.7328125 0.96640625 0.0890625 0.0671875
0 0.27421875 0.86875 0.1109375 0.0671875
1 0.76328125 0.2640625 0.3140625 0.11875
0 0.0453125 0.4234375 0.090625 0.0875
0 0.03828125 0.90859375 0.0375 0.05625
0 0.8265625 0.5453125 0.1 0.0625
0 0.846875 0.4375 0.10625 0.075
0 0.15390625 0.38125 0.2125 0.109375
0 0.5328125 0.8296875 0.05625 0.0484375
0 0.765625 0.8703125 0.096875 0.0625
0 0.603125 0.92734375 0.0734375 0.075
0 0.58125 0.81640625 0.0453125 0.08125
0 0.08984375 0.9046875 0.0359375 0.053125
0 0.3359375 0.82890625 0.0796875 0.0609375
0 0.78359375 0.746875 0.0953125 0.0546875
0 0.68125 0.81953125 0.028125 0.078125
0 0.38828125 0.12109375 0.1515625 0.0484375
0 0.509375 0.74765625 0.0859375 0.05
0 0.68984375 0.7140625 0.08125 0.0375
0 0.95859375 0.66953125 0.0625 0.0625
0 0.378125 0.2015625 0.1078125 0.065625
0 0.921875 0.86015625 0.10625 0.071875
0 0.31875 0.04296875 0.0859375 0.05