0 0.57578125 0.10390625 0.3359375 0.14375
0 0.36015625 0.88359375 0.2125 0.2328125
0 0.41640625 0.278125 0.334375 0.1359375
0 0.9109375 0.86640625 0.178125 0.196875
0 0.6828125 0.34921875 0.2109375 0.1140625
0 0.19609375 0.63046875 0.275 0.1609375
0 0.08984375 0.21171875 0.1796875 0.1515625
0 0.44609375 0.37265625 0.196875 0.0859375
0 0.49765625 0.58984375 0.1546875 0.121875
0 0.85 0.64453125 0.1875 0.115625
0 0.5359375 0.72578125 0.2359375 0.1578125
0 0.6984375 0.58046875 0.121875 0.0765625
0 0.7125 0.2375 0.1390625 0.071875
0 0.28515625 0.740625 0.1859375 0.1890625
0 0.75703125 0.4703125 0.140625 0.0625
0 0.15078125 0.03203125 0.2171875 0.0640625
0 0.0984375 0.559375 0.196875 0.296875
0 0.03828125 0.04140625 0.0765625 0.0828125
0 0.296875 0.05 0.1421875 0.0984375
0 0.3328125 0.19609375 0.1578125 0.0578125
0 0.94921875 0.4734375 0.1015625 0.071875
0 0.97890625 0.38203125 0.0421875 0.1140625
0 0.23046875 0.1296875 0.08125 0.0515625
0 0.9421875 0.55 0.115625 0.0984375