0 0.18515625 0.28984375 0.1796875 0.2796875
0 0.80625 0.81171875 0.24375 0.15625
0 0.58125 0.28203125 0.2140625 0.165625
0 0.22109375 0.62109375 0.1890625 0.1765625
0 0.50546875 0.73828125 0.2140625 0.146875
0 0.79375 0.425 0.2109375 0.1828125
0 0.7015625 0.15078125 0.1890625 0.20625
0 0.075 0.43125 0.15 0.1828125
0 0.3796875 0.3671875 0.1609375 0.178125
0 0.58203125 0.890625 0.20625 0.20625
0 0.37890625 0.67578125 0.140625 0.1765625
0 0.4203125 0.459375 0.08125 0.153125
0 0.56484375 0.371875 0.1453125 0.0859375
0 0.9 0.2875 0.1890625 0.15
0 0.7390625 0.65859375 0.2171875 0.1515625
0 0.75625 0.9375 0.2234375 0.125
0 0.71875 0.50234375 0.115625 0.1109375
0 0.3 0.49609375 0.14375 0.165625
0 0.5609375 0.44375 0.1171875 0.0828125
1 0.88125 0.1515625 0.184375 0.15625
0 0.48671875 0.6125 0.1171875 0.125
0 0.88046875 0.15234375 0.1828125 0.159375
0 0.128125 0.55625 0.1609375 0.1984375