0 0.3171875 0.46640625 0.1875 0.1375
0 0.60234375 0.23515625 0.1375 0.125
0 0.36484375 0.2265625 0.2078125 0.1015625
0 0.571875 0.3515625 0.1453125 0.05625
0 0.47109375 0.71875 0.05625 0.0453125
0 0.38203125 0.77109375 0.05 0.046875
0 0.69296875 0.1328125 0.14375 0.0640625
0 0.6890625 0.5390625 0.3203125 0.1796875
0 0.13359375 0.38046875 0.0921875 0.08125
0 0.59921875 0.0359375 0.09375 0.0421875
0 0.40703125 0.671875 0.0578125 0.0484375
0 0.60234375 0.709375 0.0828125 0.075
0 0.67578125 0.67265625 0.08125 0.0421875
0 0.66875 0.7671875 0.0796875 0.115625
0 0.43671875 0.60234375 0.059375 0.059375
0 0.92890625 0.45859375 0.1421875 0.0828125
0 0.89140625 0.390625 0.0984375 0.05625
0 0.10234375 0.28515625 0.159375 0.0390625
0 0.35859375 0.3171875 0.146875 0.0453125
0 0.02421875 0.46171875 0.0484375 0.075
0 0.59609375 0.984375 0.0515625 0.03125
0 0.7265625 0.03203125 0.1328125 0.0421875
0 0.746875 0.51171875 0.2203125 0.0984375
0 0.3609375 0.859375 0.053125 0.0484375
0 0.671875 0.66640625 0.0921875 0.0515625
0 0.09140625 0.1375 0.071875 0.0390625
0 0.58515625 0.775 0.0453125 0.0546875
0 0.97421875 0.83828125 0.0515625 0.1359375
0 0.709375 0.796875 0.128125 0.184375
0 0.4875 0.65546875 0.040625 0.0484375
0 0.53203125 0.6515625 0.065625 0.0375
0 0.45078125 0.13125 0.1578125 0.046875