0 0.734375 0.9171875 0.1234375 0.05
0 0.58515625 0.51484375 0.15625 0.0515625
0 0.81015625 0.44375 0.103125 0.05625
0 0.0640625 0.91484375 0.121875 0.1234375
0 0.1640625 0.7671875 0.2109375 0.121875
0 0.278125 0.73671875 0.15 0.071875
0 0.603125 0.89296875 0.1359375 0.08125
0 0.34296875 0.87734375 0.1296875 0.1796875
0 0.09609375 0.48515625 0.1921875 0.096875
0 0.71328125 0.3703125 0.1109375 0.053125
0 0.125 0.3640625 0.153125 0.1
0 0.58515625 0.8046875 0.1203125 0.0640625
0 0.615625 0.68203125 0.1046875 0.0421875
0 0.6828125 0.8453125 0.09375 0.065625
0 0.3109375 0.59765625 0.0890625 0.0796875
0 0.3578125 0.5421875 0.121875 0.0546875
0 0.6609375 0.7578125 0.125 0.071875
0 0.04375 0.15703125 0.0875 0.1359375
0 0.7734375 0.7546875 0.0671875 0.059375
0 0.5703125 0.32109375 0.0953125 0.0578125
0 0.5828125 0.5671875 0.0828125 0.0578125
0 0.46796875 0.0703125 0.0546875 0.053125
0 0.440625 0.41328125 0.053125 0.0984375
0 0.453125 0.603125 0.0609375 0.065625
0 0.37734375 0.31640625 0.09375 0.0578125
0 0.12265625 0.5890625 0.109375 0.04375
0 0.28515625 0.17578125 0.028125 0.078125
0 0.775 0.60625 0.075 0.0484375
0 0.47109375 0.22109375 0.0859375 0.05625
0 0.95390625 0.0734375 0.0921875 0.0328125
0 0.015625 0.76484375 0.03125 0.0796875
0 0.45390625 0.5078125 0.10625 0.0359375
0 0.903125 0.471875 0.0859375 0.0453125
0 0.41171875 0.69375 0.071875 0.0734375
0 0.5046875 0.65234375 0.10625 0.046875
0 0.7171875 0.5109375 0.0703125 0.0578125
0 0.33203125 0.55859375 0.1140625 0.1
0 0.5671875 0.0359375 0.03125 0.071875
0 0.809375 0.384375 0.0578125 0.05
0 0.759375 0.284375 0.0625 0.0609375
0 0.1078125 0.034375 0.1296875 0.0640625
0 0.75625 0.23984375 0.0828125 0.04375
0 0.19296875 0.59765625 0.0765625 0.06875
0 0.896875 0.021875 0.096875 0.0390625
0 0.55390625 0.09609375 0.05 0.0828125
0 0.240625 0.35625 0.1046875 0.034375
0 0.32421875 0.97890625 0.103125 0.0421875
0 0.1046875 0.22734375 0.121875 0.0453125