0 0.10625 0.59375 0.1921875 0.15625
0 0.19609375 0.44609375 0.1609375 0.196875
0 0.590625 0.23984375 0.209375 0.165625
0 0.71484375 0.4640625 0.13125 0.0984375
0 0.76953125 0.57734375 0.1078125 0.1515625
0 0.24375 0.68046875 0.1203125 0.2359375
0 0.87890625 0.2796875 0.175 0.1796875
0 0.8390625 0.8875 0.140625 0.19375
0 0.69609375 0.86015625 0.159375 0.165625
0 0.43828125 0.315625 0.1078125 0.146875
0 0.4046875 0.66328125 0.1625 0.178125
0 0.3703125 0.46796875 0.1140625 0.146875
1 0.90625 0.1109375 0.15625 0.171875
0 0.75234375 0.10859375 0.1453125 0.19375
0 0.85390625 0.7203125 0.15625 0.1453125
0 0.52890625 0.3734375 0.125 0.11875
0 0.46171875 0.52578125 0.078125 0.1578125
0 0.58828125 0.7109375 0.178125 0.125
0 0.303125 0.37109375 0.1375 0.14375
0 0.5796875 0.59765625 0.1234375 0.0671875
0 0.76015625 0.684375 0.053125 0.0734375
0 0.66875 0.5578125 0.05 0.0640625
0 0.70390625 0.73515625 0.065625 0.0546875
0 0.71875 0.7734375 0.09375 0.04375
0 0.7625 0.36640625 0.1234375 0.1015625
0 0.65859375 0.51484375 0.059375 0.040625