0 0.38046875 0.2296875 0.19375 0.4234375
1 0.16484375 0.27109375 0.2859375 0.3265625
0 0.6515625 0.56328125 0.0921875 0.1859375
1 0.6875 0.7078125 0.178125 0.165625
0 0.78984375 0.58125 0.1640625 0.29375
1 0.584375 0.90703125 0.128125 0.1859375
0 0.709375 0.24140625 0.146875 0.3515625
1 0.2859375 0.61171875 0.25625 0.4
0 0.43046875 0.6234375 0.15625 0.3140625
0 0.46484375 0.346875 0.0953125 0.228125
1 0.871875 0.37578125 0.25625 0.3
1 0.53984375 0.61484375 0.0828125 0.1796875
1 0.71171875 0.9125 0.153125 0.175
1 0.515625 0.725 0.1140625 0.1375