0 0.5578125 0.16875 0.1859375 0.3015625
0 0.63515625 0.8265625 0.203125 0.2671875
1 0.34609375 0.17734375 0.190625 0.23125
0 0.59140625 0.35078125 0.19375 0.0625
0 0.70546875 0.63515625 0.2359375 0.0859375
1 0.41875 0.52109375 0.1171875 0.2
0 0.31171875 0.55625 0.121875 0.15625
1 0.11171875 0.503125 0.171875 0.1328125
1 0.66953125 0.471875 0.1 0.228125
1 0.87890625 0.50078125 0.1984375 0.1234375
0 0.51328125 0.7390625 0.1421875 0.1984375
1 0.41171875 0.35546875 0.1875 0.10625
1 0.8328125 0.38046875 0.14375 0.153125