0 0.4 0.25234375 0.1734375 0.0921875
0 0.87265625 0.165625 0.1890625 0.115625
0 0.309375 0.765625 0.1046875 0.1171875
0 0.47265625 0.77890625 0.153125 0.071875
0 0.70859375 0.25 0.3328125 0.16875
0 0.1796875 0.21796875 0.190625 0.090625
0 0.5203125 0.05703125 0.19375 0.096875
0 0.05625 0.04765625 0.1125 0.0796875
0 0.415625 0.8828125 0.11875 0.0796875
0 0.8640625 0.38984375 0.0890625 0.0859375
0 0.58828125 0.71875 0.1671875 0.0890625
0 0.5578125 0.45859375 0.2 0.184375
0 0.47578125 0.525 0.1796875 0.0875
0 0.28125 0.38984375 0.1390625 0.08125
0 0.8890625 0.65703125 0.221875 0.3703125
0 0.2328125 0.059375 0.175 0.065625
0 0.96640625 0.27265625 0.0671875 0.0578125
0 0.42734375 0.62890625 0.1140625 0.084375
0 0.32265625 0.1359375 0.09375 0.0609375
0 0.5484375 0.8484375 0.153125 0.10625
0 0.7640625 0.9625 0.1375 0.075
0 0.953125 0.39453125 0.09375 0.0609375
0 0.465625 0.9484375 0.0828125 0.103125
0 0.18125 0.54140625 0.165625 0.11875
0 0.2703125 0.90703125 0.05625 0.1203125
0 0.10703125 0.453125 0.1890625 0.090625
0 0.94609375 0.04765625 0.10625 0.0640625
0 0.5796875 0.63125 0.09375 0.0578125
0 0.1453125 0.33046875 0.2515625 0.1296875
0 0.16796875 0.64375 0.109375 0.0546875
0 0.9125 0.9703125 0.175 0.059375
0 0.65703125 0.9234375 0.11875 0.065625
0 0.846875 0.053125 0.0875 0.078125
0 0.07578125 0.66953125 0.0703125 0.0890625
0 0.0625 0.86328125 0.1171875 0.2734375
0 0.33203125 0.58984375 0.0953125 0.0921875
0 0.075 0.321875 0.14375 0.075
0 0.7171875 0.10078125 0.084375 0.071875
0 0.89375 0.05078125 0.1671875 0.071875
0 0.69296875 0.44609375 0.1015625 0.1203125