0 0.7234375 0.359375 0.1578125 0.0921875
0 0.703125 0.86796875 0.1578125 0.221875
0 0.1640625 0.315625 0.309375 0.234375
0 0.3453125 0.1640625 0.146875 0.328125
0 0.7125 0.18046875 0.2140625 0.2578125
1 0.9265625 0.21015625 0.146875 0.1453125
0 0.5828125 0.59140625 0.1734375 0.11875
0 0.77734375 0.70234375 0.18125 0.1421875
0 0.5609375 0.740625 0.234375 0.1359375
0 0.57578125 0.32265625 0.13125 0.084375
0 0.32421875 0.5171875 0.1859375 0.309375
0 0.49609375 0.2890625 0.1203125 0.1609375
0 0.73515625 0.540625 0.1328125 0.1671875
0 0.48203125 0.446875 0.090625 0.1390625
0 0.6171875 0.4625 0.1296875 0.1015625