0 0.35234375 0.7796875 0.1453125 0.1375
0 0.39609375 0.11328125 0.2953125 0.2265625
0 0.5046875 0.2015625 0.3171875 0.28125
0 0.128125 0.4 0.0734375 0.121875
0 0.1484375 0.884375 0.128125 0.2171875
0 0.7234375 0.546875 0.2015625 0.1578125
0 0.0625 0.23203125 0.071875 0.1
0 0.1421875 0.209375 0.0703125 0.109375
0 0.0296875 0.02734375 0.059375 0.0546875
0 0.69453125 0.71875 0.2015625 0.1765625
0 0.02890625 0.159375 0.0578125 0.1265625
0 0.0140625 0.3734375 0.028125 0.1734375
0 0.9765625 0.03515625 0.046875 0.0703125
0 0.26171875 0.6484375 0.0984375 0.121875
0 0.42265625 0.90234375 0.1953125 0.1625
0 0.00703125 0.61640625 0.0140625 0.16875
0 0.06875 0.44765625 0.0671875 0.096875
0 0.45546875 0.7046875 0.084375 0.1
0 0.52578125 0.74609375 0.0984375 0.115625
0 0.3453125 0.3703125 0.1265625 0.1734375
0 0.02578125 0.98046875 0.0515625 0.0328125
0 0.05234375 0.82890625 0.1046875 0.10625
0 0.14453125 0.5859375 0.0578125 0.1328125