0 0.359375 0.140625 0.1140625 0.1125
0 0.396875 0.8359375 0.084375 0.1296875
0 0.26015625 0.2046875 0.115625 0.0875
0 0.08671875 0.69375 0.096875 0.0703125
0 0.85078125 0.934375 0.1171875 0.115625
0 0.6359375 0.74921875 0.1 0.06875
0 0.3515625 0.978125 0.090625 0.04375
0 0.78203125 0.98828125 0.1015625 0.0234375
0 0.5875 0.2265625 0.1140625 0.059375
0 0.47109375 0.25625 0.0765625 0.1046875
0 0.7390625 0.79296875 0.115625 0.1203125
0 0.3 0.51796875 0.0625 0.08125
0 0.44296875 0.3953125 0.071875 0.0734375
0 0.496875 0.95 0.09375 0.1
0 0.09375 0.284375 0.0625 0.084375
0 0.58125 0.55703125 0.084375 0.0859375
0 0.2171875 0.77421875 0.096875 0.046875
0 0.3453125 0.91328125 0.0890625 0.059375
0 0.5859375 0.428125 0.078125 0.0796875
0 0.6484375 0.9421875 0.10625 0.0921875
0 0.4796875 0.66015625 0.084375 0.0765625
0 0.490625 0.52578125 0.0734375 0.1015625
0 0.35859375 0.30703125 0.071875 0.0921875
0 0.615625 0.334375 0.1140625 0.059375
0 0.228125 0.61640625 0.05625 0.09375
0 0.365625 0.51171875 0.0671875 0.071875
0 0.03515625 0.3390625 0.0703125 0.0875
0 0.5234375 0.43984375 0.075 0.0734375
0 0.50546875 0.759375 0.071875 0.096875
0 0.2078125 0.70625 0.0890625 0.046875
0 0.5625 0.85234375 0.0953125 0.0609375
0 0.31953125 0.678125 0.0875 0.1
0 0.178125 0.5671875 0.0671875 0.065625
0 0.9125 0.81953125 0.09375 0.04375
0 0.25546875 0.290625 0.0765625 0.0453125
0 0.365625 0.23125 0.0609375 0.053125
0 0.01484375 0.659375 0.0296875 0.075
0 0.65703125 0.165625 0.1125 0.075
0 0.26640625 0.88203125 0.1109375 0.0484375
0 0.48515625 0.16640625 0.0984375 0.071875
0 0.34921875 0.6078125 0.0640625 0.05
0 0.9203125 0.77890625 0.065625 0.065625
0 0.07734375 0.2125 0.0671875 0.071875
0 0.084375 0.584375 0.09375 0.0875
0 0.4171875 0.58515625 0.0609375 0.05625
0 0.76875 0.8765625 0.0796875 0.053125
0 0.0453125 0.5828125 0.05625 0.08125
0 0.2 0.83125 0.06875 0.0875
0 0.03671875 0.23203125 0.0734375 0.053125