0 0.9140625 0.37578125 0.1515625 0.2078125
0 0.8890625 0.1015625 0.221875 0.203125
1 0.73515625 0.5 0.1484375 0.278125
0 0.4921875 0.57890625 0.1453125 0.2328125
0 0.66640625 0.12890625 0.109375 0.1125
0 0.25 0.28359375 0.1640625 0.2578125
0 0.65078125 0.03203125 0.115625 0.0640625
0 0.5859375 0.2234375 0.0875 0.13125
0 0.6765625 0.2 0.078125 0.09375
0 0.39375 0.690625 0.115625 0.228125
0 0.4046875 0.4171875 0.0875 0.09375
0 0.63828125 0.28046875 0.0625 0.0671875
0 0.21484375 0.4453125 0.0828125 0.1015625
0 0.27421875 0.68203125 0.090625 0.0875
0 0.8890625 0.59453125 0.1046875 0.0765625
0 0.11953125 0.5171875 0.071875 0.0765625
0 0.05234375 0.6953125 0.0859375 0.0796875
0 0.8921875 0.525 0.05625 0.0671875
0 0.3375 0.32109375 0.1203125 0.2203125
0 0.16484375 0.70078125 0.0640625 0.096875
0 0.259375 0.57734375 0.0734375 0.1
0 0.8875 0.671875 0.0515625 0.071875
0 0.51328125 0.25859375 0.05625 0.0765625
0 0.84921875 0.70625 0.0609375 0.059375
0 0.77734375 0.24296875 0.0515625 0.0875
0 0.9703125 0.6546875 0.04375 0.071875
0 0.9765625 0.51953125 0.046875 0.0625
0 0.0171875 0.521875 0.034375 0.121875
0 0.725 0.71171875 0.0546875 0.046875
0 0.8921875 0.678125 0.065625 0.08125