1 0.865625 0.8625 0.24375 0.275
0 0.65 0.77421875 0.2328125 0.271875
0 0.315625 0.11875 0.1875 0.221875
0 0.80078125 0.1296875 0.240625 0.2109375
0 0.3 0.38125 0.1859375 0.24375
1 0.13203125 0.209375 0.2640625 0.209375
0 0.7796875 0.51328125 0.184375 0.165625
0 0.48828125 0.17734375 0.15 0.2078125
0 0.578125 0.60625 0.2296875 0.1703125
0 0.63203125 0.2 0.1859375 0.1671875
0 0.86953125 0.646875 0.2421875 0.184375
1 0.88515625 0.421875 0.21875 0.190625
0 0.81953125 0.290625 0.2078125 0.1515625
0 0.50625 0.43515625 0.221875 0.1546875
0 0.7328125 0.35703125 0.1125 0.1