0 0.5328125 0.7109375 0.234375 0.203125
0 0.78984375 0.2328125 0.1484375 0.1125
0 0.28984375 0.6421875 0.2640625 0.328125
0 0.6046875 0.22109375 0.1328125 0.1140625
0 0.47578125 0.40078125 0.1421875 0.1046875
0 0.9390625 0.37109375 0.115625 0.1421875
0 0.74921875 0.33984375 0.128125 0.0859375
0 0.0578125 0.3140625 0.115625 0.15625
0 0.8890625 0.11796875 0.178125 0.1046875
0 0.33671875 0.0921875 0.1 0.1515625
0 0.04375 0.196875 0.0875 0.06875
0 0.82109375 0.40546875 0.1328125 0.05625
0 0.67734375 0.78046875 0.1046875 0.0625
0 0.5796875 0.51171875 0.109375 0.0609375
0 0.815625 0.515625 0.109375 0.090625
0 0.390625 0.8421875 0.084375 0.0625
0 0.41171875 0.9640625 0.128125 0.071875
0 0.56875 0.56328125 0.103125 0.059375
0 0.7703125 0.89140625 0.0828125 0.1078125
0 0.05234375 0.08984375 0.096875 0.0671875
0 0.5359375 0.84140625 0.0328125 0.0578125
0 0.8359375 0.59765625 0.0859375 0.0515625
0 0.1234375 0.5296875 0.1625 0.0703125
0 0.8953125 0.653125 0.1234375 0.0578125