0 0.834375 0.340625 0.33125 0.2359375
0 0.6625 0.46953125 0.64375 0.271875
0 0.1078125 0.89375 0.215625 0.1375
0 0.74375 0.175 0.125 0.0953125
0 0.17421875 0.3515625 0.1875 0.0875
0 0.15 0.77421875 0.2 0.125
0 0.096875 0.10546875 0.0796875 0.0703125
0 0.20390625 0.4453125 0.2625 0.13125
0 0.5390625 0.0953125 0.1375 0.08125
0 0.47109375 0.89296875 0.1296875 0.0953125
0 0.81875 0.9171875 0.3625 0.165625
0 0.96171875 0.090625 0.0765625 0.1796875
0 0.33125 0.95546875 0.0703125 0.0890625
0 0.23046875 0.64609375 0.140625 0.1546875
0 0.04375 0.8015625 0.0875 0.0875
0 0.8796875 0.0328125 0.2015625 0.065625
0 0.51015625 0.678125 0.1921875 0.2328125
0 0.034375 0.2765625 0.06875 0.065625
0 0.41171875 0.121875 0.153125 0.084375
0 0.07578125 0.7046875 0.0859375 0.0703125
0 0.071875 0.01015625 0.140625 0.0203125