1 0.771875 0.4921875 0.3765625 0.2546875
1 0.11171875 0.10859375 0.2234375 0.2171875
0 0.2453125 0.90546875 0.340625 0.1890625
0 0.44921875 0.81171875 0.3609375 0.2015625
0 0.13359375 0.7984375 0.2671875 0.2
0 0.3328125 0.18125 0.259375 0.271875
0 0.18828125 0.62265625 0.2578125 0.1515625
0 0.446875 0.3171875 0.2640625 0.1703125
0 0.1984375 0.4109375 0.2171875 0.15625
0 0.40078125 0.43125 0.15625 0.184375
1 0.12109375 0.3484375 0.2421875 0.228125
0 0.41796875 0.65703125 0.2015625 0.1109375
0 0.5625 0.40625 0.16875 0.2140625
0 0.50859375 0.5859375 0.196875 0.18125
1 0.290625 0.559375 0.1375 0.0875