0 0.88359375 0.91875 0.2265625 0.1625
0 0.85234375 0.759375 0.2640625 0.1828125
0 0.45234375 0.1328125 0.1859375 0.2203125
0 0.27109375 0.25390625 0.2734375 0.2125
0 0.08203125 0.82265625 0.146875 0.20625
0 0.60390625 0.28828125 0.30625 0.1796875
0 0.66796875 0.64296875 0.165625 0.2390625
0 0.52109375 0.821875 0.1953125 0.1625
0 0.19765625 0.39609375 0.31875 0.1640625
0 0.22265625 0.85 0.1484375 0.1890625
0 0.68828125 0.9140625 0.1703125 0.171875
0 0.1109375 0.6484375 0.2109375 0.1984375
0 0.55703125 0.4640625 0.25625 0.1921875
0 0.28515625 0.590625 0.1265625 0.1953125
0 0.3546875 0.7625 0.175 0.171875
1 0.5078125 0.54609375 0.1515625 0.0984375
1 0.52421875 0.6140625 0.1078125 0.05625
1 0.1953125 0.59453125 0.0859375 0.0890625
1 0.196875 0.58359375 0.08125 0.0640625