1 0.853125 0.68046875 0.2671875 0.175
0 0.47734375 0.67421875 0.221875 0.15
0 0.725 0.58828125 0.2078125 0.15625
0 0.85 0.353125 0.2828125 0.1625
1 0.615625 0.83515625 0.21875 0.2359375
0 0.8140625 0.1390625 0.2421875 0.25625
0 0.446875 0.55390625 0.109375 0.15
0 0.55390625 0.35625 0.1578125 0.09375
0 0.58515625 0.225 0.2765625 0.209375
0 0.4328125 0.39765625 0.1203125 0.165625
1 0.83203125 0.8796875 0.23125 0.2125
1 0.1265625 0.42109375 0.215625 0.1078125
1 0.51171875 0.2921875 0.084375 0.08125
0 0.68828125 0.4546875 0.14375 0.1484375
0 0.253125 0.4671875 0.290625 0.1890625
0 0.50390625 0.43046875 0.06875 0.0859375
0 0.63125 0.4796875 0.184375 0.071875