0 0.7859375 0.73984375 0.1734375 0.3421875
0 0.9234375 0.06640625 0.14375 0.1328125
0 0.3484375 0.315625 0.1546875 0.23125
0 0.56640625 0.5984375 0.16875 0.2015625
1 0.62734375 0.378125 0.1390625 0.234375
1 0.303125 0.07109375 0.096875 0.1421875
0 0.46875 0.08984375 0.203125 0.1796875
0 0.68359375 0.08203125 0.1234375 0.115625
0 0.82109375 0.225 0.165625 0.2921875
0 0.6921875 0.234375 0.1328125 0.209375
0 0.8140625 0.39609375 0.1875 0.2875
1 0.1734375 0.046875 0.1671875 0.09375
1 0.121875 0.18203125 0.24375 0.1625
0 0.903125 0.5140625 0.1453125 0.1953125
0 0.22109375 0.18046875 0.103125 0.109375
1 0.7203125 0.49765625 0.1109375 0.128125
0 0.9609375 0.31171875 0.059375 0.3421875