0 0.21875 0.4203125 0.246875 0.2984375
0 0.34140625 0.153125 0.215625 0.2890625
1 0.1203125 0.140625 0.2390625 0.265625
0 0.89453125 0.63671875 0.2109375 0.3125
0 0.3765625 0.48359375 0.1671875 0.2328125
0 0.48125 0.30859375 0.1640625 0.1703125
1 0.6359375 0.88515625 0.19375 0.2296875
1 0.89296875 0.26484375 0.2140625 0.35
1 0.5359375 0.77734375 0.1875 0.16875
0 0.72734375 0.6828125 0.15625 0.25625
0 0.6578125 0.4234375 0.1109375 0.1828125
0 0.7734375 0.41015625 0.2265625 0.284375
0 0.634375 0.6015625 0.115625 0.15625
1 0.4875 0.646875 0.1734375 0.1625