0 0.64375 0.7953125 0.121875 0.1203125
0 0.5671875 0.9265625 0.1203125 0.0828125
0 0.08203125 0.92734375 0.0734375 0.1453125
0 0.1171875 0.7921875 0.1578125 0.1703125
0 0.6 0.53984375 0.1484375 0.084375
0 0.41484375 0.16328125 0.1328125 0.1875
0 0.67265625 0.9140625 0.1265625 0.0921875
0 0.9265625 0.30703125 0.128125 0.1171875
0 0.53203125 0.8390625 0.1296875 0.128125
0 0.28671875 0.6765625 0.1078125 0.0921875
0 0.19296875 0.66015625 0.10625 0.0734375
0 0.6046875 0.66953125 0.1390625 0.146875
0 0.45 0.0359375 0.125 0.071875
0 0.7 0.1265625 0.1484375 0.096875
0 0.8796875 0.1125 0.2359375 0.15
0 0.08515625 0.55234375 0.1171875 0.0859375
0 0.784375 0.24140625 0.1484375 0.103125
0 0.165625 0.33125 0.14375 0.125
0 0.5734375 0.33125 0.115625 0.0828125
0 0.1515625 0.153125 0.0875 0.146875
0 0.06015625 0.053125 0.1203125 0.10625
0 0.259375 0.11328125 0.115625 0.0796875
0 0.840625 0.484375 0.1171875 0.075
0 0.70546875 0.6578125 0.084375 0.0625
0 0.665625 0.24140625 0.121875 0.0796875
0 0.1796875 0.4 0.1796875 0.115625