0 0.12734375 0.3671875 0.215625 0.203125
0 0.26640625 0.48984375 0.209375 0.2484375
0 0.88359375 0.71171875 0.2328125 0.1609375
0 0.7984375 0.5671875 0.178125 0.1515625
0 0.2328125 0.184375 0.1984375 0.2859375
0 0.86640625 0.8859375 0.21875 0.228125
0 0.6796875 0.79453125 0.20625 0.2265625
0 0.6328125 0.20078125 0.1734375 0.1421875
0 0.590625 0.6296875 0.2375 0.140625
0 0.72109375 0.10078125 0.1796875 0.1765625
0 0.446875 0.515625 0.1171875 0.2359375
0 0.79375 0.359375 0.1640625 0.203125
0 0.87578125 0.24375 0.2109375 0.16875
0 0.371875 0.32421875 0.2421875 0.1359375
1 0.875 0.09921875 0.1640625 0.15
0 0.51015625 0.43671875 0.078125 0.1359375
0 0.43046875 0.22421875 0.1453125 0.1421875
0 0.521875 0.29921875 0.06875 0.134375
0 0.62109375 0.275 0.115625 0.06875