0 0.35 0.79296875 0.2484375 0.2203125
0 0.63203125 0.4375 0.1546875 0.2046875
0 0.85546875 0.13359375 0.2890625 0.2671875
0 0.61484375 0.1375 0.2296875 0.275
0 0.56953125 0.64140625 0.2359375 0.1796875
0 0.81484375 0.3453125 0.2953125 0.1984375
0 0.24140625 0.49375 0.3171875 0.1921875
0 0.38515625 0.36171875 0.0953125 0.153125
0 0.48828125 0.26328125 0.2125 0.1859375
0 0.31015625 0.6359375 0.225 0.1375
0 0.265625 0.3171875 0.115625 0.14375
1 0.55234375 0.9046875 0.1828125 0.1859375
0 0.459375 0.50390625 0.1078125 0.146875
0 0.62890625 0.82265625 0.228125 0.1609375
1 0.1015625 0.32734375 0.190625 0.1453125