0 0.90625 0.4984375 0.1015625 0.1796875
0 0.88125 0.09140625 0.2375 0.165625
0 0.925 0.309375 0.128125 0.14375
0 0.54609375 0.21953125 0.05625 0.1921875
0 0.02734375 0.5015625 0.0546875 0.10625
0 0.196875 0.84375 0.115625 0.2
0 0.64609375 0.196875 0.1125 0.2796875
0 0.64765625 0.93515625 0.0625 0.1296875
0 0.0984375 0.7421875 0.09375 0.1296875
0 0.4984375 0.84375 0.1171875 0.3125
0 0.01875 0.69453125 0.0375 0.0796875
0 0.240625 0.5375 0.065625 0.203125
0 0.46015625 0.23515625 0.05625 0.1328125
0 0.37734375 0.88359375 0.1296875 0.2328125
0 0.58828125 0.96953125 0.084375 0.0609375
0 0.29140625 0.534375 0.0640625 0.1
0 0.32890625 0.62109375 0.0578125 0.10625
0 0.74921875 0.31953125 0.0609375 0.096875
0 0.7125 0.67578125 0.0546875 0.0890625
0 0.0921875 0.67734375 0.0609375 0.1
0 0.45078125 0.14296875 0.0625 0.078125
0 0.1640625 0.22109375 0.0671875 0.15625
0 0.3671875 0.69921875 0.065625 0.121875
0 0.52265625 0.0984375 0.065625 0.078125
0 0.75078125 0.9296875 0.0609375 0.0875
0 0.25 0.203125 0.0765625 0.0828125
0 0.6078125 0.8078125 0.0609375 0.1546875
0 0.16875 0.37578125 0.0671875 0.090625
0 0.31015625 0.54375 0.0625 0.1328125
0 0.0109375 0.165625 0.021875 0.159375