0 0.45078125 0.15546875 0.3203125 0.29375
0 0.665625 0.140625 0.1296875 0.2703125
0 0.4078125 0.45 0.3046875 0.24375
0 0.27578125 0.27890625 0.3234375 0.334375
0 0.20390625 0.653125 0.171875 0.1890625
0 0.63203125 0.9015625 0.1515625 0.196875
0 0.78359375 0.40859375 0.3078125 0.215625
0 0.13984375 0.53125 0.184375 0.1625
0 0.5921875 0.6734375 0.1765625 0.1375
0 0.48046875 0.83671875 0.171875 0.0953125
0 0.84453125 0.94765625 0.1234375 0.1046875
0 0.25 0.91875 0.196875 0.1625
0 0.91328125 0.259375 0.171875 0.1234375
0 0.4125 0.70390625 0.1140625 0.0765625
0 0.78046875 0.8390625 0.078125 0.1640625
0 0.271875 0.540625 0.1140625 0.125
0 0.97265625 0.89296875 0.0546875 0.09375