0 0.65234375 0.71484375 0.0984375 0.096875
0 0.58125 0.8359375 0.0984375 0.09375
0 0.1484375 0.79765625 0.103125 0.1296875
0 0.2 0.68125 0.140625 0.1359375
0 0.62578125 0.49609375 0.121875 0.0640625
0 0.4859375 0.1671875 0.1046875 0.1515625
0 0.67109375 0.81875 0.1046875 0.0765625
0 0.91171875 0.31875 0.103125 0.09375
0 0.5546875 0.7453125 0.1046875 0.1015625
0 0.3546875 0.59296875 0.0875 0.071875
0 0.27734375 0.57421875 0.0875 0.05625
0 0.62421875 0.60625 0.1125 0.1171875
0 0.521875 0.06015625 0.103125 0.0578125
0 0.72890625 0.153125 0.121875 0.075
0 0.04375 0.45 0.0859375 0.15
0 0.88125 0.15234375 0.19375 0.115625
0 0.1859375 0.47734375 0.10625 0.065625
0 0.7953125 0.2546875 0.121875 0.0796875
0 0.26796875 0.29375 0.1171875 0.096875
0 0.61328125 0.31875 0.09375 0.0640625
0 0.88828125 0.9203125 0.2140625 0.13125
0 0.2640625 0.14296875 0.06875 0.11875
0 0.18828125 0.04921875 0.103125 0.0921875
0 0.35703125 0.115625 0.0953125 0.0609375
0 0.03984375 0.640625 0.078125 0.06875
0 0.83203125 0.4640625 0.096875 0.0578125
0 0.103125 0.07578125 0.090625 0.14375
0 0.0328125 0.70859375 0.0625 0.08125
0 0.02109375 0.83984375 0.0421875 0.2
0 0.103125 0.4296875 0.0875 0.0625
0 0.71015625 0.60234375 0.06875 0.046875
0 0.6953125 0.24765625 0.1 0.0609375
0 0.27734375 0.353125 0.15 0.0875