0 0.5890625 0.76953125 0.2625 0.1453125
0 0.91796875 0.81953125 0.1640625 0.146875
0 0.665625 0.1984375 0.21875 0.271875
0 0.84609375 0.49375 0.3078125 0.1484375
0 0.525 0.475 0.2796875 0.1515625
0 0.84375 0.31484375 0.3046875 0.2171875
0 0.2328125 0.91796875 0.2390625 0.1640625
0 0.45078125 0.890625 0.2203125 0.21875
0 0.31484375 0.63828125 0.2921875 0.2078125
0 0.18203125 0.77578125 0.3484375 0.1625
0 0.48828125 0.3421875 0.3421875 0.1796875
1 0.4578125 0.57421875 0.0859375 0.084375
1 0.7640625 0.77890625 0.14375 0.0734375
1 0.33828125 0.5125 0.1375 0.0765625
0 0.63359375 0.63203125 0.1390625 0.1015625
1 0.80703125 0.63515625 0.1953125 0.1703125