0 0.603125 0.090625 0.25 0.18125
1 0.46875 0.73515625 0.259375 0.1765625
0 0.82578125 0.7015625 0.303125 0.2
1 0.62421875 0.87109375 0.1890625 0.2203125
1 0.665625 0.58984375 0.184375 0.140625
1 0.7578125 0.21328125 0.25 0.165625
0 0.26953125 0.65 0.159375 0.215625
1 0.86875 0.88125 0.2625 0.1859375
0 0.64765625 0.3828125 0.1921875 0.146875
0 0.23203125 0.4484375 0.1609375 0.1953125
0 0.4515625 0.33984375 0.190625 0.1046875
0 0.10546875 0.553125 0.2109375 0.203125
0 0.36015625 0.453125 0.11875 0.1421875
0 0.425 0.196875 0.328125 0.1890625