0 0.1421875 0.57421875 0.284375 0.3
0 0.87734375 0.21640625 0.1078125 0.1078125
0 0.84140625 0.40546875 0.1765625 0.1390625
0 0.6125 0.79921875 0.171875 0.1546875
0 0.38046875 0.26640625 0.2171875 0.2828125
0 0.42734375 0.60546875 0.234375 0.2953125
0 0.77734375 0.27578125 0.146875 0.0671875
0 0.503125 0.86328125 0.1453125 0.1625
0 0.128125 0.375 0.25625 0.1265625
0 0.8828125 0.76953125 0.2078125 0.159375
0 0.5140625 0.7359375 0.1125 0.1
0 0.7828125 0.54453125 0.084375 0.165625
0 0.93203125 0.30703125 0.1328125 0.0984375
0 0.65 0.61015625 0.0828125 0.0921875
0 0.26328125 0.74921875 0.296875 0.2484375
0 0.62890625 0.4359375 0.1328125 0.140625
0 0.0296875 0.15078125 0.059375 0.1015625
0 0.35234375 0.04921875 0.0859375 0.0734375
0 0.26484375 0.11796875 0.153125 0.2359375
0 0.05234375 0.753125 0.1046875 0.0921875