0 0.54296875 0.2125 0.309375 0.228125
0 0.27578125 0.12890625 0.3453125 0.2578125
0 0.6140625 0.734375 0.2609375 0.1609375
0 0.38984375 0.42578125 0.2078125 0.1421875
0 0.6265625 0.359375 0.3 0.128125
0 0.21640625 0.30859375 0.38125 0.1765625
0 0.675 0.59296875 0.1578125 0.15625
0 0.4984375 0.8796875 0.2359375 0.209375
0 0.37734375 0.6265625 0.2265625 0.1484375
0 0.7703125 0.45390625 0.1875 0.1578125
0 0.8671875 0.55078125 0.265625 0.2171875
0 0.22578125 0.9140625 0.265625 0.1703125
0 0.278125 0.76015625 0.278125 0.1328125
0 0.48046875 0.50703125 0.225 0.084375
0 0.66796875 0.453125 0.0828125 0.096875