0 0.29609375 0.57578125 0.26875 0.1890625
0 0.1125 0.59609375 0.121875 0.1140625
0 0.28515625 0.13203125 0.2875 0.1203125
0 0.55078125 0.22890625 0.303125 0.3578125
0 0.71640625 0.4859375 0.2484375 0.159375
0 0.8796875 0.2875 0.078125 0.0671875
0 0.440625 0.7359375 0.1453125 0.2046875
0 0.2875 0.34921875 0.259375 0.2046875
0 0.03046875 0.290625 0.0515625 0.0890625
0 0.83828125 0.3734375 0.0796875 0.0703125
0 0.57421875 0.57578125 0.18125 0.1484375
0 0.1296875 0.2359375 0.0890625 0.059375
0 0.396875 0.475 0.1078125 0.065625
0 0.81796875 0.86015625 0.0796875 0.0703125
0 0.85078125 0.071875 0.1078125 0.0609375
0 0.74296875 0.821875 0.0640625 0.096875
0 0.80625 0.28046875 0.078125 0.0703125
0 0.040625 0.0671875 0.08125 0.0796875