0 0.6984375 0.6828125 0.3078125 0.209375
0 0.15078125 0.55625 0.3015625 0.240625
0 0.5671875 0.89296875 0.2453125 0.2140625
0 0.08515625 0.6796875 0.16875 0.146875
0 0.55859375 0.39921875 0.2234375 0.14375
0 0.425 0.1453125 0.325 0.1484375
0 0.30703125 0.69375 0.2671875 0.16875
0 0.321875 0.34140625 0.14375 0.121875
0 0.5953125 0.5328125 0.1640625 0.1046875
0 0.11875 0.3328125 0.2375 0.2140625
0 0.09765625 0.0828125 0.1734375 0.1640625
0 0.9625 0.15234375 0.075 0.146875
0 0.6859375 0.31953125 0.121875 0.078125
0 0.36796875 0.565625 0.10625 0.1
0 0.64375 0.1984375 0.1375 0.0671875
0 0.9265625 0.09609375 0.146875 0.053125
0 0.9578125 0.46953125 0.084375 0.0796875
0 0.978125 0.33984375 0.04375 0.078125
0 0.3234375 0.88203125 0.125 0.1109375
0 0.0625 0.85546875 0.125 0.2890625
0 0.47890625 0.625 0.1 0.0859375
0 0.91640625 0.88828125 0.0875 0.0671875