0 0.1546875 0.56640625 0.14375 0.0953125
0 0.65234375 0.7921875 0.1515625 0.1140625
0 0.21796875 0.44296875 0.1359375 0.0765625
0 0.4578125 0.92421875 0.1125 0.053125
0 0.9484375 0.0859375 0.103125 0.05625
0 0.178125 0.91171875 0.1890625 0.1296875
0 0.846875 0.16875 0.1046875 0.053125
0 0.07578125 0.48828125 0.1078125 0.0359375
0 0.4640625 0.71796875 0.0828125 0.075
0 0.859375 0.38828125 0.06875 0.05625
0 0.32421875 0.4265625 0.1109375 0.1078125
0 0.396875 0.159375 0.0953125 0.05625
0 0.6 0.1921875 0.18125 0.071875
0 0.5828125 0.0734375 0.0765625 0.05625
0 0.40625 0.80078125 0.0765625 0.0515625
0 0.92421875 0.7359375 0.1140625 0.1296875
0 0.0609375 0.6578125 0.1 0.0421875
0 0.490625 0.10625 0.11875 0.046875
0 0.04140625 0.925 0.0828125 0.14375
0 0.77109375 0.08359375 0.075 0.046875
0 0.9078125 0.33828125 0.09375 0.1015625
0 0.53125 0.984375 0.121875 0.03125
0 0.5046875 0.27109375 0.0546875 0.05625
0 0.02890625 0.05078125 0.0578125 0.0640625
0 0.76171875 0.175 0.0640625 0.0609375
0 0.471875 0.14921875 0.0703125 0.05
0 0.0203125 0.59921875 0.0390625 0.075
0 0.8359375 0.57890625 0.115625 0.046875
0 0.359375 0.9796875 0.0921875 0.0390625
0 0.77421875 0.25 0.0921875 0.0578125
0 0.15625 0.20390625 0.146875 0.0421875
0 0.625 0.97421875 0.121875 0.0515625
0 0.059375 0.7921875 0.115625 0.1328125
0 0.1953125 0.25625 0.1046875 0.034375