0 0.26640625 0.5609375 0.2734375 0.1859375
0 0.08046875 0.59765625 0.125 0.1140625
0 0.27578125 0.11484375 0.290625 0.115625
0 0.53984375 0.18984375 0.3078125 0.3546875
0 0.69375 0.43359375 0.2515625 0.1578125
0 0.86875 0.21953125 0.0796875 0.065625
0 0.4046875 0.71015625 0.15 0.2015625
0 0.26875 0.334375 0.2640625 0.2015625
0 0.01953125 0.296875 0.0390625 0.0875
0 0.821875 0.31015625 0.0796875 0.06875
0 0.546875 0.53671875 0.184375 0.146875
0 0.11484375 0.234375 0.0890625 0.0578125
0 0.37265625 0.4515625 0.1078125 0.0625
0 0.7796875 0.80078125 0.0796875 0.0703125
0 0.85 0.0171875 0.1078125 0.034375
0 0.70390625 0.76875 0.065625 0.0953125
0 0.79453125 0.21875 0.0796875 0.06875
0 0.03671875 0.0703125 0.0734375 0.078125