0 0.54140625 0.7265625 0.196875 0.1640625
0 0.7578125 0.6046875 0.2375 0.15625
0 0.12734375 0.5796875 0.2484375 0.2171875
0 0.45078125 0.44375 0.0921875 0.18125
1 0.7515625 0.44296875 0.1421875 0.1453125
1 0.31015625 0.36484375 0.1640625 0.33125
0 0.45625 0.6078125 0.078125 0.11875
0 0.54453125 0.48828125 0.0796875 0.1609375
1 0.61171875 0.24140625 0.1921875 0.1890625
0 0.3265625 0.72109375 0.153125 0.3328125
1 0.634375 0.9359375 0.109375 0.1203125
0 0.73984375 0.84609375 0.228125 0.3015625
0 0.5515625 0.6109375 0.10625 0.05625
1 0.8875 0.2890625 0.225 0.1609375
0 0.609375 0.54765625 0.053125 0.115625
0 0.5484375 0.39296875 0.1 0.1
1 0.5328125 0.88671875 0.1546875 0.1125
0 0.7796875 0.103125 0.2328125 0.20625