0 0.496875 0.49765625 0.1859375 0.178125
0 0.44140625 0.1703125 0.3859375 0.3203125
0 0.3984375 0.90859375 0.1921875 0.1828125
0 0.82109375 0.35234375 0.3578125 0.5734375
0 0.3109375 0.3875 0.16875 0.1796875
0 0.1515625 0.8171875 0.2390625 0.365625
0 0.44453125 0.70390625 0.19375 0.1921875
0 0.60703125 0.4625 0.1796875 0.165625
0 0.1703125 0.584375 0.1890625 0.25
0 0.8796875 0.64609375 0.215625 0.303125
0 0.7515625 0.08828125 0.1609375 0.13125
0 0.93203125 0.81328125 0.1359375 0.3734375
0 0.9546875 0.04765625 0.0890625 0.0375