0 0.515625 0.48828125 0.1546875 0.1515625
0 0.34609375 0.8578125 0.1046875 0.1015625
0 0.53203125 0.078125 0.0828125 0.071875
0 0.4421875 0.26875 0.1984375 0.215625
0 0.1046875 0.6578125 0.203125 0.121875
0 0.6390625 0.74375 0.24375 0.2078125
0 0.58828125 0.22265625 0.0953125 0.075
0 0.67265625 0.87109375 0.109375 0.0640625
0 0.7671875 0.6640625 0.090625 0.065625
0 0.67421875 0.3359375 0.1140625 0.0640625
0 0.47109375 0.79765625 0.078125 0.0921875
0 0.54140625 0.92890625 0.0796875 0.0953125
0 0.4453125 0.6859375 0.171875 0.0859375
0 0.9078125 0.11875 0.0625 0.040625
0 0.12421875 0.32421875 0.2328125 0.1734375
0 0.93203125 0.371875 0.125 0.046875
0 0.27421875 0.753125 0.0984375 0.1421875
0 0.44765625 0.07109375 0.09375 0.059375
0 0.7609375 0.971875 0.06875 0.05625
0 0.3890625 0.02109375 0.1859375 0.0421875
0 0.70234375 0.54609375 0.0859375 0.0828125
0 0.9046875 0.06875 0.0828125 0.0296875
0 0.96875 0.09765625 0.0625 0.034375
0 0.0359375 0.778125 0.071875 0.13125
0 0.9296875 0.27265625 0.0921875 0.0578125
0 0.36015625 0.59296875 0.1640625 0.0609375
0 0.06484375 0.884375 0.090625 0.08125
0 0.7203125 0.06796875 0.0875 0.0421875
0 0.8046875 0.6078125 0.0765625 0.0453125
0 0.4359375 0.95390625 0.0890625 0.0921875
0 0.7703125 0.07109375 0.0640625 0.0421875
0 0.70625 0.928125 0.1875 0.065625
0 0.70078125 0.12421875 0.071875 0.053125
0 0.15 0.92109375 0.075 0.0859375