0 0.4296875 0.12421875 0.209375 0.2046875
0 0.875 0.14609375 0.1484375 0.1953125
0 0.33046875 0.25859375 0.1984375 0.2421875
0 0.521875 0.615625 0.2 0.2140625
0 0.9 0.49140625 0.159375 0.1375
1 0.559375 0.7984375 0.253125 0.265625
0 0.2546875 0.5359375 0.1859375 0.203125
0 0.54609375 0.340625 0.0609375 0.175
0 0.74453125 0.35625 0.2046875 0.1828125
0 0.81875 0.73359375 0.228125 0.3796875
0 0.6015625 0.06953125 0.25 0.0890625
0 0.653125 0.1921875 0.109375 0.20625
0 0.221875 0.07578125 0.1515625 0.1359375
0 0.37421875 0.6609375 0.0890625 0.1734375
0 0.8109375 0.08359375 0.084375 0.0765625