0 0.13984375 0.7734375 0.140625 0.10625
0 0.67265625 0.71640625 0.4234375 0.2328125
0 0.0609375 0.2890625 0.121875 0.1234375
0 0.04296875 0.734375 0.0859375 0.1171875
0 0.44140625 0.4265625 0.1953125 0.14375
0 0.10625 0.9109375 0.1796875 0.178125
0 0.55 0.52109375 0.134375 0.0765625
0 0.40234375 0.26328125 0.2109375 0.0703125
0 0.1765625 0.975 0.2015625 0.05
0 0.86875 0.12734375 0.115625 0.0421875
0 0.265625 0.790625 0.071875 0.0875
0 0.19609375 0.22421875 0.0921875 0.1
0 0.3421875 0.721875 0.1703125 0.0578125
0 0.37109375 0.04765625 0.0703125 0.0703125
0 0.3390625 0.02265625 0.08125 0.025
0 0.66171875 0.290625 0.0859375 0.0625
0 0.33515625 0.7796875 0.084375 0.065625
0 0.6671875 0.50546875 0.0953125 0.059375
0 0.66171875 0.421875 0.0765625 0.059375
0 0.69609375 0.58203125 0.1125 0.075
0 0.3171875 0.89296875 0.1 0.0671875
0 0.1015625 0.10703125 0.203125 0.140625
0 0.26953125 0.01796875 0.0765625 0.01875
0 0.81015625 0.36953125 0.1296875 0.0546875
0 0.278125 0.14296875 0.0765625 0.0765625
0 0.7375 0.134375 0.128125 0.0453125
0 0.16328125 0.49453125 0.1046875 0.059375