1 0.8921875 0.77734375 0.19375 0.3421875
0 0.39296875 0.18984375 0.15625 0.353125
0 0.72734375 0.803125 0.159375 0.3625
1 0.1359375 0.5265625 0.271875 0.2828125
1 0.38203125 0.54921875 0.2015625 0.3046875
1 0.2375 0.24140625 0.2140625 0.2890625
0 0.79765625 0.49765625 0.1546875 0.26875
0 0.62890625 0.65859375 0.146875 0.20625
0 0.646875 0.24609375 0.1453125 0.284375
0 0.52578125 0.16796875 0.1125 0.165625
0 0.69140625 0.46171875 0.0890625 0.1890625
1 0.49375 0.52265625 0.1703125 0.26875
1 0.62890625 0.08515625 0.1015625 0.1703125
1 0.725 0.04296875 0.125 0.0859375