0 0.43359375 0.39921875 0.1109375 0.0828125
0 0.10859375 0.77421875 0.0875 0.0703125
0 0.03046875 0.7203125 0.0609375 0.06875
0 0.8453125 0.6109375 0.0828125 0.04375
0 0.4359375 0.74921875 0.059375 0.078125
0 0.2984375 0.88046875 0.084375 0.053125
0 0.04296875 0.58359375 0.0859375 0.0546875
0 0.33046875 0.68984375 0.053125 0.0640625
0 0.38984375 0.5546875 0.0890625 0.071875
0 0.6515625 0.41796875 0.0671875 0.046875
0 0.2 0.80078125 0.0640625 0.0671875
0 0.26953125 0.5625 0.0640625 0.059375
0 0.75703125 0.440625 0.109375 0.0546875
0 0.3515625 0.5828125 0.065625 0.05625
0 0.478125 0.55234375 0.0828125 0.04375
0 0.7671875 0.7359375 0.0671875 0.0671875
0 0.26953125 0.74375 0.0765625 0.040625
0 0.53203125 0.615625 0.05625 0.0640625
0 0.1546875 0.821875 0.0421875 0.053125
0 0.190625 0.909375 0.0578125 0.0640625
0 0.96328125 0.59296875 0.0703125 0.0640625
0 0.42734375 0.503125 0.0625 0.0421875
0 0.68125 0.8875 0.059375 0.084375
0 0.853125 0.66640625 0.0796875 0.0671875
0 0.70703125 0.6375 0.1 0.04375
0 0.359375 0.79765625 0.065625 0.059375
0 0.0375 0.30625 0.075 0.0453125
0 0.11875 0.5984375 0.0859375 0.04375
0 0.02890625 0.7875 0.05625 0.05
0 0.61484375 0.66484375 0.0640625 0.0671875
0 0.83984375 0.73828125 0.0515625 0.065625
0 0.76328125 0.8421875 0.0828125 0.0484375
0 0.659375 0.81015625 0.0859375 0.05
0 0.384375 0.02421875 0.0703125 0.0484375
0 0.87265625 0.56875 0.0640625 0.0453125
0 0.12109375 0.4984375 0.1140625 0.0515625
0 0.23359375 0.6796875 0.0921875 0.04375
0 0.92734375 0.690625 0.0921875 0.05625
0 0.65859375 0.69765625 0.0546875 0.065625
0 0.29140625 0.44921875 0.090625 0.046875
0 0.96796875 0.5359375 0.0640625 0.0546875
0 0.1625 0.62890625 0.0859375 0.0375
0 0.353125 0.35546875 0.1375 0.04375
0 0.353125 0.29453125 0.1140625 0.03125
0 0.534375 0.35390625 0.1125 0.0359375
0 0.775 0.35390625 0.1125 0.0359375
0 0.471875 0.06015625 0.0625 0.0390625
0 0.58125 0.29921875 0.103125 0.0296875
0 0.16015625 0.06328125 0.0796875 0.0578125
0 0.2546875 0.64921875 0.075 0.028125
0 0.25546875 0.9375 0.03125 0.0625
0 0.8625 0.77734375 0.0671875 0.0390625
0 0.871875 0.41328125 0.1171875 0.0375
0 0.484375 0.734375 0.0484375 0.0546875
0 0.58125 0.5765625 0.078125 0.0421875
0 0.30625 0.01328125 0.0921875 0.025
0 0.9515625 0.36640625 0.096875 0.0265625
0 0.87578125 0.41953125 0.125 0.046875
0 0.32265625 0.6140625 0.0765625 0.0390625
0 0.99140625 0.7359375 0.0171875 0.0703125
0 0.909375 0.42421875 0.18125 0.0484375
0 0.66015625 0.60625 0.0921875 0.0390625
0 0.55 0.10859375 0.0765625 0.0421875
0 0.04296875 0.4125 0.0859375 0.0421875
0 0.53203125 0.8578125 0.0421875 0.0703125
0 0.9484375 0.42578125 0.103125 0.040625