0 0.26328125 0.16171875 0.1546875 0.2765625
0 0.4578125 0.9328125 0.084375 0.134375
0 0.6234375 0.20078125 0.1140625 0.2484375
0 0.54296875 0.7984375 0.1046875 0.11875
0 0.44609375 0.26171875 0.0671875 0.1859375
0 0.28359375 0.7484375 0.234375 0.2265625
0 0.984375 0.303125 0.03125 0.1171875
0 0.18046875 0.428125 0.1953125 0.16875
0 0.08359375 0.2890625 0.084375 0.171875
0 0.40625 0.44453125 0.1328125 0.1484375
0 0.7265625 0.46015625 0.0765625 0.109375
0 0.91015625 0.79765625 0.046875 0.0921875
0 0.109375 0.16015625 0.103125 0.1265625
0 0.77578125 0.3171875 0.059375 0.0953125
0 0.81015625 0.39375 0.053125 0.078125
0 0.96875 0.80625 0.0421875 0.1375
0 0.6296875 0.63671875 0.04375 0.1484375
0 0.75859375 0.63125 0.0953125 0.075
0 0.57421875 0.88046875 0.053125 0.096875
0 0.7921875 0.98046875 0.075 0.0390625
0 0.73203125 0.10859375 0.0421875 0.1609375
0 0.48828125 0.53046875 0.0578125 0.1515625
0 0.82578125 0.75078125 0.04375 0.0609375
0 0.1953125 0.69140625 0.1359375 0.1484375
0 0.940625 0.46640625 0.046875 0.0640625
0 0.0296875 0.059375 0.059375 0.1171875
0 0.74921875 0.678125 0.0453125 0.0515625
0 0.834375 0.45703125 0.0453125 0.065625
0 0.98359375 0.6078125 0.0328125 0.0703125
0 0.10703125 0.73046875 0.09375 0.0703125
0 0.83515625 0.8078125 0.0375 0.071875
0 0.2734375 0.334375 0.0453125 0.090625
0 0.9546875 0.70546875 0.090625 0.05
0 0.94375 0.8015625 0.075 0.109375
0 0.6640625 0.96953125 0.04375 0.0609375
0 0.678125 0.75625 0.0359375 0.1265625
0 0.9375 0.99296875 0.125 0.0140625
0 0.20703125 0.9734375 0.071875 0.053125
0 0.4484375 0.065625 0.0453125 0.0984375
0 0.76640625 0.9609375 0.059375 0.0609375