0 0.36875 0.4140625 0.090625 0.1453125
0 0.81953125 0.3171875 0.1890625 0.1578125
0 0.571875 0.190625 0.153125 0.159375
0 0.5046875 0.828125 0.2078125 0.3171875
0 0.69140625 0.1203125 0.146875 0.2078125
0 0.31796875 0.19140625 0.11875 0.2171875
0 0.41640625 0.5265625 0.16875 0.1078125
0 0.6734375 0.3375 0.140625 0.109375
0 0.70859375 0.665625 0.3125 0.190625
0 0.4484375 0.28046875 0.1171875 0.1046875
0 0.65859375 0.51328125 0.2296875 0.0984375
0 0.24609375 0.396875 0.1515625 0.1890625
0 0.1390625 0.26640625 0.2515625 0.165625
0 0.36015625 0.64765625 0.3140625 0.1453125
0 0.54375 0.459375 0.078125 0.1
1 0.88125 0.146875 0.1921875 0.1609375
0 0.5625 0.34296875 0.071875 0.0984375
0 0.7234375 0.43515625 0.2640625 0.109375
1 0.48671875 0.44453125 0.046875 0.0765625