0 0.303125 0.76875 0.303125 0.2625
0 0.8234375 0.11953125 0.3515625 0.2390625
0 0.69296875 0.66015625 0.425 0.25625
1 0.55 0.8640625 0.3046875 0.225
0 0.76875 0.36328125 0.315625 0.26875
0 0.4890625 0.18515625 0.2953125 0.2171875
1 0.2984375 0.19921875 0.1578125 0.1703125
0 0.16328125 0.44375 0.3265625 0.184375
0 0.47265625 0.303125 0.146875 0.0859375
0 0.34375 0.33828125 0.115625 0.134375
0 0.37109375 0.4953125 0.109375 0.1953125
1 0.10859375 0.1984375 0.196875 0.184375
0 0.5734375 0.409375 0.1078125 0.1796875
1 0.16328125 0.3234375 0.1640625 0.096875