1 0.34765625 0.8515625 0.159375 0.26875
0 0.5328125 0.83671875 0.209375 0.3265625
0 0.3984375 0.22109375 0.1984375 0.36875
0 0.8328125 0.47578125 0.2875 0.2546875
0 0.25078125 0.515625 0.2296875 0.2734375
0 0.16640625 0.25234375 0.3328125 0.3578125
0 0.5890625 0.359375 0.18125 0.2515625
0 0.584375 0.6171875 0.1765625 0.109375
0 0.4390625 0.675 0.153125 0.1296875
0 0.43203125 0.41875 0.0875 0.08125
0 0.44296875 0.5015625 0.06875 0.121875
1 0.8375 0.24140625 0.2765625 0.2375
0 0.38828125 0.5046875 0.06875 0.1265625