1 0.4328125 0.06875 0.1625 0.1375
0 0.28203125 0.203125 0.265625 0.178125
0 0.275 0.46328125 0.321875 0.2
0 0.56796875 0.34140625 0.346875 0.1890625
1 0.6 0.70546875 0.4234375 0.2953125
0 0.865625 0.3046875 0.253125 0.1640625
1 0.31328125 0.8390625 0.2953125 0.284375
1 0.20234375 0.64453125 0.359375 0.2109375
1 0.240625 0.03671875 0.1515625 0.0734375
1 0.4828125 0.15390625 0.140625 0.090625
1 0.6734375 0.46171875 0.2421875 0.203125
0 0.53046875 0.51875 0.2109375 0.1390625
0 0.665625 0.2015625 0.1546875 0.128125
1 0.2796875 0.10546875 0.0953125 0.0703125