0 0.21640625 0.61796875 0.3734375 0.165625
1 0.30390625 0.12890625 0.2859375 0.184375
1 0.60703125 0.71796875 0.4 0.228125
1 0.2953125 0.8390625 0.3046875 0.296875
0 0.51640625 0.215625 0.2765625 0.1375
0 0.22265625 0.28125 0.30625 0.13125
0 0.5796875 0.5484375 0.303125 0.1140625
0 0.34921875 0.38125 0.1421875 0.084375
0 0.49765625 0.3453125 0.1484375 0.0640625
1 0.871875 0.24375 0.1703125 0.14375
1 0.8703125 0.38125 0.2125 0.1203125
0 0.3171875 0.52265625 0.2265625 0.1046875
1 0.65546875 0.25625 0.16875 0.18125
1 0.70625 0.47109375 0.1734375 0.1609375
1 0.51171875 0.44453125 0.1625 0.10625