1 0.11328125 0.66484375 0.2265625 0.171875
1 0.80390625 0.66953125 0.278125 0.234375
0 0.484375 0.80859375 0.2421875 0.253125
0 0.54453125 0.41015625 0.253125 0.1796875
0 0.6796875 0.88671875 0.190625 0.2265625
0 0.40234375 0.22109375 0.2703125 0.35
0 0.6109375 0.59609375 0.1875 0.2234375
0 0.26484375 0.41171875 0.3203125 0.165625
0 0.296875 0.7359375 0.2578125 0.24375
0 0.50390625 0.5203125 0.165625 0.10625
0 0.3484375 0.52890625 0.1390625 0.1359375
0 0.2421875 0.52421875 0.15 0.1640625
0 0.4515625 0.66875 0.125 0.090625