0 0.5125 0.17734375 0.3453125 0.3546875
0 0.484375 0.81171875 0.2125 0.3765625
0 0.40703125 0.33515625 0.21875 0.38125
0 0.16796875 0.65078125 0.3359375 0.2625
0 0.69609375 0.55390625 0.0734375 0.121875
0 0.83125 0.34296875 0.1046875 0.1421875
0 0.23984375 0.1734375 0.2578125 0.290625
0 0.8609375 0.459375 0.0984375 0.153125
0 0.92109375 0.0890625 0.1578125 0.178125
0 0.9140625 0.6421875 0.0921875 0.30625
0 0.6234375 0.5703125 0.1015625 0.184375
0 0.73046875 0.359375 0.0984375 0.2078125
0 0.0609375 0.084375 0.121875 0.16875
0 0.8625 0.92578125 0.0828125 0.0875
0 0.0328125 0.21015625 0.065625 0.121875
0 0.69296875 0.78984375 0.171875 0.271875