0 0.415625 0.725 0.1984375 0.315625
0 0.471875 0.16484375 0.23125 0.3296875
0 0.15703125 0.603125 0.26875 0.25625
0 0.33984375 0.1 0.1421875 0.2
0 0.68125 0.5734375 0.1359375 0.228125
0 0.91796875 0.4296875 0.1375 0.33125
0 0.3546875 0.33515625 0.159375 0.2734375
0 0.709375 0.3359375 0.115625 0.1484375
0 0.55234375 0.615625 0.0984375 0.1671875
0 0.690625 0.128125 0.2078125 0.25625
0 0.9296875 0.10234375 0.140625 0.1796875
0 0.95390625 0.9453125 0.0921875 0.0390625
0 0.77734375 0.696875 0.075 0.125
0 0.48984375 0.38984375 0.0953125 0.109375
0 0.89375 0.65 0.0625 0.1390625
0 0.47578125 0.0171875 0.1859375 0.034375
0 0.0625 0.94453125 0.0421875 0.1109375
0 0.6609375 0.95390625 0.075 0.0453125
0 0.16875 0.35859375 0.10625 0.1296875
0 0.153125 0.0828125 0.303125 0.165625
0 0.4453125 0.503125 0.0828125 0.103125
0 0.2390625 0.94921875 0.065625 0.0890625