0 0.66953125 0.4859375 0.115625 0.1765625
0 0.32421875 0.521875 0.146875 0.1859375
0 0.61640625 0.659375 0.1234375 0.16875
1 0.72890625 0.3671875 0.221875 0.14375
0 0.8125 0.634375 0.2875 0.196875
0 0.52421875 0.18203125 0.2171875 0.1515625
0 0.15234375 0.58203125 0.290625 0.225
0 0.3515625 0.81796875 0.2359375 0.2875
1 0.4703125 0.3421875 0.2390625 0.1328125
0 0.45234375 0.6609375 0.1671875 0.1046875
1 0.125 0.84921875 0.25 0.3015625
0 0.45546875 0.4765625 0.1375 0.140625
0 0.5625 0.50390625 0.0578125 0.096875
0 0.753125 0.1796875 0.196875 0.1203125
1 0.6375 0.753125 0.10625 0.0765625
1 0.70859375 0.06484375 0.178125 0.1140625