0 0.27421875 0.3375 0.23125 0.1953125
0 0.496875 0.19921875 0.08125 0.2109375
0 0.52890625 0.10390625 0.1453125 0.13125
0 0.64296875 0.90625 0.103125 0.1875
0 0.44140625 0.2921875 0.059375 0.0859375
0 0.2296875 0.1375 0.0875 0.1125
0 0.53046875 0.46171875 0.159375 0.1453125
0 0.56640625 0.7078125 0.1359375 0.1328125
0 0.740625 0.56875 0.0796875 0.184375
0 0.43984375 0.5234375 0.1015625 0.175
0 0.55 0.815625 0.103125 0.15
0 0.56328125 0.32421875 0.08125 0.0859375
0 0.8375 0.16640625 0.1453125 0.078125
0 0.12734375 0.1578125 0.109375 0.090625
0 0.03125 0.6 0.0625 0.23125
0 0.08046875 0.2453125 0.0703125 0.1015625
0 0.4796875 0.66640625 0.0828125 0.1609375
0 0.68671875 0.703125 0.0703125 0.1515625
0 0.73125 0.2859375 0.0765625 0.1265625
0 0.953125 0.43125 0.08125 0.2953125
0 0.7515625 0.87109375 0.06875 0.1921875
0 0.25 0.846875 0.053125 0.05
0 0.028125 0.14609375 0.05625 0.140625
0 0.01953125 0.36640625 0.0390625 0.1203125
0 0.865625 0.571875 0.065625 0.1296875
0 0.06953125 0.02578125 0.1140625 0.0515625
0 0.96640625 0.22578125 0.0546875 0.0828125