0 0.82578125 0.4546875 0.19375 0.115625
0 0.44140625 0.5640625 0.20625 0.2
0 0.07109375 0.51640625 0.1140625 0.1171875
0 0.5125 0.19296875 0.159375 0.103125
0 0.73359375 0.6859375 0.2125 0.1515625
0 0.84921875 0.20390625 0.2203125 0.0859375
0 0.8125 0.56640625 0.153125 0.0828125
0 0.2546875 0.37734375 0.1296875 0.084375
0 0.23828125 0.22421875 0.253125 0.096875
0 0.87109375 0.3609375 0.134375 0.0859375
0 0.40625 0.10625 0.1328125 0.0640625
0 0.3828125 0.2734375 0.1203125 0.0578125
0 0.27109375 0.1390625 0.1125 0.084375
0 0.1296875 0.26640625 0.1015625 0.0828125
0 0.07421875 0.78125 0.0484375 0.05
0 0.2625 0.940625 0.059375 0.053125
0 0.6640625 0.43125 0.1234375 0.05625
0 0.27578125 0.5140625 0.0875 0.1140625
0 0.221875 0.02890625 0.1484375 0.0578125
0 0.34296875 0.9421875 0.0578125 0.0796875
0 0.803125 0.275 0.125 0.0625
0 0.2265625 0.81640625 0.0515625 0.05
0 0.553125 0.79609375 0.053125 0.053125
0 0.97109375 0.421875 0.0578125 0.09375
0 0.97109375 0.3359375 0.0578125 0.08125
0 0.3203125 0.8734375 0.0484375 0.0484375
0 0.9859375 0.50703125 0.028125 0.0875
0 0.98515625 0.59140625 0.0296875 0.0828125