0 0.86171875 0.2875 0.2765625 0.1921875
0 0.27421875 0.68046875 0.2453125 0.1390625
1 0.18203125 0.246875 0.1234375 0.1640625
0 0.51484375 0.5890625 0.2140625 0.1265625
1 0.36484375 0.86484375 0.2109375 0.2703125
0 0.52421875 0.72265625 0.2421875 0.1515625
0 0.7359375 0.44140625 0.209375 0.215625
0 0.4875 0.25 0.20625 0.2203125
1 0.66953125 0.18671875 0.1640625 0.2703125
1 0.1703125 0.4203125 0.13125 0.128125
0 0.3 0.35390625 0.1625 0.0875
1 0.07265625 0.29765625 0.1203125 0.1171875
1 0.3484375 0.55625 0.11875 0.1140625
1 0.35546875 0.26875 0.140625 0.1
1 0.58515625 0.43671875 0.090625 0.125
1 0.4359375 0.33359375 0.090625 0.0734375
0 0.51796875 0.490625 0.165625 0.0765625
0 0.48125 0.3953125 0.125 0.065625
0 0.36640625 0.44140625 0.103125 0.0671875
0 0.5234375 0.4984375 0.14375 0.0671875