1 0.78828125 0.7921875 0.0859375 0.3125
0 0.709375 0.63671875 0.1375 0.3546875
0 0.83046875 0.1328125 0.115625 0.265625
0 0.04375 0.64453125 0.078125 0.1234375
0 0.45234375 0.26953125 0.171875 0.24375
0 0.565625 0.071875 0.0875 0.14375
0 0.5078125 0.58046875 0.128125 0.2375
0 0.6984375 0.37578125 0.1625 0.228125
0 0.2109375 0.79921875 0.05625 0.0921875
0 0.95234375 0.171875 0.09375 0.2625
0 0.10625 0.77109375 0.075 0.08125
0 0.25234375 0.7203125 0.0828125 0.028125
0 0.91875 0.54921875 0.103125 0.175
0 0.2296875 0.57421875 0.05 0.059375
0 0.159375 0.32109375 0.0625 0.090625
0 0.23984375 0.62109375 0.078125 0.04375
0 0.32578125 0.81015625 0.046875 0.0890625
0 0.1109375 0.1546875 0.0625 0.046875
0 0.01171875 0.9734375 0.021875 0.053125
0 0.2078125 0.38125 0.053125 0.075
0 0.89375 0.42109375 0.05 0.175
0 0.62734375 0.20078125 0.103125 0.20625
0 0.925 0.91328125 0.134375 0.15625
0 0.3046875 0.553125 0.0453125 0.0875
0 0.42421875 0.975 0.05625 0.05
0 0.63125 0.86796875 0.065625 0.1046875
0 0.134375 0.64609375 0.08125 0.0734375
0 0.025 0.2671875 0.05 0.04375
0 0.0984375 0.10078125 0.06875 0.04375
0 0.1375 0.91953125 0.0703125 0.096875
0 0.5296875 0.8515625 0.059375 0.103125