0 0.6859375 0.71953125 0.0921875 0.1703125
0 0.2984375 0.5765625 0.0625 0.103125
0 0.8296875 0.6234375 0.1625 0.1578125
0 0.11796875 0.14140625 0.08125 0.1421875
0 0.4984375 0.32734375 0.0625 0.15625
0 0.1375 0.71875 0.1234375 0.134375
0 0.6109375 0.4015625 0.0984375 0.1609375
0 0.18359375 0.60703125 0.109375 0.1328125
0 0.80859375 0.07890625 0.1171875 0.140625
0 0.59921875 0.9171875 0.1296875 0.165625
0 0.63359375 0.6359375 0.0578125 0.096875
0 0.1796875 0.39609375 0.1453125 0.128125
0 0.265625 0.70625 0.0859375 0.1359375
0 0.40078125 0.5265625 0.05 0.140625
0 0.12578125 0.86796875 0.1453125 0.084375
0 0.5859375 0.2671875 0.15 0.1265625
0 0.46328125 0.49375 0.078125 0.1515625
0 0.6984375 0.48515625 0.103125 0.1359375
0 0.08125 0.0390625 0.0890625 0.0765625
0 0.31875 0.121875 0.05625 0.125
0 0.55625 0.709375 0.1015625 0.1703125
0 0.16640625 0.4875 0.10625 0.1203125
0 0.53828125 0.59375 0.0546875 0.1140625
0 0.53984375 0.47578125 0.04375 0.090625
0 0.49453125 0.84609375 0.09375 0.134375
0 0.23125 0.08671875 0.0703125 0.05625
0 0.15625 0.028125 0.071875 0.0546875
0 0.66796875 0.0625 0.13125 0.1046875
0 0.2890625 0.18515625 0.1046875 0.0609375
0 0.378125 0.66015625 0.053125 0.0796875
0 0.32265625 0.0265625 0.0640625 0.0453125
0 0.0546875 0.36640625 0.0734375 0.153125
0 0.4453125 0.296875 0.0578125 0.1171875
0 0.41953125 0.515625 0.0953125 0.1515625
0 0.10859375 0.52265625 0.0734375 0.11875
0 0.3328125 0.2703125 0.084375 0.0984375
0 0.42265625 0.378125 0.0546875 0.0765625