0 0.21875 0.18203125 0.4375 0.3640625
0 0.1359375 0.7546875 0.271875 0.271875
0 0.87890625 0.7671875 0.196875 0.221875
0 0.60703125 0.66171875 0.2140625 0.30625
0 0.21953125 0.50546875 0.1671875 0.1046875
0 0.58671875 0.078125 0.140625 0.1484375
0 0.16953125 0.93828125 0.3375 0.1234375
0 0.47109375 0.25 0.2 0.078125
0 0.740625 0.74140625 0.1265625 0.2703125
0 0.69609375 0.0828125 0.11875 0.0890625
0 0.071875 0.4109375 0.14375 0.075
0 0.875 0.32109375 0.10625 0.1171875
0 0.85546875 0.51640625 0.1546875 0.1171875
0 0.77890625 0.2828125 0.1015625 0.078125
0 0.415625 0.96875 0.2046875 0.0625
0 0.971875 0.85390625 0.05625 0.103125
0 0.88125 0.0296875 0.109375 0.059375