0 0.7671875 0.36328125 0.365625 0.178125
0 0.6453125 0.55703125 0.30625 0.165625
0 0.39375 0.85390625 0.3109375 0.2921875
0 0.71484375 0.73671875 0.2234375 0.14375
0 0.38515625 0.47421875 0.15 0.071875
0 0.42578125 0.159375 0.18125 0.146875
0 0.90234375 0.88515625 0.1953125 0.2296875
0 0.5453125 0.4671875 0.1375 0.075
0 0.80625 0.146875 0.2875 0.146875
0 0.2390625 0.546875 0.3171875 0.1875
0 0.38984375 0.41015625 0.1109375 0.053125
0 0.95625 0.52109375 0.0859375 0.121875
0 0.26796875 0.265625 0.284375 0.221875
0 0.94453125 0.6828125 0.1109375 0.109375
0 0.928125 0.43125 0.1359375 0.1265625
0 0.09765625 0.7140625 0.0734375 0.075
0 0.578125 0.30703125 0.1171875 0.0625
0 0.475 0.65 0.096875 0.05625
0 0.03515625 0.64375 0.0578125 0.109375
0 0.6109375 0.2546875 0.0875 0.05