0 0.82578125 0.66953125 0.3421875 0.2609375
0 0.23359375 0.146875 0.1640625 0.29375
0 0.5921875 0.8296875 0.2375 0.290625
0 0.325 0.47421875 0.0828125 0.1828125
0 0.61171875 0.50078125 0.1609375 0.3359375
0 0.38046875 0.7171875 0.1328125 0.29375
1 0.04921875 0.43046875 0.0984375 0.159375
0 0.475 0.721875 0.18125 0.184375
0 0.09609375 0.375 0.1296875 0.1828125
0 0.22734375 0.4125 0.1515625 0.2921875
1 0.20703125 0.8859375 0.0953125 0.2109375
1 0.7640625 0.40625 0.209375 0.2375
1 0.4796875 0.6015625 0.0609375 0.109375
1 0.7234375 0.8796875 0.0734375 0.165625
1 0.14140625 0.5734375 0.1359375 0.28125
0 0.42265625 0.37734375 0.175 0.115625