0 0.3828125 0.39140625 0.1671875 0.1375
1 0.41484375 0.6359375 0.225 0.2703125
1 0.7421875 0.465625 0.1109375 0.15625
1 0.7 0.08359375 0.2 0.1671875
1 0.65625 0.56875 0.184375 0.2078125
1 0.846875 0.184375 0.1640625 0.084375
1 0.33125 0.86328125 0.271875 0.2140625
1 0.61875 0.83515625 0.240625 0.1953125
1 0.20625 0.62421875 0.209375 0.1953125
1 0.7578125 0.67578125 0.1484375 0.15625
1 0.6328125 0.41953125 0.1125 0.1125
1 0.10703125 0.46171875 0.2125 0.1875
1 0.67578125 0.21484375 0.15 0.0875
1 0.340625 0.48671875 0.1484375 0.078125
1 0.86484375 0.22109375 0.2234375 0.06875