0 0.81875 0.41796875 0.3171875 0.2328125
0 0.615625 0.18515625 0.190625 0.31875
0 0.50625 0.34375 0.1609375 0.159375
0 0.61171875 0.5140625 0.121875 0.209375
1 0.1390625 0.52109375 0.21875 0.1640625
1 0.77265625 0.21640625 0.153125 0.1671875
0 0.37890625 0.42734375 0.1046875 0.1890625
0 0.459375 0.63046875 0.1171875 0.2078125
0 0.36640625 0.6078125 0.096875 0.1671875
1 0.271875 0.61171875 0.103125 0.1359375
1 0.5484375 0.8671875 0.2015625 0.2203125
1 0.571875 0.6421875 0.1328125 0.1359375
1 0.33828125 0.290625 0.165625 0.1296875
1 0.41875 0.7421875 0.1328125 0.1015625
1 0.30234375 0.47734375 0.053125 0.10625