0 0.871875 0.14140625 0.25625 0.2828125
0 0.86953125 0.3953125 0.2609375 0.203125
0 0.16953125 0.4 0.3140625 0.275
0 0.640625 0.19921875 0.275 0.315625
0 0.775 0.81796875 0.30625 0.165625
0 0.34921875 0.590625 0.1640625 0.228125
0 0.40703125 0.75390625 0.2859375 0.175
1 0.49453125 0.9015625 0.3140625 0.16875
0 0.70078125 0.4890625 0.140625 0.1484375
1 0.7609375 0.9484375 0.2421875 0.0875
0 0.5703125 0.3796875 0.1578125 0.0984375
0 0.38359375 0.34453125 0.1859375 0.24375
0 0.66171875 0.66640625 0.196875 0.1375
0 0.596875 0.58125 0.1671875 0.1640625
0 0.46953125 0.415625 0.1140625 0.1140625
0 0.465625 0.534375 0.0828125 0.115625
0 0.22109375 0.553125 0.1484375 0.1046875