0 0.57109375 0.95546875 0.096875 0.0890625
0 0.30625 0.75 0.103125 0.19375
0 0.63046875 0.73828125 0.11875 0.2015625
0 0.80859375 0.7984375 0.175 0.1875
0 0.46328125 0.78125 0.13125 0.234375
0 0.13828125 0.77734375 0.14375 0.20625
0 0.046875 0.40078125 0.09375 0.0953125
0 0.18046875 0.1375 0.0921875 0.13125
0 0.959375 0.23203125 0.0796875 0.2046875
0 0.78359375 0.13203125 0.265625 0.21875
0 0.29296875 0.57109375 0.1 0.1390625
0 0.16953125 0.29453125 0.0734375 0.171875
0 0.5859375 0.08828125 0.08125 0.0671875
0 0.81796875 0.565625 0.0703125 0.153125
0 0.596875 0.41015625 0.0828125 0.10625
0 0.73828125 0.49140625 0.0765625 0.1
0 0.02109375 0.746875 0.0421875 0.1859375
0 0.48203125 0.3953125 0.08125 0.0953125
0 0.325 0.975 0.059375 0.05
0 0.81875 0.41328125 0.1703125 0.134375
0 0.3953125 0.384375 0.053125 0.075
0 0.91796875 0.48984375 0.0640625 0.071875
0 0.22421875 0.45234375 0.0765625 0.1125
0 0.3671875 0.48984375 0.0796875 0.090625
0 0.95390625 0.64140625 0.078125 0.1359375
0 0.515625 0.46796875 0.0765625 0.1125
0 0.621875 0.48828125 0.0671875 0.096875