0 0.0359375 0.5890625 0.071875 0.2109375
0 0.0234375 0.3640625 0.046875 0.11875
0 0.02734375 0.13828125 0.0546875 0.1234375
0 0.653125 0.9015625 0.096875 0.196875
0 0.28125 0.32265625 0.240625 0.209375
0 0.57734375 0.69296875 0.1484375 0.1421875
0 0.53046875 0.09140625 0.1484375 0.1109375
0 0.746875 0.54140625 0.0828125 0.165625
0 0.81484375 0.975 0.06875 0.05
0 0.53515625 0.45859375 0.1578125 0.1828125
0 0.2375 0.13125 0.1015625 0.0953125
0 0.50234375 0.1921875 0.090625 0.203125
0 0.83671875 0.1484375 0.1453125 0.0984375
0 0.484375 0.64609375 0.0890625 0.1640625
0 0.5640625 0.31328125 0.078125 0.0796875
0 0.93359375 0.4265625 0.115625 0.3453125
0 0.08046875 0.2375 0.0671875 0.0953125
0 0.13046875 0.15078125 0.1140625 0.090625
0 0.86328125 0.9953125 0.05625 0.009375
0 0.44375 0.28515625 0.0609375 0.0921875
0 0.69453125 0.68984375 0.0734375 0.134375
0 0.72734375 0.2671875 0.0765625 0.1046875
0 0.0734375 0.0265625 0.084375 0.0484375
0 0.759375 0.86015625 0.0703125 0.18125
0 0.8828125 0.7609375 0.0515625 0.08125
0 0.8828125 0.5515625 0.1109375 0.11875
0 0.9515625 0.884375 0.0265625 0.1125
0 0.43984375 0.5046875 0.0859375 0.1875
0 0.25703125 0.8375 0.05 0.053125
0 0.55703125 0.80390625 0.09375 0.15625