1 0.84140625 0.1234375 0.2390625 0.246875
0 0.11484375 0.81015625 0.2296875 0.2984375
0 0.20078125 0.5859375 0.284375 0.2671875
0 0.50703125 0.3921875 0.2375 0.1828125
0 0.2984375 0.85546875 0.2109375 0.2671875
0 0.55546875 0.21640625 0.2921875 0.2796875
0 0.55078125 0.840625 0.209375 0.3125
1 0.825 0.38515625 0.309375 0.2390625
1 0.74296875 0.86875 0.1875 0.20625
0 0.77890625 0.71875 0.19375 0.13125
0 0.42890625 0.72890625 0.1171875 0.1
0 0.38984375 0.60859375 0.090625 0.121875
0 0.6015625 0.60703125 0.1390625 0.096875
0 0.46796875 0.65703125 0.153125 0.090625
1 0.75625 0.5640625 0.175 0.084375