0 0.540625 0.85625 0.1484375 0.2859375
1 0.47890625 0.084375 0.1171875 0.1671875
0 0.7953125 0.084375 0.1203125 0.16875
1 0.340625 0.1015625 0.178125 0.1484375
0 0.41328125 0.68984375 0.203125 0.146875
0 0.93515625 0.1328125 0.1296875 0.1671875
1 0.4015625 0.2328125 0.1484375 0.1359375
0 0.22421875 0.48828125 0.109375 0.1734375
0 0.10234375 0.434375 0.171875 0.09375
0 0.8921875 0.26953125 0.1828125 0.1609375
0 0.7765625 0.35859375 0.128125 0.1953125
0 0.4640625 0.30078125 0.1125 0.11875
0 0.33515625 0.49609375 0.078125 0.115625
0 0.6140625 0.19921875 0.2046875 0.1703125
0 0.653125 0.6 0.14375 0.103125
0 0.6453125 0.72890625 0.1828125 0.1390625
0 0.67890625 0.3875 0.0890625 0.1515625
1 0.421875 0.91328125 0.0578125 0.1203125
0 0.32109375 0.41171875 0.0828125 0.0765625
1 0.34765625 0.95 0.08125 0.1
0 0.61328125 0.4265625 0.1125 0.06875
0 0.53203125 0.55625 0.1015625 0.0828125
0 0.4265625 0.47109375 0.059375 0.121875
0 0.646875 0.50703125 0.1078125 0.1015625
0 0.48671875 0.48359375 0.0765625 0.084375
0 0.63984375 0.48671875 0.1015625 0.0625
0 0.384375 0.4 0.0890625 0.090625