0 0.57421875 0.38359375 0.084375 0.140625
0 0.4 0.53203125 0.10625 0.1703125
0 0.65 0.753125 0.065625 0.0875
0 0.746875 0.71171875 0.0796875 0.075
0 0.51875 0.48984375 0.1015625 0.1734375
0 0.4390625 0.42578125 0.06875 0.125
0 0.6 0.93203125 0.065625 0.078125
0 0.33046875 0.52734375 0.0703125 0.1125
0 0.403125 0.696875 0.06875 0.075
0 0.45234375 0.95625 0.075 0.084375
0 0.52734375 0.95390625 0.05 0.0921875
0 0.8015625 0.77421875 0.084375 0.0484375
0 0.890625 0.75 0.0625 0.090625
0 0.28515625 0.82421875 0.065625 0.071875
0 0.58984375 0.70625 0.0453125 0.1046875
0 0.67265625 0.2671875 0.06875 0.0875
0 0.659375 0.14765625 0.05 0.1078125
0 0.89296875 0.5984375 0.05 0.1265625
0 0.64375 0.8796875 0.05625 0.065625
0 0.9328125 0.19296875 0.0546875 0.090625
0 0.6375 0.44765625 0.0484375 0.14375
0 0.85625 0.9078125 0.0671875 0.0609375
0 0.00703125 0.56875 0.0140625 0.0859375
0 0.7515625 0.290625 0.08125 0.0796875
0 0.89296875 0.46328125 0.0671875 0.11875
0 0.8078125 0.96953125 0.0484375 0.0609375
0 0.2609375 0.61484375 0.0671875 0.165625
0 0.06328125 0.6578125 0.1265625 0.1515625
0 0.5625 0.04765625 0.090625 0.040625
0 0.75546875 0.12109375 0.0546875 0.1640625
0 0.14140625 0.40703125 0.0953125 0.0671875
0 0.80234375 0.325 0.0734375 0.1
0 0.3734375 0.09140625 0.0671875 0.10625
0 0.46640625 0.29296875 0.11875 0.2015625
0 0.0328125 0.421875 0.065625 0.1359375
0 0.43203125 0.7484375 0.0703125 0.0796875
0 0.690625 0.09453125 0.0703125 0.065625
0 0.84140625 0.82890625 0.05625 0.090625
0 0.58125 0.596875 0.075 0.0859375
0 0.22734375 0.39140625 0.0640625 0.0875