0 0.759375 0.58359375 0.3125 0.140625
0 0.16328125 0.21484375 0.3109375 0.153125
1 0.503125 0.8578125 0.284375 0.2546875
0 0.59609375 0.43984375 0.1203125 0.14375
1 0.38046875 0.653125 0.4203125 0.165625
1 0.46484375 0.08046875 0.2171875 0.1609375
1 0.25625 0.07734375 0.2296875 0.1546875
0 0.58125 0.3046875 0.1046875 0.10625
1 0.3609375 0.328125 0.14375 0.1359375
1 0.76796875 0.73125 0.3390625 0.16875
1 0.56171875 0.24375 0.2296875 0.109375
1 0.946875 0.421875 0.10625 0.1015625
1 0.953125 0.3078125 0.09375 0.1234375
1 0.74296875 0.3640625 0.184375 0.1046875
1 0.78828125 0.31640625 0.1359375 0.11875
1 0.475 0.5484375 0.2015625 0.078125
1 0.83203125 0.465625 0.0984375 0.096875