0 0.87734375 0.2390625 0.215625 0.171875
0 0.84609375 0.8875 0.2234375 0.225
0 0.628125 0.19921875 0.1765625 0.1375
0 0.57890625 0.62265625 0.2484375 0.1421875
0 0.65703125 0.7859375 0.2359375 0.225
0 0.79296875 0.3609375 0.16875 0.20625
0 0.78984375 0.56640625 0.1859375 0.1484375
0 0.26015625 0.48828125 0.234375 0.24375
0 0.1265625 0.36953125 0.2125 0.2015625
0 0.2265625 0.1875 0.2015625 0.2765625
0 0.36484375 0.32578125 0.2546875 0.1296875
0 0.4421875 0.51484375 0.125 0.234375
0 0.8828125 0.71171875 0.234375 0.1609375
0 0.4296875 0.21640625 0.146875 0.128125
0 0.50234375 0.43515625 0.084375 0.1296875
1 0.87890625 0.09296875 0.1703125 0.1578125
0 0.615625 0.27265625 0.1171875 0.0703125
0 0.5234375 0.29765625 0.0796875 0.1359375
0 0.72734375 0.0984375 0.190625 0.175