1 0.753125 0.67265625 0.075 0.08125
0 0.7390625 0.4734375 0.1125 0.146875
1 0.37109375 0.54453125 0.0953125 0.153125
0 0.8890625 0.59609375 0.221875 0.146875
1 0.36640625 0.38515625 0.075 0.1125
1 0.66796875 0.59296875 0.0875 0.1171875
0 0.55390625 0.4015625 0.0875 0.0625
1 0.47421875 0.4015625 0.046875 0.0828125
0 0.60546875 0.22734375 0.1296875 0.3015625
1 0.7703125 0.26015625 0.1359375 0.0828125
1 0.66328125 0.384375 0.115625 0.0875
1 0.74765625 0.0953125 0.1296875 0.190625
1 0.16328125 0.440625 0.284375 0.175
1 0.6328125 0.7640625 0.096875 0.1375
1 0.8734375 0.82109375 0.1546875 0.3015625
1 0.546875 0.72109375 0.0703125 0.090625
1 0.47734375 0.496875 0.0453125 0.0578125