0 0.11640625 0.721875 0.2328125 0.3234375
0 0.80234375 0.4984375 0.190625 0.2421875
0 0.88125 0.21953125 0.23125 0.3578125
0 0.40625 0.4046875 0.146875 0.35625
0 0.2625 0.82890625 0.1640625 0.3234375
0 0.23125 0.43828125 0.2203125 0.3984375
0 0.73203125 0.18828125 0.1453125 0.3765625
0 0.4265625 0.746875 0.153125 0.29375
1 0.584375 0.82109375 0.1296875 0.30625
0 0.6625 0.5921875 0.1140625 0.2703125
0 0.60234375 0.32734375 0.15625 0.2609375
1 0.51484375 0.19609375 0.0796875 0.228125
0 0.5140625 0.653125 0.0921875 0.0703125
0 0.603125 0.62734375 0.0953125 0.0640625