0 0.796875 0.3875 0.359375 0.228125
0 0.5625 0.1375 0.225 0.1578125
0 0.1203125 0.3828125 0.18125 0.1875
0 0.8421875 0.19375 0.2578125 0.1359375
0 0.321875 0.22109375 0.378125 0.2390625
0 0.83984375 0.82421875 0.2140625 0.1765625
0 0.1265625 0.91796875 0.153125 0.1359375
0 0.7171875 0.77578125 0.2484375 0.2078125
0 0.2765625 0.65703125 0.5515625 0.3953125
0 0.44765625 0.94296875 0.1921875 0.0640625
0 0.515625 0.84375 0.0828125 0.06875
0 0.83046875 0.6265625 0.146875 0.059375
0 0.95625 0.028125 0.08125 0.05625
0 0.73515625 0.9265625 0.21875 0.0453125
0 0.19375 0.65859375 0.3875 0.4078125
0 0.59140625 0.6265625 0.1578125 0.0765625