0 0.80625 0.87890625 0.1625 0.2421875
0 0.14609375 0.41796875 0.2171875 0.153125
0 0.91015625 0.6640625 0.1796875 0.1796875
0 0.39453125 0.296875 0.1421875 0.20625
0 0.76328125 0.5296875 0.146875 0.2015625
0 0.23203125 0.2859375 0.2078125 0.2359375
0 0.32265625 0.5109375 0.1578125 0.2203125
0 0.1796875 0.60546875 0.178125 0.165625
1 0.51953125 0.23671875 0.2375 0.1359375
0 0.44140625 0.7125 0.1625 0.1625
0 0.32890625 0.775 0.203125 0.196875
0 0.9453125 0.82109375 0.109375 0.165625
0 0.8625 0.1 0.228125 0.1265625
1 0.74296875 0.36015625 0.1375 0.1375
1 0.70625 0.11484375 0.1046875 0.1234375
1 0.8375 0.2109375 0.146875 0.1046875
0 0.58125 0.7515625 0.2609375 0.2046875
0 0.496875 0.63828125 0.1296875 0.1125
0 0.5234375 0.36484375 0.1296875 0.0765625
1 0.14140625 0.7171875 0.1546875 0.1515625
0 0.75234375 0.684375 0.1515625 0.109375
0 0.4546875 0.52890625 0.075 0.0875
1 0.53125 0.52109375 0.1 0.0859375
0 0.5921875 0.6234375 0.09375 0.05625
0 0.74921875 0.2640625 0.0828125 0.071875
0 0.2875 0.62578125 0.0640625 0.071875
1 0.6546875 0.21875 0.078125 0.0578125
0 0.6609375 0.4171875 0.128125 0.0796875