0 0.88671875 0.096875 0.2109375 0.1921875
0 0.24609375 0.27890625 0.1671875 0.246875
0 0.584375 0.22421875 0.0796875 0.1296875
0 0.16484375 0.70078125 0.065625 0.09375
0 0.9140625 0.37265625 0.146875 0.2109375
0 0.1171875 0.525 0.078125 0.06875
1 0.740625 0.5 0.134375 0.2859375
0 0.0546875 0.6921875 0.078125 0.0703125
0 0.38984375 0.68828125 0.1078125 0.246875
0 0.64296875 0.03515625 0.109375 0.065625
0 0.675 0.20390625 0.0859375 0.0921875
0 0.88671875 0.58984375 0.09375 0.0796875
0 0.4921875 0.5796875 0.1328125 0.225
0 0.259375 0.575 0.075 0.0859375
0 0.63671875 0.2796875 0.071875 0.0671875
0 0.6640625 0.1265625 0.1046875 0.1
0 0.903125 0.68203125 0.09375 0.0671875
0 0.40234375 0.41875 0.090625 0.09375
0 0.85078125 0.709375 0.06875 0.0578125
0 0.89453125 0.52578125 0.0640625 0.0703125
0 0.27421875 0.6859375 0.0921875 0.078125
0 0.2171875 0.44765625 0.0828125 0.0921875