0 0.1515625 0.41640625 0.2421875 0.2046875
0 0.62421875 0.68515625 0.334375 0.19375
0 0.80859375 0.41171875 0.2203125 0.2421875
0 0.8578125 0.184375 0.23125 0.225
0 0.62109375 0.159375 0.2546875 0.2390625
0 0.29296875 0.73828125 0.2515625 0.203125
1 0.48671875 0.86875 0.2203125 0.2296875
0 0.3390625 0.54609375 0.1328125 0.203125
1 0.13203125 0.21484375 0.171875 0.1546875
0 0.31875 0.31796875 0.1328125 0.1890625
0 0.62578125 0.4484375 0.115625 0.19375
0 0.52109375 0.296875 0.16875 0.1234375
1 0.27890625 0.2140625 0.1265625 0.153125