0 0.35078125 0.575 0.2140625 0.1828125
0 0.19765625 0.8828125 0.271875 0.2296875
1 0.44140625 0.121875 0.2390625 0.24375
0 0.32421875 0.31875 0.3828125 0.1671875
0 0.6671875 0.33359375 0.1703125 0.1359375
0 0.41484375 0.79765625 0.165625 0.1578125
0 0.69140625 0.1828125 0.2984375 0.240625
0 0.78125 0.6375 0.109375 0.1796875
0 0.4640625 0.44375 0.2140625 0.1625
0 0.20703125 0.68984375 0.271875 0.1640625
0 0.8546875 0.4515625 0.125 0.16875
0 0.5515625 0.6875 0.203125 0.125
0 0.7421875 0.4625 0.0765625 0.13125
0 0.671875 0.5734375 0.10625 0.0921875
0 0.91796875 0.59375 0.1640625 0.14375
1 0.6359375 0.51796875 0.1203125 0.0859375