1 0.65703125 0.11015625 0.196875 0.215625
0 0.9140625 0.91171875 0.171875 0.175
0 0.7640625 0.25859375 0.2484375 0.1421875
0 0.8734375 0.5796875 0.228125 0.1484375
0 0.484375 0.2234375 0.2484375 0.16875
0 0.44921875 0.4 0.26875 0.1328125
0 0.165625 0.91875 0.2578125 0.1625
0 0.73046875 0.6625 0.0953125 0.1515625
0 0.1625 0.76875 0.2625 0.1484375
0 0.8890625 0.75 0.221875 0.159375
0 0.3703125 0.9078125 0.165625 0.184375
0 0.52578125 0.81171875 0.2140625 0.1921875
0 0.42890625 0.60078125 0.10625 0.1453125
0 0.76484375 0.9140625 0.15 0.171875
0 0.71484375 0.4953125 0.0953125 0.15
1 0.1234375 0.61015625 0.184375 0.1203125
0 0.3140625 0.6265625 0.2328125 0.1859375
0 0.55703125 0.7125 0.1578125 0.0953125
0 0.54140625 0.55390625 0.14375 0.0765625
0 0.34375 0.521875 0.096875 0.1296875
1 0.58984375 0.6234375 0.0796875 0.06875
0 0.6453125 0.83984375 0.13125 0.1796875
1 0.23828125 0.49765625 0.1109375 0.0890625
0 0.66015625 0.63203125 0.05625 0.0890625