0 0.490625 0.78828125 0.090625 0.159375
0 0.22109375 0.2796875 0.0859375 0.10625
0 0.74296875 0.79609375 0.0921875 0.1875
0 0.83359375 0.53046875 0.0828125 0.159375
0 0.28359375 0.23515625 0.0765625 0.1109375
0 0.46875 0.29453125 0.115625 0.1359375
0 0.89140625 0.94453125 0.13125 0.1109375
0 0.92421875 0.6234375 0.0953125 0.15625
0 0.64140625 0.32265625 0.096875 0.0828125
0 0.69609375 0.1859375 0.1390625 0.1375
0 0.56484375 0.25390625 0.0625 0.1125
0 0.05234375 0.57890625 0.0625 0.1140625
0 0.73515625 0.55234375 0.08125 0.0796875
0 0.190625 0.3859375 0.078125 0.084375
0 0.146875 0.70078125 0.053125 0.0953125
0 0.15 0.59453125 0.0546875 0.1296875
0 0.97109375 0.459375 0.0578125 0.1125
0 0.11328125 0.48046875 0.078125 0.06875
0 0.2609375 0.79453125 0.059375 0.1515625
0 0.14921875 0.27265625 0.071875 0.06875
0 0.07109375 0.821875 0.08125 0.14375
0 0.91328125 0.7953125 0.1015625 0.184375
0 0.3984375 0.4453125 0.053125 0.0921875
0 0.503125 0.1671875 0.053125 0.0734375
0 0.365625 0.50625 0.08125 0.046875
0 0.58359375 0.10859375 0.0765625 0.128125
0 0.18671875 0.46875 0.0703125 0.078125
0 0.6640625 0.56328125 0.06875 0.075
0 0.9796875 0.87421875 0.040625 0.115625
0 0.234375 0.63515625 0.075 0.0375
0 0.58515625 0.459375 0.05625 0.0875
0 0.5625 0.728125 0.0734375 0.103125
0 0.6125 0.88125 0.0578125 0.1
0 0.2734375 0.915625 0.1203125 0.16875
0 0.67890625 0.9765625 0.1140625 0.046875
0 0.0484375 0.26171875 0.0640625 0.078125
0 0.61328125 0.16640625 0.065625 0.0609375
0 0.77578125 0.94296875 0.0828125 0.1140625
0 0.18671875 0.43046875 0.0671875 0.128125
0 0.75625 0.65625 0.0796875 0.1
0 0.509375 0.34921875 0.071875 0.053125