0 0.24296875 0.46171875 0.153125 0.0828125
0 0.7328125 0.2171875 0.1015625 0.0796875
0 0.246875 0.7109375 0.18125 0.084375
0 0.51328125 0.8109375 0.1546875 0.075
0 0.77890625 0.2796875 0.10625 0.071875
0 0.72890625 0.4609375 0.1296875 0.109375
0 0.0796875 0.85 0.159375 0.121875
0 0.42578125 0.896875 0.15 0.0890625
0 0.71015625 0.6296875 0.078125 0.09375
0 0.846875 0.6890625 0.1296875 0.1328125
0 0.77421875 0.55703125 0.1078125 0.0578125
0 0.4296875 0.034375 0.109375 0.0671875
0 0.48828125 0.71328125 0.075 0.075
0 0.62578125 0.18203125 0.078125 0.075
0 0.3140625 0.12734375 0.0921875 0.05
0 0.41796875 0.134375 0.125 0.05
0 0.58984375 0.96171875 0.1078125 0.075
0 0.5296875 0.10234375 0.065625 0.075
0 0.2265625 0.23515625 0.146875 0.053125
0 0.7359375 0.14609375 0.065625 0.0671875
0 0.190625 0.04296875 0.1390625 0.0828125
0 0.25625 0.87890625 0.1765625 0.09375
0 0.578125 0.38515625 0.090625 0.05
0 0.85703125 0.5 0.0703125 0.05
0 0.515625 0.35 0.04375 0.078125
0 0.91796875 0.58125 0.1234375 0.0703125
0 0.5453125 0.175 0.075 0.065625
0 0.47265625 0.6421875 0.071875 0.065625
0 0.18203125 0.96171875 0.1109375 0.075
0 0.38203125 0.21484375 0.034375 0.071875
0 0.571875 0.56796875 0.084375 0.053125
0 0.30625 0.53515625 0.1 0.0671875
0 0.15703125 0.578125 0.096875 0.053125
0 0.1 0.2421875 0.1765625 0.1109375
0 0.04296875 0.63984375 0.0859375 0.1078125
0 0.7421875 0.046875 0.075 0.0609375
0 0.86171875 0.6078125 0.0578125 0.0625
0 0.0921875 0.73671875 0.134375 0.075
0 0.58203125 0.1765625 0.125 0.0609375
0 0.3859375 0.7296875 0.096875 0.0734375
0 0.678125 0.49765625 0.0484375 0.06875