0 0.121875 0.6 0.1703125 0.090625
0 0.1859375 0.54296875 0.1234375 0.078125
0 0.55625 0.659375 0.1859375 0.0859375
0 0.04296875 0.46796875 0.0859375 0.0734375
0 0.4671875 0.4609375 0.1328125 0.040625
0 0.6390625 0.08828125 0.1140625 0.0625
0 0.771875 0.159375 0.0921875 0.0671875
0 0.33671875 0.89921875 0.1921875 0.09375
0 0.33125 0.4046875 0.1390625 0.1046875
0 0.72265625 0.778125 0.0859375 0.0578125
0 0.678125 0.94375 0.0875 0.096875
0 0.5296875 0.52265625 0.140625 0.05625
0 0.13203125 0.81875 0.0984375 0.075
0 0.42421875 0.828125 0.1203125 0.053125
0 0.0546875 0.9046875 0.109375 0.075
0 0.45 0.571875 0.096875 0.09375
0 0.7203125 0.659375 0.0859375 0.046875
0 0.015625 0.6953125 0.03125 0.078125
0 0.59375 0.82421875 0.0859375 0.09375
0 0.0421875 0.31796875 0.0515625 0.0578125
0 0.175 0.9671875 0.1328125 0.0640625
0 0.26875 0.7796875 0.078125 0.046875
0 0.08671875 0.72265625 0.0515625 0.0734375
0 0.6015625 0.9203125 0.065625 0.065625
0 0.1328125 0.234375 0.046875 0.0515625
0 0.6703125 0.82109375 0.059375 0.0859375
0 0.22421875 0.97421875 0.06875 0.0515625
0 0.78125 0.5421875 0.109375 0.0609375