0 0.5984375 0.8140625 0.225 0.371875
0 0.54765625 0.23984375 0.2625 0.4234375
0 0.13828125 0.16171875 0.2515625 0.321875
0 0.0796875 0.74765625 0.08125 0.5046875
0 0.40859375 0.64296875 0.140625 0.2140625
0 0.11875 0.41484375 0.146875 0.2046875
0 0.4171875 0.40390625 0.1640625 0.2296875
0 0.46015625 0.80234375 0.08125 0.1125
0 0.74296875 0.84765625 0.0984375 0.1453125
0 0.71953125 0.946875 0.10625 0.10625
0 0.64375 0.47734375 0.103125 0.15625
0 0.71484375 0.2703125 0.1140625 0.209375
0 0.4828125 0.9953125 0.1 0.009375
0 0.81171875 0.234375 0.121875 0.209375
0 0.50546875 0.57734375 0.1 0.14375
0 0.94765625 0.146875 0.1046875 0.178125
0 0.8828125 0.59609375 0.234375 0.2890625
0 0.234375 0.83984375 0.1765625 0.3203125
0 0.2609375 0.421875 0.084375 0.14375
0 0.328125 0.38671875 0.0984375 0.146875
0 0.99765625 0.409375 0.0046875 0.178125
0 0.30625 0.5765625 0.08125 0.0953125