0 0.06015625 0.51796875 0.06875 0.1625
0 0.8296875 0.859375 0.196875 0.240625
0 0.2 0.303125 0.1140625 0.1390625
0 0.853125 0.1734375 0.121875 0.20625
0 0.125 0.46171875 0.1 0.1171875
0 0.9515625 0.890625 0.096875 0.16875
0 0.74296875 0.41875 0.1078125 0.171875
0 0.71484375 0.58046875 0.1859375 0.1515625
0 0.73359375 0.784375 0.11875 0.265625
0 0.25859375 0.70859375 0.1 0.20625
0 0.0890625 0.9140625 0.08125 0.171875
0 0.23828125 0.4390625 0.1453125 0.1234375
0 0.26875 0.53359375 0.1484375 0.1296875
0 0.6109375 0.20625 0.1 0.165625
0 0.42421875 0.29765625 0.1078125 0.2
0 0.2015625 0.85546875 0.1390625 0.1140625
0 0.35625 0.74765625 0.0875 0.1515625
0 0.9703125 0.434375 0.059375 0.178125
0 0.86171875 0.57421875 0.0703125 0.0765625
0 0.8796875 0.06171875 0.1421875 0.1234375
0 0.9765625 0.075 0.046875 0.15
0 0.52109375 0.14140625 0.0828125 0.1234375
0 0.1140625 0.7734375 0.13125 0.1453125
0 0.72109375 0.0171875 0.071875 0.034375
0 0.13203125 0.58671875 0.0828125 0.1265625
0 0.33125 0.26640625 0.0984375 0.15
0 0.0375 0.39375 0.040625 0.196875
0 0.05234375 0.66796875 0.0328125 0.103125
0 0.44921875 0.63984375 0.1625 0.1890625
0 0.18359375 0.67578125 0.0859375 0.0859375
0 0.95859375 0.57265625 0.0828125 0.134375
0 0.5703125 0.0234375 0.0625 0.046875
0 0.9734375 0.77109375 0.053125 0.1140625
0 0.29296875 0.09375 0.1171875 0.08125
0 0.51484375 0.21171875 0.0640625 0.071875
0 0.365625 0.846875 0.06875 0.1203125