0 0.5984375 0.3703125 0.2140625 0.2203125
0 0.41171875 0.88203125 0.1890625 0.2359375
0 0.25234375 0.85390625 0.1859375 0.165625
0 0.275 0.19453125 0.125 0.090625
0 0.3984375 0.63828125 0.1890625 0.146875
0 0.4140625 0.39296875 0.2421875 0.321875
0 0.16953125 0.45 0.1171875 0.175
0 0.64453125 0.69453125 0.15625 0.09375
0 0.2046875 0.63671875 0.1625 0.1328125
0 0.76015625 0.90390625 0.2015625 0.1375
0 0.5609375 0.78125 0.1078125 0.09375
0 0.66796875 0.82265625 0.2734375 0.190625
0 0.67421875 0.15546875 0.15625 0.0859375
0 0.06796875 0.503125 0.1359375 0.2390625
0 0.1453125 0.046875 0.265625 0.09375
0 0.3234375 0.0921875 0.3390625 0.103125
0 0.64765625 0.25078125 0.11875 0.06875
0 0.95078125 0.8203125 0.0984375 0.1078125
0 0.8640625 0.33125 0.246875 0.253125
0 0.53515625 0.9078125 0.1375 0.09375
0 0.12421875 0.84375 0.1640625 0.0953125
0 0.9171875 0.1265625 0.165625 0.2234375
0 0.5109375 0.95078125 0.378125 0.096875
0 0.97109375 0.578125 0.0578125 0.05
0 0.0421875 0.2328125 0.084375 0.059375
0 0.95546875 0.88515625 0.0890625 0.2296875