1 0.3921875 0.14765625 0.221875 0.2953125
1 0.09453125 0.8375 0.171875 0.3109375
0 0.87109375 0.57734375 0.2578125 0.31875
0 0.7203125 0.39453125 0.1703125 0.3359375
0 0.7359375 0.759375 0.1734375 0.375
0 0.13203125 0.5671875 0.2453125 0.2390625
0 0.5609375 0.66015625 0.13125 0.2375
0 0.25234375 0.44609375 0.1484375 0.2453125
0 0.36015625 0.67265625 0.1359375 0.2015625
0 0.36328125 0.478125 0.16875 0.1421875
1 0.30859375 0.79296875 0.203125 0.30625
0 0.57578125 0.4390625 0.0921875 0.1875
0 0.3265625 0.328125 0.1953125 0.153125
0 0.50234375 0.3609375 0.1640625 0.1796875
1 0.49296875 0.56953125 0.0765625 0.128125