0 0.3921875 0.64296875 0.1671875 0.1625
1 0.88984375 0.63125 0.203125 0.2390625
0 0.21171875 0.58671875 0.1515625 0.1203125
0 0.4203125 0.16640625 0.1234375 0.0828125
1 0.30625 0.8328125 0.1375 0.2
1 0.41875 0.0734375 0.1203125 0.1171875
0 0.29296875 0.13203125 0.1328125 0.0828125
0 0.7609375 0.78515625 0.1671875 0.3671875
1 0.578125 0.61171875 0.13125 0.18125
1 0.1484375 0.821875 0.1625 0.146875
1 0.79375 0.465625 0.171875 0.21875
1 0.10625 0.29296875 0.125 0.09375
1 0.59921875 0.43671875 0.0640625 0.146875
0 0.30703125 0.23984375 0.0921875 0.0546875
1 0.375 0.359375 0.09375 0.165625
1 0.44453125 0.3078125 0.0828125 0.0921875
1 0.23046875 0.2140625 0.0515625 0.125
1 0.228125 0.35078125 0.0578125 0.1203125
0 0.3890625 0.2359375 0.084375 0.05625
1 0.65703125 0.51875 0.0390625 0.0640625