0 0.15234375 0.1515625 0.146875 0.1703125
0 0.396875 0.221875 0.1765625 0.1734375
0 0.228125 0.85390625 0.1921875 0.2625
0 0.31640625 0.103125 0.1359375 0.165625
0 0.9140625 0.30625 0.1375 0.2953125
0 0.6375 0.8140625 0.3578125 0.275
0 0.7546875 0.17265625 0.1125 0.203125
1 0.5984375 0.43828125 0.365625 0.3640625
0 0.225 0.371875 0.09375 0.1515625
0 0.06875 0.58125 0.1375 0.2890625
0 0.4015625 0.70703125 0.246875 0.353125
0 0.46875 0.03828125 0.05625 0.0765625
0 0.93671875 0.11875 0.078125 0.0859375
0 0.0296875 0.25390625 0.059375 0.19375
0 0.0625 0.41484375 0.125 0.1453125
0 0.43203125 0.9203125 0.2546875 0.1
0 0.26484375 0.42890625 0.1265625 0.1890625
0 0.15078125 0.603125 0.090625 0.115625
0 0.36328125 0.025 0.071875 0.05
0 0.1640625 0.246875 0.1125 0.0921875
0 0.2859375 0.0140625 0.1171875 0.028125
0 0.034375 0.85859375 0.06875 0.1015625
0 0.71171875 0.0484375 0.1171875 0.0953125
0 0.0921875 0.8140625 0.0953125 0.1296875
0 0.2609375 0.4640625 0.121875 0.115625