0 0.63125 0.584375 0.20625 0.1765625
1 0.54921875 0.18203125 0.3109375 0.33125
0 0.6890625 0.42421875 0.40625 0.1828125
0 0.32734375 0.37890625 0.3125 0.2015625
1 0.4828125 0.7625 0.134375 0.1984375
0 0.296875 0.58046875 0.196875 0.128125
1 0.5765625 0.8890625 0.2921875 0.203125
1 0.66953125 0.29453125 0.178125 0.115625
1 0.84296875 0.77734375 0.2203125 0.115625
1 0.13125 0.41875 0.19375 0.1875
0 0.51796875 0.52421875 0.18125 0.1265625
1 0.19453125 0.47578125 0.2421875 0.0703125
1 0.15703125 0.478125 0.2 0.0609375
1 0.11640625 0.5078125 0.1796875 0.346875