0 0.44453125 0.34140625 0.2015625 0.1203125
1 0.57578125 0.128125 0.15625 0.1859375
0 0.5296875 0.7 0.234375 0.134375
0 0.871875 0.90703125 0.25625 0.1859375
0 0.3265625 0.66015625 0.1296875 0.209375
0 0.25859375 0.4234375 0.1421875 0.2234375
0 0.60703125 0.8328125 0.2421875 0.2203125
0 0.72265625 0.59609375 0.1671875 0.1796875
1 0.50390625 0.25390625 0.10625 0.1015625
0 0.865625 0.6890625 0.26875 0.20625
0 0.6296875 0.51953125 0.10625 0.0953125
1 0.634375 0.2578125 0.11875 0.090625
1 0.7484375 0.3828125 0.078125 0.0953125
0 0.5359375 0.43359375 0.1 0.09375
0 0.4359375 0.61328125 0.121875 0.1359375
0 0.41875 0.47890625 0.071875 0.115625
1 0.43203125 0.39609375 0.1296875 0.053125
0 0.6390625 0.36171875 0.1578125 0.2109375
0 0.13671875 0.55546875 0.234375 0.1828125