0 0.82265625 0.4421875 0.209375 0.134375
0 0.38046875 0.4109375 0.1609375 0.2578125
0 0.45546875 0.659375 0.175 0.215625
0 0.6109375 0.7015625 0.196875 0.1421875
0 0.1828125 0.44609375 0.2390625 0.278125
0 0.8796875 0.90234375 0.240625 0.1953125
0 0.6828125 0.83359375 0.2 0.2140625
0 0.878125 0.715625 0.24375 0.175
0 0.615625 0.3234375 0.1890625 0.18125
0 0.1 0.68984375 0.18125 0.2265625
0 0.7953125 0.5921875 0.2 0.1765625
0 0.57109375 0.4296875 0.1546875 0.0890625
0 0.2578125 0.7515625 0.1859375 0.3015625
0 0.7125 0.50859375 0.10625 0.1421875
1 0.84375 0.26953125 0.125 0.171875
0 0.53984375 0.5703125 0.159375 0.1015625
0 0.76640625 0.30703125 0.125 0.153125
1 0.8171875 0.1078125 0.15 0.1984375