0 0.503125 0.46953125 0.18125 0.19375
0 0.6546875 0.4359375 0.20625 0.1765625
0 0.64375 0.74921875 0.2875 0.2109375
0 0.56171875 0.0625 0.075 0.125
0 0.80703125 0.44765625 0.128125 0.1671875
0 0.3109375 0.3671875 0.0796875 0.1203125
0 0.23984375 0.07421875 0.1046875 0.1484375
0 0.45859375 0.2 0.0734375 0.1640625
0 0.146875 0.246875 0.059375 0.0625
0 0.5921875 0.2453125 0.078125 0.1171875
0 0.32578125 0.66953125 0.0765625 0.2015625
0 0.5265625 0.31640625 0.059375 0.1140625
0 0.43203125 0.67734375 0.084375 0.196875
0 0.03125 0.228125 0.0625 0.1078125
0 0.18828125 0.15078125 0.071875 0.0765625
0 0.1765625 0.7984375 0.134375 0.0703125
0 0.365625 0.534375 0.0609375 0.1265625
0 0.66640625 0.890625 0.3828125 0.1359375
0 0.66796875 0.06796875 0.0828125 0.1078125
0 0.278125 0.83828125 0.096875 0.2015625
0 0.03515625 0.5984375 0.0703125 0.1328125
0 0.16015625 0.86640625 0.1109375 0.1046875
0 0.42890625 0.85859375 0.08125 0.18125
0 0.35625 0.53515625 0.0546875 0.121875
0 0.58046875 0.88984375 0.2296875 0.1421875
0 0.4171875 0.86640625 0.071875 0.1875