0 0.40390625 0.4515625 0.10625 0.0671875
0 0.72890625 0.2171875 0.0734375 0.0828125
0 0.8984375 0.72421875 0.0703125 0.0921875
0 0.2484375 0.390625 0.1171875 0.0859375
0 0.64296875 0.8890625 0.1140625 0.2015625
0 0.609375 0.353125 0.1296875 0.0890625
0 0.25 0.8265625 0.103125 0.1078125
0 0.66015625 0.25078125 0.1 0.0640625
0 0.91875 0.83515625 0.0765625 0.0859375
0 0.22109375 0.52578125 0.0625 0.1078125
0 0.590625 0.703125 0.1203125 0.1015625
0 0.8390625 0.2296875 0.1 0.0765625
0 0.79921875 0.8234375 0.053125 0.121875
0 0.71953125 0.7515625 0.11875 0.0859375
0 0.42265625 0.3375 0.125 0.0609375
0 0.990625 0.61171875 0.01875 0.065625
0 0.3109375 0.625 0.1078125 0.1828125
0 0.28046875 0.246875 0.10625 0.0578125
0 0.7875 0.61875 0.128125 0.0703125
0 0.43125 0.71953125 0.0890625 0.08125
0 0.48359375 0.60234375 0.115625 0.0984375
0 0.18671875 0.71484375 0.0890625 0.0625
0 0.98046875 0.80625 0.0390625 0.0609375
0 0.33671875 0.19609375 0.0859375 0.0484375
0 0.4296875 0.83515625 0.1 0.0890625
0 0.084375 0.9328125 0.0671875 0.1328125
0 0.17890625 0.86015625 0.1046875 0.078125
0 0.0796875 0.2359375 0.0921875 0.0609375
0 0.93515625 0.18515625 0.0609375 0.0765625
0 0.359375 0.909375 0.1046875 0.171875
0 0.446875 0.9265625 0.0953125 0.071875
0 0.4859375 0.0515625 0.10625 0.0546875
0 0.6265625 0.54609375 0.134375 0.084375
0 0.3984375 0.64375 0.06875 0.0640625
0 0.44296875 0.1984375 0.13125 0.0546875
0 0.96875 0.22734375 0.0625 0.0546875
0 0.0546875 0.5953125 0.04375 0.05625
0 0.271875 0.9796875 0.096875 0.0328125
0 0.16328125 0.5984375 0.1046875 0.0515625
0 0.31640625 0.740625 0.1046875 0.0765625
0 0.7765625 0.290625 0.1234375 0.0546875
0 0.45859375 0.51015625 0.1046875 0.0515625
0 0.07578125 0.83203125 0.0609375 0.1078125
0 0.16171875 0.7875 0.0890625 0.05625
0 0.31640625 0.0203125 0.0890625 0.040625
0 0.98359375 0.0359375 0.0328125 0.071875
0 0.66015625 0.628125 0.0890625 0.0703125
0 0.91796875 0.09765625 0.075 0.0484375
0 0.94140625 0.61875 0.0640625 0.0625
0 0.75625 0.35390625 0.1 0.0625
0 0.71328125 0.6625 0.0734375 0.0578125
0 0.5296875 0.9640625 0.090625 0.0546875
0 0.82890625 0.33515625 0.0765625 0.0546875
0 0.5359375 0.82421875 0.053125 0.1109375
0 0.11796875 0.96328125 0.121875 0.0734375