0 0.1484375 0.8453125 0.296875 0.2484375
0 0.72578125 0.50703125 0.2140625 0.140625
0 0.3984375 0.85625 0.2625 0.2875
0 0.77265625 0.72890625 0.2953125 0.203125
0 0.2265625 0.64453125 0.3515625 0.21875
0 0.65078125 0.58046875 0.090625 0.1078125
0 0.54921875 0.27890625 0.2875 0.2140625
0 0.4734375 0.45078125 0.296875 0.1296875
0 0.578125 0.68046875 0.1109375 0.1234375
1 0.85703125 0.63046875 0.134375 0.090625
0 0.75703125 0.16328125 0.33125 0.26875
0 0.84765625 0.36328125 0.275 0.1875
1 0.36640625 0.53046875 0.1453125 0.078125
1 0.3859375 0.40078125 0.1125 0.0921875
1 0.484375 0.68515625 0.1234375 0.1203125