0 0.1390625 0.44140625 0.1328125 0.075
0 0.67890625 0.7671875 0.1609375 0.11875
0 0.9359375 0.38828125 0.115625 0.0484375
0 0.91875 0.66796875 0.1203125 0.0796875
0 0.23515625 0.96015625 0.11875 0.0609375
0 0.4609375 0.6796875 0.1546875 0.065625
0 0.46484375 0.9453125 0.0671875 0.10625
0 0.47421875 0.87109375 0.0625 0.0640625
0 0.31796875 0.4671875 0.1703125 0.05625
0 0.18984375 0.3171875 0.1140625 0.053125
0 0.15234375 0.23828125 0.096875 0.0515625
0 0.5890625 0.528125 0.1359375 0.04375
0 0.90859375 0.48828125 0.1140625 0.0453125
0 0.69609375 0.596875 0.1359375 0.0625
0 0.55078125 0.4671875 0.1203125 0.034375
0 0.81796875 0.89609375 0.0953125 0.09375
0 0.8328125 0.75625 0.0625 0.0796875
0 0.17265625 0.88203125 0.146875 0.05625
0 0.48828125 0.4390625 0.078125 0.0515625
0 0.2328125 0.409375 0.0796875 0.04375
0 0.428125 0.20859375 0.1328125 0.0359375
0 0.79296875 0.51484375 0.075 0.0546875
0 0.66328125 0.3890625 0.10625 0.0359375
0 0.73125 0.90390625 0.0890625 0.05
0 0.9296875 0.84921875 0.1140625 0.065625
0 0.37890625 0.365625 0.1078125 0.0578125
0 0.36875 0.7890625 0.0484375 0.08125
0 0.903125 0.74375 0.071875 0.075
0 0.07890625 0.6046875 0.14375 0.121875
0 0.68515625 0.4265625 0.05 0.0625
0 0.74609375 0.5421875 0.0625 0.0421875
0 0.246875 0.234375 0.1265625 0.0375
0 0.51484375 0.26484375 0.1734375 0.04375
0 0.09765625 0.77109375 0.0875 0.05625
0 0.921875 0.22265625 0.0875 0.0375
0 0.503125 0.08671875 0.0484375 0.06875
0 0.7546875 0.43203125 0.0875 0.05625
0 0.24375 0.271875 0.1265625 0.0359375
0 0.6078125 0.10234375 0.0578125 0.0734375
0 0.33125 0.17421875 0.10625 0.028125
0 0.47421875 0.7671875 0.0625 0.1109375
0 0.546875 0.08984375 0.0515625 0.0640625
0 0.22890625 0.09609375 0.065625 0.0578125
0 0.76875 0.2390625 0.0546875 0.0578125
0 0.11484375 0.66484375 0.0703125 0.0859375
0 0.96328125 0.609375 0.0640625 0.0734375
0 0.96640625 0.92109375 0.0640625 0.0828125
0 0.86015625 0.45 0.075 0.0328125
0 0.16875 0.5734375 0.09375 0.075
0 0.8703125 0.2171875 0.04375 0.040625
0 0.65390625 0.8640625 0.05 0.05625
0 0.3 0.0234375 0.0765625 0.046875
0 0.05 0.32578125 0.1 0.046875
0 0.29609375 0.78125 0.0640625 0.0625
0 0.23828125 0.7609375 0.0796875 0.0703125
0 0.825 0.33125 0.103125 0.0359375
0 0.3140625 0.321875 0.078125 0.0390625
0 0.6171875 0.30625 0.1 0.0359375
0 0.44296875 0.3359375 0.10625 0.065625
0 0.20625 0.65078125 0.115625 0.0609375
0 0.7578125 0.12578125 0.04375 0.05625