0 0.4734375 0.6078125 0.1734375 0.1765625
0 0.49453125 0.75859375 0.1609375 0.2015625
0 0.284375 0.54375 0.178125 0.0765625
0 0.5859375 0.43359375 0.1078125 0.0796875
0 0.7328125 0.5703125 0.15 0.071875
0 0.61953125 0.6328125 0.10625 0.05625
0 0.3796875 0.13125 0.13125 0.1484375
0 0.14765625 0.3984375 0.171875 0.1015625
0 0.8859375 0.36171875 0.1640625 0.1359375
0 0.86875 0.6703125 0.1328125 0.075
0 0.08203125 0.0453125 0.1625 0.084375
0 0.11953125 0.53046875 0.1625 0.075
0 0.471875 0.8875 0.159375 0.1375
0 0.678125 0.69375 0.1078125 0.065625
0 0.71015625 0.28359375 0.053125 0.06875
0 0.12734375 0.29375 0.1 0.109375
0 0.30078125 0.44609375 0.1921875 0.078125
0 0.7375 0.1640625 0.096875 0.078125
0 0.01875 0.31875 0.034375 0.09375
0 0.97421875 0.315625 0.0515625 0.1734375
0 0.95859375 0.434375 0.0828125 0.1125
0 0.19609375 0.284375 0.0671875 0.09375
0 0.8484375 0.7640625 0.0921875 0.084375
0 0.20078125 0.74921875 0.1953125 0.26875
0 0.79375 0.31015625 0.065625 0.0640625
0 0.4234375 0.471875 0.1015625 0.0609375
0 0.071875 0.68125 0.1359375 0.2109375
0 0.06484375 0.7875 0.1203125 0.36875