0 0.278125 0.56796875 0.1359375 0.2421875
0 0.2296875 0.8765625 0.1359375 0.159375
0 0.80390625 0.6359375 0.2515625 0.203125
0 0.5296875 0.81171875 0.140625 0.2984375
0 0.55 0.5078125 0.140625 0.2578125
0 0.69609375 0.8 0.2015625 0.2828125
0 0.109375 0.24140625 0.21875 0.221875
0 0.159375 0.44140625 0.21875 0.203125
0 0.40078125 0.3140625 0.19375 0.271875
0 0.275 0.1875 0.1515625 0.334375
0 0.671875 0.47265625 0.165625 0.31875
1 0.459375 0.446875 0.078125 0.0796875
1 0.26875 0.7296875 0.0671875 0.134375
1 0.51640625 0.3359375 0.071875 0.1296875
0 0.40546875 0.60859375 0.0953125 0.1296875
1 0.4015625 0.76796875 0.1578125 0.18125