0 0.27890625 0.70390625 0.359375 0.153125
1 0.475 0.85703125 0.2140625 0.221875
0 0.4828125 0.21640625 0.2296875 0.196875
1 0.6546875 0.7 0.3265625 0.1484375
0 0.246875 0.1421875 0.309375 0.2421875
0 0.20234375 0.328125 0.3578125 0.16875
0 0.54140625 0.340625 0.1828125 0.096875
0 0.32578125 0.584375 0.2796875 0.1078125
0 0.6640625 0.3859375 0.1125 0.1265625
0 0.64609375 0.5890625 0.2640625 0.0984375
0 0.784375 0.4421875 0.203125 0.1578125
0 0.3421875 0.41953125 0.2171875 0.1421875
0 0.64921875 0.5 0.1015625 0.10625
1 0.375 0.50703125 0.16875 0.046875
1 0.9265625 0.4390625 0.0828125 0.09375