0 0.796875 0.15390625 0.159375 0.228125
0 0.47109375 0.5703125 0.1703125 0.3734375
0 0.62109375 0.10859375 0.109375 0.2171875
0 0.66328125 0.78203125 0.1234375 0.13125
0 0.37265625 0.1125 0.1703125 0.225
0 0.209375 0.26953125 0.1640625 0.1703125
0 0.18828125 0.50703125 0.0890625 0.1734375
0 0.6453125 0.52578125 0.125 0.13125
0 0.69453125 0.415625 0.1265625 0.084375
0 0.55703125 0.05390625 0.1140625 0.1078125
0 0.66328125 0.6078125 0.0875 0.1046875
0 0.56953125 0.77734375 0.0671875 0.1640625
0 0.95859375 0.19375 0.0828125 0.2015625
0 0.2359375 0.68203125 0.04375 0.090625
0 0.2171875 0.13984375 0.1171875 0.109375
0 0.43984375 0.82578125 0.059375 0.078125
0 0.07578125 0.453125 0.075 0.11875
0 0.184375 0.890625 0.053125 0.096875
0 0.14140625 0.80546875 0.059375 0.1015625
0 0.29921875 0.3984375 0.065625 0.1609375
0 0.03046875 0.296875 0.05625 0.1078125
0 0.30390625 0.6015625 0.0625 0.1015625
0 0.40390625 0.290625 0.0734375 0.1359375
0 0.08671875 0.728125 0.0625 0.1171875
0 0.78671875 0.81171875 0.0875 0.11875
0 0.76875 0.61875 0.0859375 0.1046875
0 0.2390625 0.75390625 0.05625 0.059375
0 0.1 0.60234375 0.0453125 0.11875
0 0.70078125 0.66015625 0.065625 0.0984375
0 0.07421875 0.8234375 0.0546875 0.0625
0 0.72890625 0.22421875 0.059375 0.1140625