0 0.86015625 0.11328125 0.1890625 0.2046875
0 0.5984375 0.8625 0.1609375 0.2359375
0 0.2953125 0.284375 0.128125 0.1484375
0 0.71796875 0.36875 0.1703125 0.1328125
0 0.66171875 0.56484375 0.1625 0.1140625
0 0.6640625 0.684375 0.16875 0.1078125
0 0.5703125 0.25703125 0.1921875 0.1046875
0 0.13515625 0.32890625 0.2109375 0.1390625
0 0.64140625 0.146875 0.2 0.18125
0 0.43984375 0.72578125 0.24375 0.1234375
0 0.86171875 0.28515625 0.2484375 0.1390625
0 0.375 0.48203125 0.10625 0.1390625
0 0.4546875 0.5875 0.171875 0.071875
0 0.4265625 0.32578125 0.121875 0.1296875
0 0.2296875 0.440625 0.1015625 0.128125
0 0.659375 0.45625 0.103125 0.0859375
0 0.59296875 0.3609375 0.0734375 0.11875
1 0.2875 0.45703125 0.0453125 0.053125
0 0.51953125 0.4234375 0.0921875 0.0546875
0 0.4671875 0.3890625 0.0953125 0.0515625
1 0.18203125 0.4078125 0.065625 0.0515625
0 0.34921875 0.35546875 0.05 0.04375