0 0.85390625 0.07578125 0.2796875 0.1515625
0 0.85703125 0.3453125 0.2796875 0.2046875
0 0.240625 0.27890625 0.4640625 0.1984375
0 0.690625 0.59296875 0.3 0.171875
0 0.87109375 0.76796875 0.246875 0.15625
0 0.621875 0.81796875 0.16875 0.1609375
0 0.253125 0.5640625 0.2671875 0.1859375
0 0.2390625 0.6953125 0.1890625 0.109375
0 0.4140625 0.88359375 0.2390625 0.2328125
0 0.4140625 0.4328125 0.1640625 0.1046875
0 0.3390625 0.128125 0.1671875 0.059375
0 0.728125 0.90703125 0.2078125 0.171875
0 0.07421875 0.103125 0.146875 0.1421875
0 0.509375 0.21484375 0.134375 0.0953125
0 0.63984375 0.27578125 0.1390625 0.071875
0 0.56875 0.4859375 0.1828125 0.1
0 0.23984375 0.86015625 0.146875 0.1109375
0 0.45625 0.03828125 0.209375 0.075
0 0.50234375 0.57578125 0.1 0.0640625
0 0.49609375 0.69140625 0.1078125 0.075
0 0.15703125 0.86796875 0.3140625 0.2484375
0 0.43671875 0.515625 0.1 0.0640625
0 0.92890625 0.9 0.0875 0.053125