0 0.1171875 0.11796875 0.21875 0.203125
0 0.890625 0.40859375 0.21875 0.165625
0 0.72109375 0.33515625 0.1203125 0.16875
0 0.16640625 0.3421875 0.175 0.203125
0 0.39140625 0.27578125 0.140625 0.1765625
0 0.5953125 0.33671875 0.1296875 0.171875
0 0.28359375 0.425 0.1046875 0.1953125
0 0.3 0.1359375 0.1421875 0.25625
0 0.3328125 0.70546875 0.159375 0.125
0 0.3875 0.87734375 0.1484375 0.2203125
0 0.63203125 0.5484375 0.0828125 0.1796875
0 0.7765625 0.57578125 0.1390625 0.2515625
0 0.5296875 0.6296875 0.15 0.1109375
0 0.3625 0.56875 0.1484375 0.125
0 0.4953125 0.7796875 0.1375 0.1109375
0 0.4875 0.334375 0.0875 0.1046875
0 0.39453125 0.40234375 0.1140625 0.0765625
0 0.428125 0.52890625 0.0640625 0.09375
0 0.4609375 0.47890625 0.0546875 0.0890625
1 0.509375 0.7109375 0.0625 0.059375
1 0.46796875 0.83046875 0.046875 0.0578125
0 0.521875 0.4296875 0.0984375 0.0484375