0 0.16484375 0.265625 0.3296875 0.2328125
0 0.784375 0.325 0.428125 0.3015625
0 0.146875 0.55234375 0.29375 0.2390625
0 0.34765625 0.11015625 0.2515625 0.1609375
0 0.528125 0.73046875 0.284375 0.1984375
0 0.3125 0.36015625 0.1671875 0.140625
0 0.31640625 0.85234375 0.215625 0.228125
0 0.9109375 0.14921875 0.178125 0.23125
0 0.52265625 0.38671875 0.1828125 0.1453125
0 0.4359375 0.2296875 0.09375 0.06875
0 0.6453125 0.54609375 0.4453125 0.2421875
0 0.61484375 0.225 0.140625 0.1125
0 0.015625 0.10703125 0.03125 0.0828125
0 0.89609375 0.73125 0.203125 0.5375
0 0.16171875 0.81953125 0.3234375 0.3609375