0 0.3109375 0.82734375 0.2203125 0.3203125
0 0.8265625 0.2859375 0.2921875 0.1453125
0 0.159375 0.61171875 0.2875 0.2125
0 0.51015625 0.36953125 0.159375 0.0734375
0 0.47265625 0.62734375 0.296875 0.14375
0 0.28828125 0.4203125 0.259375 0.11875
1 0.56328125 0.09921875 0.1390625 0.13125
0 0.2796875 0.50625 0.1578125 0.1609375
0 0.61015625 0.1625 0.159375 0.115625
0 0.5703125 0.28046875 0.25625 0.134375
1 0.13984375 0.26640625 0.1984375 0.084375
1 0.55078125 0.7640625 0.2046875 0.1875
1 0.38828125 0.509375 0.0953125 0.0546875
1 0.1265625 0.73046875 0.1453125 0.0640625
1 0.4296875 0.2046875 0.2453125 0.1203125
0 0.5921875 0.45625 0.0953125 0.1578125