0 0.6421875 0.2703125 0.2875 0.1734375
0 0.4640625 0.0609375 0.1359375 0.121875
0 0.48203125 0.9375 0.1515625 0.125
0 0.165625 0.603125 0.1359375 0.1484375
0 0.0890625 0.37109375 0.0921875 0.1203125
0 0.81328125 0.47890625 0.1046875 0.1046875
0 0.43984375 0.803125 0.1765625 0.109375
0 0.86796875 0.7578125 0.1828125 0.153125
0 0.55390625 0.57734375 0.2265625 0.1046875
0 0.93203125 0.66015625 0.1359375 0.1234375
0 0.5703125 0.36640625 0.15 0.0890625
0 0.34609375 0.4140625 0.2328125 0.2625
0 0.46484375 0.68125 0.225 0.13125
0 0.7203125 0.853125 0.175 0.115625
0 0.26796875 0.19140625 0.246875 0.1671875
0 0.6390625 0.65390625 0.096875 0.059375
0 0.15390625 0.034375 0.225 0.06875
0 0.0265625 0.07265625 0.053125 0.1
0 0.8796875 0.9390625 0.240625 0.0890625
0 0.8109375 0.38515625 0.096875 0.0921875
0 0.89453125 0.46015625 0.075 0.08125
0 0.96640625 0.428125 0.0671875 0.1890625
0 0.95703125 0.5734375 0.0859375 0.1046875