0 0.35625 0.39921875 0.1375 0.0734375
0 0.5109375 0.55859375 0.1640625 0.090625
0 0.71640625 0.2953125 0.0828125 0.059375
0 0.6703125 0.203125 0.071875 0.0734375
0 0.4640625 0.44609375 0.165625 0.0875
0 0.40390625 0.52890625 0.121875 0.0578125
0 0.8953125 0.3296875 0.075 0.0578125
0 0.51015625 0.628125 0.1078125 0.059375
0 0.67265625 0.54296875 0.0703125 0.0609375
0 0.92734375 0.47265625 0.0796875 0.0671875
0 0.925 0.39921875 0.0984375 0.0421875
0 0.72890625 0.14375 0.04375 0.08125
0 0.7 0.0578125 0.0859375 0.0546875
0 0.8046875 0.64921875 0.06875 0.0578125
0 0.67265625 0.3578125 0.103125 0.0375
0 0.23671875 0.31171875 0.0828125 0.0609375
0 0.11875 0.33359375 0.1046875 0.040625
0 0.55078125 0.06796875 0.1234375 0.0390625
0 0.84140625 0.29140625 0.0625 0.0515625
0 0.15 0.0609375 0.0859375 0.046875
0 0.41640625 0.33203125 0.140625 0.0375
0 0.8578125 0.07890625 0.0578125 0.0609375
0 0.56875 0.96875 0.0828125 0.059375
0 0.2546875 0.23203125 0.075 0.075
0 0.41796875 0.07890625 0.115625 0.0578125
0 0.9390625 0.12109375 0.09375 0.0421875
0 0.6 0.6890625 0.1609375 0.0546875
0 0.65390625 0.9046875 0.1421875 0.1609375
0 0.021875 0.43828125 0.04375 0.0859375
0 0.08828125 0.2421875 0.1609375 0.0421875
0 0.40078125 0.82421875 0.0640625 0.0890625
0 0.28671875 0.1796875 0.0953125 0.0640625
0 0.07890625 0.6203125 0.103125 0.059375
0 0.271875 0.51328125 0.19375 0.103125
0 0.42265625 0.95078125 0.1296875 0.0953125
0 0.72265625 0.51015625 0.0765625 0.0640625
0 0.06484375 0.3078125 0.0640625 0.065625
0 0.78125 0.1 0.0859375 0.0484375
0 0.565625 0.375 0.0828125 0.06875
0 0.38203125 0.73984375 0.0828125 0.0578125