1 0.3953125 0.790625 0.2 0.090625
0 0.73828125 0.33203125 0.35 0.1609375
0 0.66484375 0.43046875 0.2421875 0.1046875
0 0.39375 0.240625 0.35625 0.2203125
0 0.8453125 0.69609375 0.2484375 0.1609375
0 0.63203125 0.13359375 0.2828125 0.253125
0 0.78671875 0.5609375 0.2375 0.1203125
1 0.2125 0.9046875 0.1765625 0.1609375
0 0.38515625 0.3859375 0.2859375 0.1171875
0 0.2609375 0.63984375 0.1828125 0.1421875
1 0.4484375 0.68203125 0.16875 0.1125
0 0.66015625 0.7 0.140625 0.14375
0 0.64375 0.54609375 0.0984375 0.08125
1 0.14375 0.75 0.2515625 0.121875
0 0.43359375 0.5171875 0.2140625 0.0953125
1 0.58515625 0.63984375 0.04375 0.059375