0 0.66640625 0.44609375 0.2515625 0.1625
0 0.71640625 0.8671875 0.2265625 0.225
0 0.5234375 0.77265625 0.25625 0.175
1 0.825 0.703125 0.3140625 0.121875
1 0.75859375 0.33984375 0.228125 0.1109375
1 0.73828125 0.55703125 0.2390625 0.1609375
0 0.184375 0.453125 0.325 0.14375
0 0.5078125 0.634375 0.18125 0.08125
0 0.3859375 0.39296875 0.1375 0.190625
1 0.51015625 0.29921875 0.1890625 0.1375
1 0.3484375 0.58671875 0.13125 0.1984375
1 0.6828125 0.1484375 0.1875 0.253125
1 0.18203125 0.58125 0.2328125 0.115625
0 0.471875 0.54609375 0.1125 0.1125