0 0.28125 0.88984375 0.2234375 0.2203125
0 0.49296875 0.25 0.2375 0.1828125
0 0.34609375 0.128125 0.184375 0.2109375
0 0.12890625 0.11484375 0.2375 0.19375
0 0.18203125 0.2890625 0.209375 0.15625
0 0.2796875 0.72890625 0.2203125 0.11875
0 0.30859375 0.4296875 0.1703125 0.1875
0 0.35390625 0.59609375 0.2 0.1359375
1 0.87734375 0.39296875 0.2328125 0.1703125
0 0.68046875 0.62421875 0.0984375 0.2078125
0 0.48828125 0.86328125 0.190625 0.2328125
0 0.6921875 0.40234375 0.1703125 0.165625
0 0.56484375 0.61796875 0.14375 0.071875
0 0.66953125 0.26328125 0.10625 0.196875
0 0.7859375 0.58515625 0.1703125 0.2375
0 0.428125 0.46640625 0.0796875 0.084375
0 0.4390625 0.55703125 0.0953125 0.0984375
0 0.61328125 0.53125 0.0875 0.1140625
0 0.49375 0.37890625 0.0953125 0.075
0 0.61171875 0.75 0.11875 0.125
0 0.58203125 0.40390625 0.0859375 0.1171875
0 0.525 0.44765625 0.090625 0.0703125
0 0.4984375 0.52734375 0.1109375 0.053125
0 0.58359375 0.7421875 0.16875 0.1328125