0 0.309375 0.4578125 0.184375 0.3125
0 0.46328125 0.14765625 0.2109375 0.2671875
1 0.08203125 0.11171875 0.1640625 0.2078125
0 0.478125 0.6921875 0.253125 0.1703125
0 0.73046875 0.928125 0.140625 0.14375
0 0.74375 0.1078125 0.1640625 0.1671875
0 0.59765625 0.87421875 0.1453125 0.1984375
0 0.759375 0.79453125 0.16875 0.1453125
0 0.12578125 0.30703125 0.2515625 0.21875
0 0.734375 0.50859375 0.103125 0.196875
0 0.24375 0.10546875 0.1671875 0.19375
0 0.884375 0.5265625 0.1703125 0.240625
0 0.5203125 0.29375 0.1203125 0.0953125
0 0.77578125 0.628125 0.2390625 0.1703125
0 0.81640625 0.1515625 0.13125 0.084375
0 0.56328125 0.49921875 0.0765625 0.1203125
0 0.45703125 0.57109375 0.09375 0.15
0 0.8921875 0.31953125 0.1875 0.128125
0 0.4359375 0.4359375 0.0921875 0.1703125
0 0.49921875 0.38515625 0.0953125 0.109375
0 0.734375 0.278125 0.121875 0.2
0 0.5578125 0.359375 0.059375 0.09375
0 0.9359375 0.4015625 0.109375 0.165625