0 0.7640625 0.5015625 0.20625 0.2421875
0 0.69296875 0.190625 0.1578125 0.3484375
0 0.5953125 0.8265625 0.1765625 0.3140625
0 0.43828125 0.6625 0.1453125 0.103125
0 0.54453125 0.36171875 0.1140625 0.1328125
0 0.60390625 0.6234375 0.16875 0.0953125
0 0.49609375 0.47734375 0.10625 0.1203125
0 0.6 0.50625 0.0828125 0.1578125
0 0.54296875 0.55625 0.0859375 0.0671875
1 0.859375 0.3015625 0.2296875 0.2359375
1 0.23203125 0.590625 0.1078125 0.1015625
1 0.14453125 0.5875 0.265625 0.0953125
1 0.37578125 0.3921875 0.0890625 0.084375