1 0.20390625 0.796875 0.265625 0.15
0 0.76171875 0.2140625 0.2484375 0.325
0 0.55078125 0.86796875 0.1859375 0.2390625
0 0.621875 0.33046875 0.2265625 0.246875
0 0.859375 0.43671875 0.28125 0.165625
0 0.6046875 0.51328125 0.1859375 0.11875
0 0.4921875 0.62890625 0.175 0.2234375
0 0.77109375 0.56875 0.13125 0.1484375
0 0.390625 0.88671875 0.1390625 0.2203125
1 0.3296875 0.65078125 0.190625 0.2234375
0 0.78984375 0.7609375 0.2109375 0.1703125
1 0.9125 0.78046875 0.11875 0.0859375
1 0.8234375 0.7078125 0.0859375 0.06875
1 0.83125 0.84609375 0.0671875 0.071875