0 0.85625 0.29140625 0.25625 0.15625
0 0.2703125 0.46015625 0.3140625 0.165625
1 0.3265625 0.82734375 0.290625 0.271875
1 0.43203125 0.06171875 0.1484375 0.1234375
0 0.2859375 0.1984375 0.259375 0.1578125
1 0.6046875 0.7046875 0.4078125 0.24375
0 0.66875 0.1875 0.1484375 0.1203125
1 0.67890625 0.44765625 0.234375 0.2109375
0 0.5703125 0.33203125 0.3328125 0.19375
1 0.20546875 0.64765625 0.35625 0.1921875
1 0.24375 0.0328125 0.153125 0.065625
0 0.5265625 0.51015625 0.203125 0.1296875
1 0.4859375 0.14140625 0.1359375 0.0875
1 0.28125 0.1 0.1015625 0.0703125