0 0.25390625 0.7609375 0.2078125 0.1421875
0 0.67421875 0.9125 0.190625 0.10625
0 0.359375 0.3515625 0.1890625 0.134375
0 0.1890625 0.684375 0.1921875 0.1875
0 0.734375 0.2796875 0.409375 0.128125
0 0.15546875 0.4640625 0.2390625 0.134375
0 0.44921875 0.58359375 0.140625 0.09375
0 0.82265625 0.03671875 0.1765625 0.0734375
0 0.925 0.38515625 0.1015625 0.1203125
0 0.9015625 0.74453125 0.103125 0.1171875
0 0.51328125 0.4296875 0.21875 0.15
0 0.115625 0.13359375 0.11875 0.065625
0 0.91484375 0.621875 0.090625 0.09375
0 0.25625 0.29375 0.2609375 0.1109375
0 0.02734375 0.5921875 0.0546875 0.159375
0 0.0609375 0.88203125 0.11875 0.0921875
0 0.321875 0.5609375 0.1078125 0.0796875
0 0.83671875 0.4296875 0.1953125 0.1828125
0 0.78359375 0.17109375 0.315625 0.153125
0 0.396875 0.7265625 0.08125 0.0609375
0 0.4625 0.15234375 0.2796875 0.2921875
0 0.70390625 0.7984375 0.0875 0.0765625
0 0.4953125 0.7953125 0.153125 0.1734375