0 0.190625 0.11171875 0.1765625 0.20625
0 0.684375 0.4734375 0.178125 0.1953125
0 0.296875 0.825 0.1765625 0.2734375
0 0.40234375 0.95546875 0.1359375 0.0875
0 0.590625 0.3421875 0.1359375 0.1765625
0 0.915625 0.78359375 0.1265625 0.11875
0 0.4703125 0.15703125 0.0703125 0.1203125
0 0.75546875 0.8140625 0.1 0.1734375
0 0.79453125 0.61875 0.1109375 0.146875
0 0.4390625 0.584375 0.1328125 0.2046875
0 0.6453125 0.05546875 0.134375 0.08125
0 0.6359375 0.80546875 0.1671875 0.3
0 0.4390625 0.38984375 0.1875 0.2078125
0 0.91015625 0.89921875 0.1296875 0.2015625
0 0.53984375 0.83984375 0.184375 0.2078125
0 0.26953125 0.609375 0.08125 0.1375
0 0.2375 0.378125 0.1015625 0.1046875
0 0.53515625 0.4890625 0.0828125 0.1234375
0 0.09296875 0.621875 0.0765625 0.1609375
0 0.3640625 0.16640625 0.0875 0.0515625
0 0.1421875 0.3765625 0.075 0.1640625
0 0.646875 0.61484375 0.0734375 0.0859375
0 0.20703125 0.50390625 0.0609375 0.0734375
0 0.65 0.95078125 0.0984375 0.0984375
0 0.10546875 0.759375 0.0671875 0.0859375