0 0.6484375 0.1859375 0.1578125 0.365625
1 0.8375 0.30546875 0.2796875 0.225
0 0.44296875 0.79140625 0.1375 0.1484375
1 0.19140625 0.3046875 0.1484375 0.4234375
1 0.54453125 0.5515625 0.121875 0.1765625
1 0.1890625 0.70234375 0.1359375 0.3109375
1 0.49140625 0.37109375 0.115625 0.1609375
1 0.36015625 0.89453125 0.165625 0.1609375
1 0.70390625 0.50390625 0.1640625 0.2234375
1 0.30703125 0.75 0.1046875 0.121875
1 0.3234375 0.63828125 0.0859375 0.1015625
1 0.4125 0.72109375 0.0859375 0.0953125
1 0.3015625 0.35390625 0.0734375 0.059375
1 0.3921875 0.36015625 0.103125 0.0796875
0 0.584375 0.45859375 0.059375 0.0859375
0 0.41640625 0.43046875 0.0546875 0.0875
0 0.40234375 0.603125 0.0453125 0.0953125
1 0.08984375 0.68515625 0.1234375 0.2078125
1 0.084375 0.646875 0.1234375 0.2828125
1 0.3546875 0.2859375 0.0453125 0.09375
1 0.04453125 0.49140625 0.0890625 0.1390625