0 0.36171875 0.596875 0.14375 0.1859375
1 0.884375 0.28203125 0.23125 0.1875
0 0.63203125 0.81796875 0.26875 0.2828125
0 0.59765625 0.24296875 0.278125 0.2015625
0 0.7859375 0.43515625 0.209375 0.2015625
0 0.46171875 0.4828125 0.2015625 0.1390625
0 0.48203125 0.6859375 0.234375 0.1703125
1 0.1703125 0.55703125 0.2828125 0.1828125
0 0.55390625 0.36484375 0.234375 0.153125
0 0.721875 0.6171875 0.225 0.1828125
0 0.65 0.55703125 0.128125 0.0765625
0 0.53984375 0.58359375 0.10625 0.05625
0 0.85 0.11328125 0.2359375 0.2078125