0 0.87265625 0.71484375 0.215625 0.2015625
0 0.43984375 0.33203125 0.24375 0.171875
0 0.315625 0.83828125 0.18125 0.303125
0 0.51796875 0.66484375 0.18125 0.15625
0 0.71171875 0.3546875 0.2546875 0.165625
0 0.8125 0.54609375 0.1734375 0.14375
1 0.68359375 0.15234375 0.1265625 0.171875
0 0.38203125 0.5203125 0.1734375 0.1953125
1 0.50546875 0.184375 0.2515625 0.1640625
0 0.70234375 0.71328125 0.13125 0.175
0 0.6296875 0.60703125 0.1140625 0.0875
0 0.57421875 0.38203125 0.09375 0.1859375
0 0.7109375 0.50234375 0.0875 0.1
1 0.17578125 0.71640625 0.23125 0.13125
1 0.63984375 0.07265625 0.0875 0.1
1 0.4265625 0.46484375 0.096875 0.071875
1 0.5078125 0.49296875 0.0734375 0.1328125
1 0.33359375 0.64453125 0.0921875 0.065625