0 0.77265625 0.5203125 0.103125 0.1609375
0 0.190625 0.721875 0.0609375 0.0890625
0 0.56640625 0.596875 0.0609375 0.13125
0 0.5953125 0.365625 0.0671875 0.178125
0 0.8828125 0.1875 0.0984375 0.1171875
0 0.89453125 0.36875 0.14375 0.0921875
0 0.7265625 0.3828125 0.11875 0.2203125
0 0.4859375 0.0953125 0.08125 0.15
0 0.92265625 0.76015625 0.1 0.15625
0 0.4109375 0.1625 0.06875 0.140625
0 0.034375 0.365625 0.06875 0.04375
0 0.46796875 0.62109375 0.1 0.1453125
0 0.65234375 0.7171875 0.0765625 0.196875
0 0.7390625 0.77578125 0.0921875 0.1578125
0 0.8203125 0.834375 0.078125 0.084375
0 0.83828125 0.665625 0.0625 0.0765625
0 0.4234375 0.73203125 0.0734375 0.1140625
0 0.9484375 0.3015625 0.0609375 0.1
0 0.03046875 0.5609375 0.0609375 0.046875
0 0.92578125 0.65078125 0.1 0.1046875
0 0.24296875 0.44765625 0.053125 0.0921875
0 0.10703125 0.790625 0.0609375 0.053125
0 0.2171875 0.28515625 0.06875 0.0828125
0 0.0875 0.5375 0.0640625 0.0453125
0 0.85234375 0.7234375 0.0609375 0.096875
0 0.0203125 0.63671875 0.040625 0.096875
0 0.26328125 0.37734375 0.05 0.084375