0 0.16796875 0.32734375 0.30625 0.2234375
0 0.74453125 0.7171875 0.1609375 0.1234375
0 0.6734375 0.8703125 0.1453125 0.2125
0 0.71484375 0.2078125 0.20625 0.2625
0 0.36640625 0.184375 0.1328125 0.3296875
0 0.328125 0.51640625 0.1625 0.278125
0 0.5359375 0.74140625 0.21875 0.1265625
0 0.5625 0.6015625 0.1546875 0.10625
0 0.4796875 0.45625 0.0875 0.1296875
0 0.4984375 0.303125 0.1078125 0.1546875
1 0.90390625 0.2484375 0.1609375 0.140625
0 0.71640625 0.55625 0.121875 0.1515625
0 0.71015625 0.38359375 0.140625 0.0796875
0 0.58046875 0.34375 0.115625 0.0734375
0 0.60625 0.4796875 0.115625 0.090625
0 0.58828125 0.4046875 0.090625 0.0453125