0 0.34609375 0.25703125 0.178125 0.0890625
0 0.815625 0.1625 0.19375 0.1125
0 0.2765625 0.77109375 0.109375 0.115625
0 0.440625 0.78203125 0.15625 0.06875
0 0.6546875 0.24921875 0.3390625 0.1625
0 0.12578125 0.2265625 0.1953125 0.0875
0 0.45859375 0.0578125 0.1984375 0.096875
0 0.02734375 0.059375 0.0515625 0.078125
0 0.38828125 0.8875 0.121875 0.078125
0 0.81640625 0.3859375 0.09375 0.084375
0 0.55390625 0.7203125 0.171875 0.0859375
0 0.51328125 0.4609375 0.20625 0.18125
0 0.4328125 0.528125 0.184375 0.084375
0 0.234375 0.396875 0.1421875 0.078125
0 0.8671875 0.653125 0.265625 0.365625
0 0.171875 0.0671875 0.178125 0.0625
0 0.9328125 0.2671875 0.1078125 0.05625
0 0.3890625 0.63359375 0.1171875 0.0828125
0 0.2640625 0.1421875 0.096875 0.059375
0 0.209375 0.01171875 0.0984375 0.021875
0 0.5203125 0.85078125 0.1578125 0.103125
0 0.73828125 0.96171875 0.140625 0.0765625
0 0.909375 0.390625 0.103125 0.059375
0 0.44140625 0.95078125 0.0875 0.0984375
0 0.140625 0.55 0.1703125 0.115625
0 0.24375 0.9140625 0.0625 0.11875
0 0.08984375 0.46328125 0.1390625 0.0875
0 0.8890625 0.03671875 0.121875 0.0734375
0 0.54140625 0.6328125 0.096875 0.05625
0 0.11875 0.33984375 0.2125 0.125
0 0.13125 0.65234375 0.1125 0.053125
0 0.89453125 0.96953125 0.1875 0.0609375
0 0.63046875 0.9234375 0.121875 0.0640625
0 0.78515625 0.04453125 0.0921875 0.0875
0 0.05390625 0.6796875 0.0484375 0.0875
0 0.0671875 0.86953125 0.065625 0.2609375
0 0.9703125 0.2046875 0.059375 0.0953125
0 0.9921875 0.89921875 0.015625 0.1890625
0 0.29375 0.59609375 0.1 0.090625
0 0.05625 0.33203125 0.084375 0.071875
0 0.65703125 0.1 0.0875 0.0703125
0 0.83125 0.040625 0.1703125 0.08125
0 0.64765625 0.44609375 0.1078125 0.11875