0 0.9078125 0.8328125 0.078125 0.1109375
0 0.11875 0.13046875 0.10625 0.25
0 0.146875 0.92421875 0.0875 0.1515625
0 0.1625 0.68359375 0.084375 0.2078125
0 0.67890625 0.95546875 0.153125 0.0890625
0 0.5 0.7875 0.1109375 0.2015625
0 0.26953125 0.9203125 0.053125 0.109375
0 0.328125 0.70703125 0.1359375 0.24375
0 0.8078125 0.2875 0.140625 0.134375
0 0.36484375 0.3796875 0.225 0.1734375
0 0.02109375 0.42734375 0.0421875 0.1140625
0 0.88046875 0.4140625 0.0828125 0.0984375
0 0.00234375 0.97421875 0.0046875 0.0515625
0 0.7296875 0.5265625 0.1140625 0.1296875
0 0.41328125 0.6375 0.10625 0.1296875
0 0.9609375 0.3390625 0.06875 0.1265625
0 0.1265625 0.3078125 0.0765625 0.103125
0 0.09296875 0.49296875 0.0828125 0.1203125
0 0.5796875 0.9203125 0.075 0.10625
0 0.89296875 0.7546875 0.0984375 0.0875
0 0.4 0.86328125 0.0625 0.1109375
0 0.08046875 0.6265625 0.05625 0.134375
0 0.65625 0.77109375 0.0734375 0.1109375
0 0.7265625 0.08515625 0.1359375 0.0703125
0 0.3625 0.9921875 0.1015625 0.015625
0 0.440625 0.18046875 0.0671875 0.215625
0 0.51171875 0.996875 0.1015625 0.00625
0 0.4328125 0.96328125 0.0765625 0.0734375
0 0.97265625 0.10078125 0.0546875 0.059375
0 0.9640625 0.9625 0.0328125 0.075
0 0.971875 0.203125 0.0546875 0.1890625