0 0.90546875 0.55 0.1890625 0.2109375
0 0.44375 0.84140625 0.23125 0.228125
0 0.25546875 0.90859375 0.2375 0.1828125
0 0.27265625 0.60546875 0.203125 0.1671875
0 0.77265625 0.66015625 0.171875 0.2359375
0 0.14765625 0.28125 0.2953125 0.1515625
0 0.3859375 0.175 0.1828125 0.1984375
1 0.47578125 0.31796875 0.21875 0.1421875
1 0.771875 0.41796875 0.1875 0.2171875
0 0.6140625 0.43203125 0.1140625 0.1796875
1 0.1921875 0.10546875 0.215625 0.2078125
0 0.61171875 0.62890625 0.14375 0.2015625
0 0.26484375 0.409375 0.1640625 0.1109375
0 0.48359375 0.69453125 0.1953125 0.13125
1 0.14453125 0.77890625 0.2875 0.1109375
0 0.4828125 0.4359375 0.08125 0.090625
0 0.36171875 0.3796875 0.1890625 0.171875
0 0.40234375 0.4984375 0.090625 0.071875