0 0.13828125 0.53203125 0.096875 0.15
0 0.84296875 0.82578125 0.1796875 0.2515625
0 0.27734375 0.334375 0.1015625 0.128125
0 0.85625 0.1984375 0.109375 0.1875
0 0.2125 0.478125 0.0921875 0.10625
0 0.95390625 0.85 0.0921875 0.190625
0 0.7609375 0.42109375 0.0984375 0.15625
0 0.7375 0.565625 0.16875 0.140625
0 0.75625 0.746875 0.1078125 0.2375
0 0.334375 0.69453125 0.090625 0.1859375
0 0.15546875 0.90078125 0.1375 0.19375
0 0.31328125 0.4546875 0.13125 0.1140625
0 0.34140625 0.5375 0.1328125 0.1171875
0 0.6421875 0.2359375 0.090625 0.15
0 0.84453125 0.0203125 0.125 0.040625
0 0.47734375 0.3234375 0.1 0.18125
0 0.284375 0.82578125 0.125 0.10625
0 0.42109375 0.72578125 0.0796875 0.1375
0 0.96796875 0.4265625 0.0640625 0.1609375
0 0.86796875 0.55546875 0.0640625 0.06875
0 0.878125 0.08046875 0.128125 0.1515625
0 0.97109375 0.0875 0.0578125 0.175
0 0.0828125 0.64296875 0.0828125 0.109375
0 0.5609375 0.18125 0.0734375 0.1140625
0 0.20703125 0.75625 0.11875 0.1328125
0 0.734375 0.040625 0.0671875 0.08125
0 0.2203125 0.58984375 0.0734375 0.1171875
0 0.39375 0.2984375 0.090625 0.134375
0 0.08828125 0.42421875 0.1296875 0.1828125
0 0.51171875 0.0125 0.0984375 0.025
0 0.1171875 0.759375 0.059375 0.1015625
0 0.1390625 0.66484375 0.0515625 0.09375
0 0.50234375 0.62734375 0.1453125 0.171875
0 0.2671875 0.6671875 0.0765625 0.078125
0 0.09609375 0.92421875 0.071875 0.1296875
0 0.9578125 0.55078125 0.084375 0.1234375
0 0.678125 0.01953125 0.0875 0.0390625
0 0.60078125 0.0484375 0.0625 0.096875
0 0.07109375 0.13125 0.1421875 0.2625
0 0.97265625 0.72734375 0.0546875 0.103125
0 0.3578125 0.14609375 0.1046875 0.075
0 0.55625 0.24453125 0.0578125 0.065625
0 0.43046875 0.8140625 0.0640625 0.1078125