0 0.05859375 0.37109375 0.10625 0.1671875
0 0.06953125 0.0515625 0.0796875 0.103125
0 0.215625 0.5953125 0.0828125 0.078125
0 0.0984375 0.9609375 0.1265625 0.0765625
0 0.22109375 0.09765625 0.05 0.121875
0 0.22734375 0.92578125 0.059375 0.14375
0 0.31875 0.57734375 0.0640625 0.1078125
0 0.5296875 0.49921875 0.0828125 0.1671875
0 0.9859375 0.415625 0.028125 0.103125
0 0.8546875 0.50234375 0.0546875 0.121875
0 0.7171875 0.15546875 0.0640625 0.10625
0 0.84375 0.87421875 0.0609375 0.0796875
0 0.975 0.5765625 0.05 0.0828125
0 0.77734375 0.4125 0.0828125 0.10625
0 0.54921875 0.72109375 0.0484375 0.13125
0 0.7640625 0.0640625 0.0375 0.128125
0 0.47890625 0.64921875 0.0671875 0.046875
0 0.61328125 0.340625 0.0453125 0.115625
0 0.12109375 0.14765625 0.0703125 0.1015625
0 0.7046875 0.4140625 0.0453125 0.10625
0 0.73828125 0.30234375 0.05625 0.0953125
0 0.97265625 0.09296875 0.0546875 0.0375
0 0.9265625 0.62421875 0.0828125 0.040625
0 0.56328125 0.59765625 0.0421875 0.109375
0 0.71953125 0.69296875 0.0421875 0.096875
0 0.9640625 0.271875 0.059375 0.0953125
0 0.09609375 0.5453125 0.0953125 0.134375
0 0.06640625 0.678125 0.1109375 0.1171875
0 0.45078125 0.31640625 0.0515625 0.1171875
0 0.97421875 0.84375 0.0390625 0.109375
0 0.44140625 0.371875 0.059375 0.0859375
0 0.97265625 0.0546875 0.0546875 0.0390625
0 0.61953125 0.03515625 0.225 0.0703125
0 0.9015625 0.5484375 0.0453125 0.090625
0 0.2859375 0.3546875 0.05625 0.06875
0 0.14765625 0.0296875 0.0609375 0.059375
0 0.0140625 0.1453125 0.025 0.10625
0 0.059375 0.265625 0.075 0.0625
0 0.14296875 0.5109375 0.0484375 0.115625
0 0.78515625 0.784375 0.0734375 0.1
0 0.28515625 0.3 0.0734375 0.0484375
0 0.83203125 0.94765625 0.059375 0.0828125
0 0.67109375 0.6703125 0.0484375 0.0640625
0 0.33671875 0.94375 0.0640625 0.0875
0 0.83984375 0.00859375 0.0828125 0.0171875
0 0.82578125 0.7921875 0.05 0.1046875
0 0.87109375 0.52421875 0.0578125 0.125
0 0.12578125 0.5328125 0.078125 0.134375
0 0.028125 0.4703125 0.0421875 0.134375
0 0.83046875 0.8234375 0.0703125 0.13125
0 0.14765625 0.32265625 0.0484375 0.0796875
0 0.83828125 0.9140625 0.0609375 0.11875