0 0.70078125 0.37734375 0.1 0.10625
0 0.8234375 0.4578125 0.0984375 0.10625
0 0.77421875 0.9 0.134375 0.1140625
0 0.6546875 0.8390625 0.14375 0.153125
0 0.475 0.38984375 0.06875 0.1296875
0 0.134375 0.51171875 0.1578125 0.1171875
0 0.8078125 0.36484375 0.08125 0.1109375
0 0.3 0.08515625 0.0984375 0.1125
0 0.72890625 0.4796875 0.10625 0.1140625
0 0.56796875 0.67421875 0.0765625 0.0953125
0 0.54765625 0.753125 0.0578125 0.09375
0 0.58828125 0.39921875 0.121875 0.1234375
0 0.028125 0.46796875 0.05625 0.109375
0 0.125 0.26171875 0.08125 0.1296875
0 0.41484375 0.9671875 0.1546875 0.065625
0 0.128125 0.10703125 0.1234375 0.2046875
0 0.4453125 0.83984375 0.071875 0.1140625
0 0.23125 0.20078125 0.084375 0.1296875
0 0.259375 0.74453125 0.103125 0.125
0 0.29296875 0.3921875 0.0671875 0.1015625
0 0.91640625 0.15859375 0.1390625 0.209375
0 0.10390625 0.73828125 0.1234375 0.078125
0 0.02734375 0.8109375 0.0546875 0.1109375
0 0.07890625 0.64140625 0.0640625 0.103125
0 0.609375 0.9796875 0.0703125 0.040625
0 0.44765625 0.1765625 0.0609375 0.103125
0 0.053125 0.9 0.10625 0.1015625
0 0.6796875 0.9890625 0.084375 0.021875
0 0.39453125 0.921875 0.0640625 0.0953125
0 0.5859375 0.3109375 0.05 0.075
0 0.221875 0.303125 0.065625 0.1078125
0 0.3203125 0.7390625 0.09375 0.159375