0 0.42109375 0.88984375 0.228125 0.2203125
0 0.06640625 0.37109375 0.1328125 0.2234375
0 0.0734375 0.59453125 0.146875 0.11875
1 0.025 0.1921875 0.05 0.1703125
0 0.8 0.28671875 0.3921875 0.28125
0 0.48984375 0.57734375 0.2046875 0.121875
0 0.2734375 0.559375 0.190625 0.1125
0 0.5734375 0.73359375 0.3203125 0.16875
0 0.28203125 0.4265625 0.2 0.153125
0 0.12265625 0.7046875 0.1359375 0.1765625
0 0.21640625 0.78046875 0.309375 0.246875
0 0.24453125 0.22109375 0.1109375 0.1515625
0 0.11875 0.1265625 0.178125 0.2515625
0 0.03359375 0.69609375 0.0671875 0.175
0 0.63828125 0.50859375 0.1828125 0.2875
0 0.178125 0.41484375 0.1484375 0.2234375
0 0.53203125 0.21484375 0.175 0.275
0 0.48359375 0.4671875 0.0890625 0.1828125
0 0.44140625 0.32890625 0.1046875 0.0921875