1 0.81796875 0.19140625 0.2984375 0.303125
0 0.41171875 0.35234375 0.1484375 0.1875
1 0.43046875 0.6078125 0.1765625 0.215625
1 0.6125 0.740625 0.25625 0.178125
1 0.69375 0.47734375 0.153125 0.23125
1 0.4953125 0.909375 0.203125 0.15
0 0.309375 0.6640625 0.16875 0.1546875
0 0.42421875 0.778125 0.1078125 0.1328125
0 0.15703125 0.58125 0.18125 0.153125
1 0.10703125 0.721875 0.1140625 0.1578125
1 0.565625 0.6 0.1203125 0.1296875
0 0.4984375 0.4546875 0.13125 0.125
1 0.58984375 0.43515625 0.0625 0.115625
1 0.590625 0.44765625 0.046875 0.0890625