0 0.23828125 0.81015625 0.4 0.265625
0 0.80703125 0.54140625 0.3859375 0.1578125
0 0.58203125 0.08046875 0.2078125 0.0765625
0 0.22890625 0.28828125 0.4296875 0.5015625
0 0.61953125 0.78828125 0.15625 0.134375
0 0.859375 0.9171875 0.153125 0.165625
0 0.32890625 0.05625 0.2234375 0.0953125
0 0.70234375 0.93828125 0.2 0.1234375
0 0.7640625 0.40703125 0.1671875 0.09375
0 0.78359375 0.71171875 0.4328125 0.2578125
0 0.9015625 0.8234375 0.196875 0.121875
0 0.51015625 0.5703125 0.1109375 0.071875
0 0.04453125 0.33828125 0.08125 0.25625