1 0.7640625 0.8953125 0.3046875 0.209375
1 0.8875 0.28046875 0.225 0.346875
1 0.8390625 0.5984375 0.1640625 0.25625
0 0.49609375 0.42734375 0.175 0.225
1 0.54140625 0.725 0.20625 0.2625
0 0.225 0.6609375 0.209375 0.171875
0 0.5515625 0.915625 0.1265625 0.153125
1 0.69609375 0.72109375 0.1421875 0.1609375
1 0.18125 0.8125 0.14375 0.1890625
0 0.40390625 0.7703125 0.2015625 0.18125
0 0.6078125 0.5515625 0.1484375 0.14375
1 0.7140625 0.55078125 0.065625 0.11875
0 0.37265625 0.63046875 0.0828125 0.1203125
1 0.715625 0.5578125 0.0515625 0.103125