0 0.54765625 0.26640625 0.3046875 0.290625
0 0.8359375 0.18046875 0.328125 0.3609375
0 0.72578125 0.55703125 0.3265625 0.36875
1 0.31171875 0.8765625 0.1890625 0.1203125
1 0.11953125 0.7359375 0.1453125 0.2203125
0 0.4359375 0.82265625 0.16875 0.2984375
0 0.3671875 0.55625 0.153125 0.19375
0 0.27578125 0.7828125 0.1453125 0.2203125
0 0.5546875 0.5734375 0.0875 0.175
0 0.46171875 0.4390625 0.24375 0.14375
1 0.05703125 0.5796875 0.1140625 0.1828125
1 0.1890625 0.48828125 0.165625 0.24375
1 0.5984375 0.871875 0.15625 0.178125