0 0.43125 0.1375 0.2015625 0.2734375
0 0.11953125 0.834375 0.2390625 0.33125
0 0.4828125 0.60078125 0.2609375 0.153125
0 0.153125 0.5 0.30625 0.2984375
0 0.42578125 0.3296875 0.140625 0.1171875
0 0.3890625 0.77734375 0.29375 0.275
0 0.56953125 0.2671875 0.140625 0.121875
0 0.34453125 0.4359375 0.1140625 0.2109375
1 0.92421875 0.38828125 0.125 0.1296875
1 0.7890625 0.4703125 0.1375 0.175
1 0.82890625 0.26484375 0.1015625 0.2
0 0.6375 0.43203125 0.1109375 0.165625
1 0.35 0.159375 0.0703125 0.1734375
0 0.5328125 0.4515625 0.1703125 0.1296875
1 0.6859375 0.221875 0.125 0.2171875