0 0.353125 0.32109375 0.1625 0.2421875
0 0.9328125 0.071875 0.13125 0.14375
1 0.29921875 0.0734375 0.0890625 0.146875
0 0.79375 0.74921875 0.178125 0.359375
0 0.6890625 0.24765625 0.125 0.2234375
0 0.8234375 0.2609375 0.175 0.28125
0 0.48515625 0.0984375 0.2140625 0.196875
1 0.18046875 0.05703125 0.1515625 0.1140625
0 0.57734375 0.603125 0.16875 0.2078125
1 0.11015625 0.1859375 0.2203125 0.1734375
0 0.68359375 0.09453125 0.1203125 0.121875
1 0.63671875 0.39609375 0.140625 0.2453125
0 0.95703125 0.31171875 0.0671875 0.2859375
1 0.903125 0.55 0.15625 0.2
1 0.73046875 0.51171875 0.115625 0.14375
0 0.21953125 0.18203125 0.1 0.1046875
0 0.8203125 0.4078125 0.184375 0.29375