0 0.54375 0.1390625 0.2390625 0.278125
0 0.21484375 0.2953125 0.2796875 0.2984375
0 0.94765625 0.2609375 0.0984375 0.15625
0 0.5765625 0.81484375 0.1578125 0.2421875
0 0.4375 0.828125 0.14375 0.2109375
0 0.5265625 0.57890625 0.1609375 0.3125
0 0.94453125 0.7046875 0.0890625 0.140625
0 0.6890625 0.44609375 0.140625 0.20625
0 0.88046875 0.9140625 0.18125 0.171875
0 0.73984375 0.21484375 0.1265625 0.228125
0 0.7671875 0.77734375 0.23125 0.325
0 0.94609375 0.52109375 0.090625 0.2125
0 0.1390625 0.91875 0.146875 0.1625
0 0.28359375 0.70078125 0.1078125 0.178125
0 0.7640625 0.53984375 0.06875 0.1640625
0 0.3265625 0.91484375 0.140625 0.1703125
0 0.08828125 0.809375 0.1765625 0.11875
0 0.5984375 0.35546875 0.0765625 0.121875
0 0.034375 0.39921875 0.06875 0.384375