0 0.89375 0.80078125 0.196875 0.2265625
0 0.35234375 0.521875 0.14375 0.2203125
0 0.35234375 0.8453125 0.1734375 0.309375
0 0.18984375 0.584375 0.2671875 0.246875
0 0.72265625 0.81171875 0.1421875 0.2421875
0 0.55078125 0.3375 0.153125 0.25
0 0.69453125 0.55 0.0765625 0.159375
0 0.471875 0.70546875 0.1703125 0.165625
0 0.61796875 0.68046875 0.1421875 0.1703125
0 0.81328125 0.6078125 0.1421875 0.19375
0 0.53515625 0.6046875 0.1203125 0.109375
0 0.51953125 0.184375 0.178125 0.121875
1 0.696875 0.3921875 0.1484375 0.153125
0 0.46328125 0.46953125 0.1453125 0.0828125
0 0.60546875 0.478125 0.11875 0.0703125
1 0.6921875 0.1625 0.190625 0.2078125
1 0.1375 0.840625 0.2625 0.3015625