0 0.24375 0.3796875 0.1953125 0.2171875
0 0.5578125 0.63828125 0.1796875 0.1328125
0 0.84453125 0.84765625 0.2703125 0.259375
0 0.8453125 0.6296875 0.284375 0.1984375
0 0.37734375 0.578125 0.159375 0.20625
0 0.6390625 0.80234375 0.175 0.2578125
0 0.509375 0.28984375 0.16875 0.2765625
0 0.6265625 0.41953125 0.1359375 0.0828125
0 0.7125 0.5140625 0.165625 0.184375
0 0.3828125 0.3484375 0.121875 0.196875
0 0.66640625 0.31484375 0.1265625 0.1
1 0.11796875 0.5578125 0.2140625 0.159375
0 0.5 0.48359375 0.13125 0.09375
0 0.215625 0.6265625 0.1421875 0.2
1 0.6578125 0.140625 0.128125 0.2234375