0 0.0921875 0.44453125 0.0953125 0.09375
0 0.253125 0.71328125 0.0890625 0.1734375
0 0.05078125 0.68671875 0.078125 0.1890625
0 0.73671875 0.09296875 0.08125 0.1109375
0 0.26171875 0.21875 0.090625 0.125
0 0.40625 0.39765625 0.0890625 0.15
0 0.3671875 0.765625 0.0828125 0.1078125
0 0.6296875 0.8390625 0.0828125 0.0859375
0 0.46953125 0.321875 0.0859375 0.10625
0 0.4171875 0.5203125 0.0890625 0.1078125
0 0.2609375 0.5015625 0.05 0.06875
0 0.171875 0.31953125 0.084375 0.109375
0 0.3734375 0.95546875 0.0921875 0.0890625
0 0.20859375 0.11484375 0.0921875 0.0953125
0 0.51875 0.56640625 0.071875 0.11875
0 0.1609375 0.61875 0.090625 0.15
0 0.30546875 0.60078125 0.0703125 0.1140625
0 0.32109375 0.46171875 0.0671875 0.0921875
0 0.3828125 0.665625 0.071875 0.1640625
0 0.10546875 0.0453125 0.059375 0.0796875
0 0.259375 0.3828125 0.1125 0.0859375
0 0.196875 0.43828125 0.0625 0.0703125
0 0.63828125 0.11171875 0.0703125 0.0921875
0 0.4875 0.4453125 0.0828125 0.0734375
0 0.075 0.25390625 0.0640625 0.0703125
0 0.4609375 0.75625 0.0671875 0.125
0 0.50546875 0.9421875 0.071875 0.109375
0 0.06875 0.13671875 0.0796875 0.0953125
0 0.5625 0.79921875 0.0578125 0.1
0 0.2234375 0.95859375 0.0828125 0.0828125
0 0.4359375 0.93203125 0.065625 0.1296875
0 0.8375 0.28984375 0.0609375 0.121875
0 0.64375 0.97578125 0.10625 0.0484375
0 0.5640625 0.42265625 0.0859375 0.0734375
0 0.57578125 0.025 0.075 0.03125
0 0.19609375 0.0234375 0.0625 0.0375
0 0.9765625 0.48203125 0.046875 0.059375