0 0.11875 0.278125 0.2375 0.33125
0 0.89921875 0.55390625 0.1625 0.1453125
0 0.18984375 0.80078125 0.3265625 0.3859375
0 0.0859375 0.10703125 0.171875 0.2140625
0 0.36640625 0.41015625 0.128125 0.1640625
1 0.60546875 0.39140625 0.3125 0.3125
0 0.9109375 0.8546875 0.1296875 0.1296875
0 0.19765625 0.478125 0.0828125 0.1015625
0 0.9453125 0.396875 0.0734375 0.0875
0 0.7421875 0.72109375 0.11875 0.20625
0 0.85859375 0.26171875 0.0921875 0.1203125
0 0.06953125 0.665625 0.1390625 0.321875
0 0.83984375 0.371875 0.09375 0.075
0 0.9171875 0.31875 0.0578125 0.084375
0 0.37890625 0.77109375 0.0890625 0.0921875