0 0.5734375 0.66953125 0.21875 0.171875
0 0.74296875 0.82265625 0.234375 0.31875
0 0.3203125 0.165625 0.153125 0.2734375
0 0.77890625 0.27734375 0.165625 0.121875
0 0.62109375 0.14375 0.1390625 0.171875
0 0.5875 0.29140625 0.1546875 0.1625
0 0.3390625 0.49375 0.1640625 0.290625
1 0.8484375 0.60859375 0.2953125 0.1375
0 0.48828125 0.2296875 0.1375 0.175
0 0.56171875 0.52109375 0.171875 0.0828125
1 0.74765625 0.10390625 0.1609375 0.1875
1 0.15859375 0.31328125 0.2546875 0.1890625
0 0.48203125 0.45234375 0.1171875 0.1953125
1 0.73125 0.446875 0.0828125 0.1828125