0 0.728125 0.78203125 0.40625 0.271875
0 0.34375 0.86171875 0.328125 0.2765625
0 0.1046875 0.33125 0.209375 0.225
0 0.1703125 0.4875 0.253125 0.2375
0 0.30625 0.17890625 0.2390625 0.228125
0 0.11484375 0.12265625 0.2296875 0.2453125
0 0.63203125 0.37109375 0.26875 0.21875
0 0.4921875 0.521875 0.1125 0.178125
1 0.55390625 0.215625 0.1703125 0.19375
0 0.46796875 0.35390625 0.0953125 0.1484375
0 0.35859375 0.35390625 0.1625 0.10625
1 0.61484375 0.92109375 0.2703125 0.1578125
0 0.5734375 0.56875 0.19375 0.2140625