0 0.040625 0.76328125 0.08125 0.1484375
0 0.29921875 0.7546875 0.0984375 0.1796875
0 0.2296875 0.6734375 0.084375 0.1609375
0 0.6015625 0.6359375 0.0984375 0.209375
0 0.18125 0.3828125 0.08125 0.1859375
0 0.3296875 0.3625 0.090625 0.1734375
0 0.3 0.92578125 0.075 0.1390625
0 0.30390625 0.2828125 0.0578125 0.109375
0 0.31796875 0.14921875 0.0484375 0.125
0 0.68828125 0.365625 0.115625 0.1953125
0 0.1921875 0.86328125 0.096875 0.2671875
0 0.3109375 0.52734375 0.0765625 0.18125
0 0.9203125 0.85234375 0.08125 0.1171875
0 0.7796875 0.2234375 0.046875 0.1015625
0 0.39453125 0.08828125 0.0640625 0.1765625
0 0.965625 0.12890625 0.0640625 0.04375
0 0.55390625 0.2703125 0.2390625 0.2140625
0 0.84296875 0.68359375 0.1640625 0.1328125
0 0.11171875 0.69453125 0.084375 0.1515625
0 0.09296875 0.2046875 0.0921875 0.1796875
0 0.128125 0.49296875 0.0609375 0.159375
0 0.60625 0.90625 0.0828125 0.1109375
0 0.76484375 0.92421875 0.096875 0.125
0 0.88046875 0.2328125 0.1125 0.0921875
0 0.22265625 0.06875 0.0671875 0.1375
0 0.7921875 0.03984375 0.0734375 0.0796875
0 0.421875 0.44140625 0.0546875 0.0921875
0 0.8421875 0.134375 0.0734375 0.0484375
0 0.95859375 0.54140625 0.059375 0.109375
0 0.50078125 0.6984375 0.1484375 0.13125
0 0.025 0.9765625 0.05 0.046875
0 0.16640625 0.61484375 0.04375 0.10625
0 0.19921875 0.225 0.0484375 0.0921875
0 0.90859375 0.146875 0.0578125 0.0640625
0 0.43984375 0.64921875 0.08125 0.2078125
0 0.9296875 0.05078125 0.05625 0.0703125
0 0.984375 0.04140625 0.0296875 0.0828125
0 0.05703125 0.296875 0.078125 0.0875