0 0.8875 0.17421875 0.225 0.29375
0 0.69296875 0.19296875 0.171875 0.290625
0 0.353125 0.1546875 0.1796875 0.3078125
0 0.60859375 0.7890625 0.2109375 0.1734375
0 0.828125 0.415625 0.2046875 0.21875
0 0.15234375 0.1609375 0.2375 0.2578125
0 0.59375 0.3390625 0.1734375 0.1640625
0 0.31953125 0.52734375 0.184375 0.271875
0 0.47421875 0.29765625 0.1875 0.2265625
0 0.14765625 0.38515625 0.2953125 0.234375
0 0.446875 0.6890625 0.1703125 0.2625
0 0.68984375 0.51328125 0.1203125 0.209375
1 0.3671875 0.9046875 0.1921875 0.171875
1 0.78046875 0.528125 0.090625 0.121875