0 0.396875 0.865625 0.1484375 0.2390625
0 0.54140625 0.7140625 0.1640625 0.103125
1 0.16484375 0.8390625 0.3 0.15625
1 0.575 0.1625 0.1625 0.2921875
0 0.76484375 0.59296875 0.28125 0.1234375
1 0.60390625 0.634375 0.0734375 0.096875
1 0.88515625 0.72421875 0.2046875 0.1296875
1 0.4671875 0.3625 0.1421875 0.0984375
0 0.59453125 0.53359375 0.0578125 0.09375
1 0.40625 0.6421875 0.1140625 0.090625
1 0.6171875 0.35703125 0.109375 0.075
1 0.59375 0.459375 0.075 0.05
1 0.23984375 0.61328125 0.1265625 0.09375
1 0.72578125 0.7453125 0.078125 0.1359375
1 0.3265625 0.72421875 0.0828125 0.075
1 0.27890625 0.525 0.0875 0.075
1 0.509375 0.45859375 0.065625 0.0375
1 0.53125 0.5828125 0.078125 0.0671875