0 0.6890625 0.13671875 0.303125 0.24375
0 0.88203125 0.090625 0.2359375 0.18125
1 0.53515625 0.61953125 0.2953125 0.309375
0 0.17578125 0.2125 0.3515625 0.31875
0 0.34765625 0.9171875 0.1375 0.1609375
0 0.909375 0.7921875 0.10625 0.10625
0 0.0546875 0.928125 0.109375 0.1234375
0 0.33046875 0.08515625 0.3125 0.1703125
0 0.19453125 0.76484375 0.19375 0.1109375
0 0.53671875 0.38515625 0.153125 0.1171875
0 0.82890625 0.3890625 0.1359375 0.1671875
0 0.946875 0.4234375 0.10625 0.134375
0 0.64140625 0.85703125 0.1296875 0.1
0 0.48984375 0.95625 0.0953125 0.0875
0 0.22421875 0.4171875 0.1578125 0.0984375
0 0.575 0.91953125 0.075 0.0453125
0 0.58671875 0.9578125 0.0515625 0.0390625
0 0.4890625 0.2203125 0.09375 0.071875
0 0.53515625 0.84765625 0.0609375 0.0796875
0 0.97734375 0.65546875 0.0453125 0.0703125
0 0.97578125 0.5421875 0.0484375 0.06875
0 0.64453125 0.98671875 0.0484375 0.0265625
0 0.775 0.80390625 0.128125 0.04375