0 0.5125 0.840625 0.1421875 0.1359375
0 0.10078125 0.92734375 0.0921875 0.1453125
0 0.4515625 0.1453125 0.29375 0.290625
0 0.578125 0.26640625 0.3109375 0.2734375
0 0.23125 0.46015625 0.0703125 0.1203125
0 0.32421875 0.9140625 0.11875 0.159375
0 0.84921875 0.61328125 0.196875 0.1515625
0 0.13984375 0.2921875 0.0703125 0.0984375
0 0.21640625 0.27109375 0.0671875 0.1078125
0 0.06796875 0.06015625 0.075 0.1109375
0 0.0296875 0.2015625 0.0453125 0.1921875
0 0.84609375 0.784375 0.1953125 0.171875
0 0.08125 0.21953125 0.0859375 0.1234375
0 0.09375 0.4328125 0.0625 0.171875
0 0.40234375 0.709375 0.09375 0.1203125
0 0.59921875 0.9359375 0.1859375 0.1015625
0 0.115625 0.67421875 0.0625 0.1671875
0 0.1796875 0.5078125 0.065625 0.0953125
0 0.6046875 0.7671875 0.08125 0.0984375
0 0.68125 0.809375 0.0953125 0.115625
0 0.04609375 0.5984375 0.021875 0.0921875
0 0.44375 0.43359375 0.1234375 0.1703125
0 0.0203125 0.06484375 0.040625 0.1296875
0 0.2046875 0.88671875 0.1328125 0.103125
0 0.27578125 0.6453125 0.0546875 0.1328125
0 0.0484375 0.5046875 0.0375 0.078125