0 0.5734375 0.31171875 0.21875 0.209375
0 0.125 0.61640625 0.134375 0.0984375
0 0.7796875 0.45234375 0.2703125 0.1515625
0 0.840625 0.71484375 0.178125 0.15625
0 0.44296875 0.8484375 0.1890625 0.159375
0 0.28359375 0.64375 0.371875 0.240625
0 0.1703125 0.8515625 0.1703125 0.128125
0 0.4046875 0.3296875 0.1609375 0.165625
0 0.7296875 0.325 0.140625 0.1234375
0 0.3328125 0.490625 0.2109375 0.14375
0 0.10703125 0.22578125 0.2140625 0.140625
0 0.49765625 0.47421875 0.121875 0.071875
0 0.94296875 0.86484375 0.1015625 0.10625
0 0.7859375 0.17578125 0.1703125 0.0796875
0 0.63125 0.86640625 0.16875 0.1640625
0 0.2484375 0.06953125 0.23125 0.1
0 0.04296875 0.0546875 0.0859375 0.0875
0 0.953125 0.44140625 0.084375 0.1203125
0 0.034375 0.184375 0.06875 0.1765625
0 0.0296875 0.4859375 0.0578125 0.071875
0 0.56953125 0.01796875 0.1015625 0.0359375
0 0.6484375 0.04765625 0.303125 0.0953125