0 0.14296875 0.4828125 0.2390625 0.121875
0 0.846875 0.86171875 0.2671875 0.1546875
0 0.409375 0.3421875 0.1734375 0.1765625
0 0.28046875 0.78671875 0.1078125 0.0953125
0 0.62734375 0.5734375 0.234375 0.25
0 0.39921875 0.9296875 0.0984375 0.0796875
0 0.37734375 0.76953125 0.0921875 0.1109375
0 0.13125 0.36875 0.159375 0.084375
0 0.6 0.7296875 0.1578125 0.140625
0 0.18046875 0.834375 0.0875 0.08125
0 0.175 0.09453125 0.35 0.1890625
0 0.10625 0.684375 0.121875 0.065625
0 0.72578125 0.02421875 0.18125 0.0484375
0 0.26640625 0.36875 0.0859375 0.075
0 0.321875 0.85390625 0.1015625 0.0796875
0 0.59921875 0.85 0.1296875 0.1
0 0.2671875 0.23203125 0.2484375 0.1203125
0 0.54453125 0.1171875 0.1421875 0.0671875
0 0.4625 0.86640625 0.0765625 0.0984375
0 0.8609375 0.47109375 0.2296875 0.134375
0 0.95859375 0.1 0.0703125 0.0828125
0 0.26640625 0.72421875 0.065625 0.0484375
0 0.090625 0.77890625 0.0625 0.071875
0 0.88671875 0.69453125 0.1234375 0.125
0 0.80234375 0.7515625 0.096875 0.0765625
0 0.1484375 0.74765625 0.0890625 0.0546875
0 0.9171875 0.50546875 0.134375 0.075
0 0.2453125 0.80703125 0.1734375 0.1015625
0 0.45859375 0.2078125 0.203125 0.1171875
0 0.1375 0.934375 0.0859375 0.08125