0 0.70859375 0.2796875 0.3875 0.165625
0 0.17421875 0.49296875 0.3328125 0.178125
0 0.17734375 0.2421875 0.34375 0.1734375
0 0.6015625 0.51171875 0.3375 0.1890625
0 0.3421875 0.13125 0.2125 0.090625
0 0.71328125 0.125 0.3046875 0.1765625
0 0.89296875 0.5796875 0.128125 0.0640625
0 0.30078125 0.41796875 0.15 0.0671875
0 0.44296875 0.4171875 0.146875 0.09375
0 0.33203125 0.61015625 0.1 0.0625
0 0.634375 0.86328125 0.0984375 0.0703125
0 0.04140625 0.7578125 0.0828125 0.103125
0 0.96875 0.340625 0.0546875 0.096875
0 0.3203125 0.85390625 0.1890625 0.28125
0 0.42109375 0.62109375 0.0796875 0.059375
0 0.828125 0.715625 0.2015625 0.075
0 0.68125 0.97109375 0.1203125 0.05625
0 0.9078125 0.421875 0.078125 0.053125
0 0.025 0.8703125 0.05 0.08125
0 0.38125 0.92578125 0.21875 0.146875
0 0.9609375 0.72578125 0.078125 0.05625
0 0.63828125 0.7890625 0.0734375 0.0484375
0 0.7890625 0.80078125 0.0828125 0.0765625
0 0.51875 0.9640625 0.0625 0.065625
0 0.09609375 0.93515625 0.1015625 0.0875