0 0.65703125 0.7671875 0.2109375 0.390625
0 0.2296875 0.8734375 0.23125 0.24375
1 0.1296875 0.29375 0.259375 0.2546875
0 0.40078125 0.6234375 0.1125 0.096875
0 0.66875 0.32265625 0.21875 0.434375
0 0.38828125 0.77265625 0.1828125 0.2421875
1 0.30546875 0.21875 0.13125 0.2125
1 0.853125 0.584375 0.2625 0.325
0 0.51796875 0.28828125 0.15625 0.3484375
0 0.346875 0.39140625 0.1640625 0.228125
0 0.2203125 0.66640625 0.2125 0.19375
0 0.5171875 0.58203125 0.090625 0.1625
1 0.39140625 0.15078125 0.08125 0.2921875