0 0.3234375 0.6203125 0.15 0.175
0 0.565625 0.13203125 0.25 0.184375
0 0.85 0.15 0.2796875 0.171875
0 0.64765625 0.8546875 0.2671875 0.20625
0 0.753125 0.35078125 0.259375 0.1765625
0 0.1234375 0.64140625 0.246875 0.1921875
0 0.5578125 0.275 0.13125 0.0859375
0 0.3796875 0.42890625 0.2125 0.1390625
0 0.478125 0.60078125 0.2171875 0.0984375
1 0.2078125 0.39921875 0.165625 0.21875
1 0.73046875 0.059375 0.234375 0.11875
0 0.46875 0.74375 0.2578125 0.140625
0 0.759375 0.6984375 0.3109375 0.1375
1 0.06328125 0.51484375 0.1265625 0.1203125
0 0.69921875 0.55 0.2234375 0.1328125
0 0.540625 0.4140625 0.1078125 0.1125