0 0.10546875 0.696875 0.2109375 0.25625
1 0.63828125 0.6984375 0.1265625 0.2390625
0 0.20078125 0.48984375 0.19375 0.2453125
1 0.6828125 0.4484375 0.1453125 0.184375
0 0.59140625 0.26484375 0.2171875 0.146875
1 0.8265625 0.6046875 0.234375 0.1765625
1 0.4046875 0.6984375 0.1703125 0.2296875
1 0.52109375 0.11015625 0.1703125 0.2203125
0 0.41640625 0.39296875 0.134375 0.1328125
0 0.39375 0.25078125 0.1921875 0.1328125
1 0.40390625 0.11171875 0.1 0.16875
1 0.50625 0.64296875 0.140625 0.1984375
1 0.33671875 0.4671875 0.0828125 0.1859375
1 0.25 0.79921875 0.14375 0.3421875
1 0.5296875 0.4140625 0.1078125 0.1625
1 0.4328125 0.56171875 0.0828125 0.096875
1 0.35859375 0.32734375 0.125 0.0734375