0 0.53984375 0.896875 0.1421875 0.0859375
0 0.87578125 0.21875 0.2390625 0.1609375
0 0.35390625 0.7453125 0.1203125 0.09375
0 0.25625 0.16328125 0.1796875 0.096875
0 0.4921875 0.8203125 0.1015625 0.0828125
0 0.909375 0.075 0.18125 0.15
0 0.4703125 0.27265625 0.15 0.0859375
0 0.61171875 0.30625 0.1296875 0.1578125
0 0.7921875 0.3 0.23125 0.0921875
0 0.71328125 0.7140625 0.18125 0.078125
0 0.90703125 0.9046875 0.1859375 0.125
0 0.475 0.71796875 0.1046875 0.121875
0 0.559375 0.69609375 0.109375 0.125
0 0.27890625 0.378125 0.1453125 0.0796875
0 0.04765625 0.159375 0.0953125 0.11875
0 0.3546875 0.546875 0.175 0.0859375
0 0.84140625 0.771875 0.0984375 0.1171875
0 0.75 0.6296875 0.1328125 0.0703125
0 0.48984375 0.05 0.1546875 0.090625
0 0.61015625 0.17578125 0.0671875 0.0578125
0 0.13984375 0.1328125 0.14375 0.11875
0 0.15234375 0.0328125 0.175 0.0640625
0 0.646875 0.96015625 0.1046875 0.075
0 0.2203125 0.45390625 0.1078125 0.065625
0 0.7671875 0.8453125 0.1265625 0.109375
0 0.06875 0.27109375 0.121875 0.0609375
0 0.603125 0.8203125 0.1109375 0.065625
0 0.325 0.628125 0.1296875 0.0796875
0 0.43125 0.93984375 0.1734375 0.11875
0 0.0296875 0.4890625 0.059375 0.096875
0 0.7640625 0.9328125 0.096875 0.0546875
0 0.671875 0.9046875 0.0921875 0.0453125
0 0.65703125 0.54296875 0.1625 0.134375
0 0.68203125 0.77890625 0.0734375 0.071875
0 0.92578125 0.965625 0.125 0.0640625
0 0.61171875 0.0734375 0.115625 0.103125
0 0.0421875 0.32578125 0.084375 0.08125
0 0.07265625 0.40390625 0.128125 0.053125
0 0.13828125 0.93671875 0.259375 0.125
0 0.78671875 0.071875 0.0984375 0.0734375
0 0.171875 0.653125 0.06875 0.0984375
0 0.28203125 0.46328125 0.0625 0.053125
0 0.83828125 0.62734375 0.1046875 0.05625