0 0.44375 0.07265625 0.2203125 0.1453125
0 0.228125 0.903125 0.2625 0.1921875
0 0.31875 0.19296875 0.3140625 0.171875
0 0.44296875 0.87578125 0.1765625 0.2203125
0 0.3625 0.35703125 0.259375 0.1609375
0 0.61015625 0.13125 0.2203125 0.215625
0 0.5453125 0.74921875 0.21875 0.153125
1 0.64453125 0.30859375 0.234375 0.13125
0 0.85859375 0.8171875 0.15 0.284375
0 0.33203125 0.59375 0.2109375 0.18125
0 0.8234375 0.54765625 0.184375 0.1546875
0 0.21171875 0.72578125 0.25625 0.1609375
0 0.53828125 0.62890625 0.125 0.075
0 0.6953125 0.60625 0.084375 0.1625
0 0.465625 0.5 0.1453125 0.0671875
0 0.7171875 0.44453125 0.11875 0.15
0 0.95234375 0.68046875 0.0953125 0.1859375
0 0.62734375 0.4640625 0.059375 0.103125
0 0.43515625 0.5671875 0.0671875 0.0890625
0 0.6265625 0.58203125 0.05625 0.115625
1 0.1953125 0.5921875 0.1046875 0.0703125
0 0.9 0.52265625 0.084375 0.2046875
0 0.35 0.73359375 0.0671875 0.109375