0 0.309375 0.36015625 0.28125 0.128125
0 0.8453125 0.7015625 0.2921875 0.1390625
1 0.55703125 0.1125 0.25 0.225
0 0.45234375 0.49296875 0.103125 0.1328125
1 0.66015625 0.296875 0.378125 0.15
1 0.55390625 0.8390625 0.1890625 0.1796875
1 0.7453125 0.8703125 0.203125 0.2296875
0 0.459375 0.61640625 0.090625 0.0984375
1 0.6625 0.5953125 0.128125 0.121875
1 0.3078125 0.22421875 0.3046875 0.1546875
1 0.4734375 0.6734375 0.20625 0.1015625
1 0.10390625 0.5078125 0.1421875 0.09375
1 0.08359375 0.6140625 0.146875 0.1140625
1 0.3140625 0.56171875 0.165625 0.09375
1 0.2703125 0.6046875 0.11875 0.109375
1 0.56875 0.39296875 0.18125 0.0703125
1 0.23671875 0.4671875 0.0875 0.0875