0 0.625 0.4703125 0.34375 0.15625
0 0.48828125 0.18984375 0.3078125 0.203125
0 0.42265625 0.10078125 0.15625 0.1
0 0.71484375 0.5671875 0.1984375 0.090625
0 0.86796875 0.7578125 0.2328125 0.2046875
0 0.33828125 0.56484375 0.2890625 0.3796875
0 0.9265625 0.58671875 0.146875 0.153125
0 0.490625 0.3671875 0.1609375 0.0859375
0 0.1046875 0.83984375 0.128125 0.1125
0 0.84296875 0.46171875 0.1484375 0.0765625
0 0.15859375 0.20625 0.3078125 0.2171875
0 0.38203125 0.3421875 0.103125 0.0640625
0 0.8921875 0.2953125 0.1015625 0.0546875
0 0.3578125 0.03671875 0.0875 0.0625
0 0.1859375 0.01484375 0.2 0.028125
0 0.89609375 0.2140625 0.1359375 0.0609375
0 0.43515625 0.81796875 0.29375 0.3640625
0 0.04609375 0.93828125 0.0921875 0.1203125