0 0.81328125 0.71015625 0.1625 0.0828125
0 0.40625 0.4109375 0.0796875 0.0828125
0 0.11171875 0.7140625 0.125 0.09375
0 0.2359375 0.69921875 0.146875 0.0703125
0 0.690625 0.7421875 0.178125 0.08125
0 0.91328125 0.478125 0.171875 0.159375
0 0.6015625 0.3453125 0.0703125 0.0640625
0 0.1484375 0.3203125 0.11875 0.040625
0 0.9609375 0.284375 0.0734375 0.075
0 0.06875 0.26328125 0.0859375 0.05625
0 0.89375 0.02890625 0.0875 0.0578125
0 0.28515625 0.784375 0.1359375 0.04375
0 0.39609375 0.61796875 0.090625 0.08125
0 0.88515625 0.825 0.065625 0.05625
0 0.5359375 0.42421875 0.05625 0.0734375
0 0.54296875 0.09765625 0.1296875 0.05625
0 0.20234375 0.203125 0.0796875 0.0640625
0 0.278125 0.528125 0.071875 0.0703125
0 0.95 0.08125 0.090625 0.0609375
0 0.43828125 0.771875 0.184375 0.1421875
0 0.7953125 0.9578125 0.090625 0.0828125
0 0.521875 0.62109375 0.1453125 0.1046875
0 0.609375 0.27265625 0.1078125 0.04375
0 0.9546875 0.17265625 0.078125 0.0578125
0 0.81171875 0.5859375 0.0890625 0.0546875
0 0.928125 0.65703125 0.1390625 0.0453125
0 0.71484375 0.0546875 0.1109375 0.04375
0 0.32109375 0.3546875 0.0484375 0.084375
0 0.621875 0.17890625 0.0703125 0.0359375
0 0.15234375 0.496875 0.1140625 0.0390625
0 0.68125 0.56015625 0.125 0.1140625
0 0.2328125 0.32421875 0.0890625 0.0546875
0 0.93515625 0.05 0.1125 0.0796875
0 0.42578125 0.48125 0.0671875 0.084375
0 0.228125 0.10703125 0.0640625 0.053125
0 0.36484375 0.27734375 0.1 0.04375
0 0.70703125 0.91640625 0.0640625 0.1171875
0 0.34921875 0.9046875 0.06875 0.1234375
0 0.6578125 0.6859375 0.0828125 0.05
0 0.03359375 0.56484375 0.0671875 0.05625
0 0.48515625 0.503125 0.0671875 0.0578125
0 0.35625 0.21015625 0.0921875 0.05625
0 0.27109375 0.23984375 0.090625 0.0609375
0 0.08515625 0.03828125 0.1703125 0.059375
0 0.21171875 0.2546875 0.0609375 0.053125