0 0.08203125 0.515625 0.1640625 0.1859375
0 0.4515625 0.8078125 0.2453125 0.228125
0 0.76875 0.76640625 0.3421875 0.1890625
0 0.19140625 0.3625 0.1203125 0.2171875
0 0.44296875 0.62109375 0.171875 0.109375
1 0.63203125 0.89296875 0.2390625 0.2140625
0 0.5578125 0.34296875 0.2109375 0.20625
0 0.621875 0.56328125 0.1578125 0.1203125
0 0.19765625 0.5921875 0.1171875 0.2015625
0 0.3078125 0.56328125 0.0984375 0.1609375
0 0.52265625 0.48359375 0.1265625 0.0859375
0 0.4125 0.39765625 0.1109375 0.1
0 0.315625 0.4046875 0.078125 0.1328125
1 0.4640625 0.13984375 0.0765625 0.203125
1 0.43828125 0.27421875 0.0703125 0.1109375