1 0.253125 0.08359375 0.1640625 0.1625
0 0.47109375 0.82578125 0.2140625 0.2671875
0 0.9171875 0.2 0.165625 0.2671875
0 0.1796875 0.3421875 0.125 0.2640625
0 0.6765625 0.471875 0.23125 0.240625
0 0.90625 0.82109375 0.1140625 0.178125
0 0.66015625 0.9359375 0.3671875 0.128125
0 0.52890625 0.22734375 0.196875 0.1828125
0 0.8484375 0.478125 0.128125 0.2234375
0 0.70390625 0.75 0.38125 0.309375
0 0.40390625 0.503125 0.0921875 0.0984375
0 0.0890625 0.40859375 0.1296875 0.14375
0 0.0921875 0.55625 0.1171875 0.1484375
0 0.14296875 0.76484375 0.1890625 0.1359375
0 0.9703125 0.765625 0.059375 0.1625
0 0.66953125 0.134375 0.1640625 0.1984375
0 0.3375 0.03046875 0.071875 0.0546875
0 0.41484375 0.0578125 0.1390625 0.1078125
0 0.11015625 0.88125 0.109375 0.1828125
0 0.39375 0.39453125 0.14375 0.1578125
0 0.3671875 0.69921875 0.246875 0.278125
0 0.56796875 0.61796875 0.08125 0.1109375