0 0.41328125 0.13125 0.3203125 0.2625
0 0.15625 0.60078125 0.16875 0.18125
0 0.0953125 0.49453125 0.178125 0.1640625
0 0.671875 0.73359375 0.071875 0.159375
0 0.3609375 0.39453125 0.3171875 0.24375
0 0.24296875 0.23828125 0.309375 0.3140625
0 0.70234375 0.321875 0.3046875 0.2390625
0 0.725 0.8390625 0.121875 0.10625
0 0.6140625 0.10859375 0.134375 0.2171875
0 0.16875 0.8671875 0.1765625 0.2203125
0 0.534375 0.8078125 0.1546875 0.190625
0 0.22265625 0.4953125 0.1046875 0.13125
0 0.34609375 0.62734375 0.1125 0.0875
0 0.859375 0.20078125 0.25625 0.1609375
0 0.3984375 0.76015625 0.1578125 0.090625
0 0.51484375 0.58828125 0.159375 0.1484375