0 0.7109375 0.70703125 0.0828125 0.090625
0 0.3359375 0.15078125 0.0859375 0.171875
0 0.828125 0.71171875 0.078125 0.08125
0 0.840625 0.896875 0.059375 0.0625
0 0.11328125 0.92734375 0.1578125 0.1453125
0 0.96328125 0.4421875 0.0734375 0.1125
0 0.59765625 0.67421875 0.1 0.059375
0 0.06875 0.1640625 0.1296875 0.10625
0 0.1671875 0.2390625 0.05625 0.1203125
0 0.934375 0.15078125 0.13125 0.1734375
0 0.84921875 0.6234375 0.0796875 0.09375
0 0.35 0.653125 0.0734375 0.184375
0 0.6375 0.35390625 0.175 0.10625
0 0.24765625 0.3796875 0.1 0.178125
0 0.31015625 0.415625 0.0875 0.0328125
0 0.16171875 0.02421875 0.0859375 0.040625
0 0.52890625 0.0875 0.05625 0.11875
0 0.3109375 0.278125 0.0609375 0.0734375
0 0.9 0.9109375 0.0578125 0.0640625
0 0.82421875 0.35234375 0.053125 0.0921875
0 0.52578125 0.42109375 0.071875 0.078125
0 0.97578125 0.859375 0.0484375 0.28125
0 0.68671875 0.140625 0.0453125 0.1203125
0 0.78359375 0.40625 0.0546875 0.0796875
0 0.378125 0.2125 0.05 0.0859375
0 0.78671875 0.996875 0.0640625 0.00625
0 0.1546875 0.35390625 0.059375 0.1046875
0 0.84921875 0.94765625 0.059375 0.059375
0 0.20859375 0.98671875 0.06875 0.0265625
0 0.43515625 0.58828125 0.0796875 0.075
0 0.05 0.0625 0.0984375 0.06875
0 0.68125 0.34375 0.103125 0.096875