0 0.05625 0.8171875 0.1125 0.0765625
0 0.78515625 0.55703125 0.1453125 0.0734375
0 0.2421875 0.7921875 0.14375 0.08125
0 0.14296875 0.275 0.1203125 0.053125
0 0.75234375 0.85390625 0.2109375 0.1
0 0.91640625 0.66796875 0.165625 0.1328125
0 0.678125 0.1390625 0.121875 0.0546875
0 0.23515625 0.925 0.1640625 0.1203125
0 0.740625 0.7078125 0.14375 0.125
0 0.61796875 0.33359375 0.171875 0.1140625
0 0.25 0.4421875 0.29375 0.0859375
0 0.08671875 0.15703125 0.1171875 0.0796875
0 0.54140625 0.50234375 0.2578125 0.078125
0 0.275 0.06640625 0.103125 0.0703125
0 0.20390625 0.56484375 0.24375 0.1921875
0 0.03828125 0.70234375 0.0765625 0.1328125
0 0.68515625 0.03203125 0.153125 0.04375
0 0.79921875 0.4453125 0.11875 0.04375
0 0.90390625 0.903125 0.0984375 0.05625
0 0.64609375 0.94921875 0.2265625 0.1015625
0 0.38515625 0.3390625 0.0984375 0.1140625
0 0.875 0.33671875 0.1578125 0.0765625
0 0.375 0.92109375 0.134375 0.0890625
0 0.39609375 0.61015625 0.125 0.08125
0 0.77109375 0.39375 0.153125 0.053125
0 0.95703125 0.578125 0.0796875 0.0515625
0 0.6171875 0.05703125 0.1 0.0359375
0 0.07890625 0.95 0.096875 0.065625
0 0.45234375 0.21484375 0.053125 0.0609375
0 0.96796875 0.45859375 0.0640625 0.0453125
0 0.5109375 0.23203125 0.0515625 0.071875
0 0.90625 0.3703125 0.0984375 0.0546875
0 0.3671875 0.17421875 0.0703125 0.05625
0 0.865625 0.06484375 0.0578125 0.0640625
0 0.98125 0.19140625 0.0359375 0.153125
0 0.46328125 0.3140625 0.06875 0.0671875
0 0.85625 0.97734375 0.1609375 0.04375
0 0.57578125 0.86875 0.125 0.065625
0 0.97890625 0.39296875 0.0296875 0.0796875