1 0.14375 0.83046875 0.2234375 0.2734375
0 0.74140625 0.91875 0.171875 0.1625
0 0.49375 0.22578125 0.2703125 0.3875
1 0.92265625 0.91171875 0.1546875 0.1765625
0 0.74609375 0.66484375 0.1640625 0.2484375
0 0.47265625 0.825 0.1453125 0.228125
0 0.234375 0.61640625 0.23125 0.2921875
0 0.70546875 0.4453125 0.2796875 0.2359375
0 0.31484375 0.88046875 0.2203125 0.2390625
0 0.440625 0.471875 0.2546875 0.178125
0 0.5734375 0.73515625 0.125 0.1921875
0 0.4171875 0.6296875 0.0953125 0.1734375
0 0.61796875 0.61328125 0.1453125 0.1390625
0 0.6359375 0.83515625 0.1609375 0.1921875
0 0.5140625 0.59375 0.0765625 0.1125