1 0.39140625 0.51875 0.103125 0.0765625
0 0.15546875 0.85234375 0.278125 0.2140625
0 0.79609375 0.17265625 0.2296875 0.2953125
0 0.8453125 0.390625 0.28125 0.159375
0 0.72421875 0.503125 0.1734375 0.140625
0 0.5765625 0.2859375 0.2796875 0.221875
0 0.7875 0.7625 0.190625 0.1921875
0 0.3796875 0.875 0.1828125 0.2375
0 0.61875 0.70859375 0.15 0.109375
0 0.525 0.76171875 0.203125 0.19375
0 0.28359375 0.6328125 0.259375 0.2203125
0 0.49140625 0.41953125 0.3203125 0.1625
0 0.753125 0.6171875 0.1296875 0.1109375
0 0.59609375 0.553125 0.0671875 0.1078125
0 0.5953125 0.640625 0.1046875 0.0546875
1 0.86015625 0.6421875 0.0875 0.1296875
1 0.34609375 0.4 0.115625 0.10625