0 0.84140625 0.47734375 0.3171875 0.253125
0 0.36640625 0.95546875 0.353125 0.0890625
0 0.16484375 0.48515625 0.3046875 0.23125
0 0.63359375 0.89609375 0.3 0.2078125
0 0.6421875 0.65546875 0.35625 0.2203125
0 0.23671875 0.80078125 0.31875 0.2609375
0 0.52578125 0.13515625 0.178125 0.1875
0 0.1671875 0.221875 0.3265625 0.2328125
0 0.5671875 0.45859375 0.2328125 0.1296875
0 0.3546875 0.28203125 0.1796875 0.1046875
0 0.275 0.3921875 0.2421875 0.15
0 0.3265625 0.084375 0.2578125 0.1375
0 0.8921875 0.12890625 0.1796875 0.134375
0 0.85234375 0.6453125 0.290625 0.1625
0 0.396875 0.625 0.15 0.1203125
0 0.21015625 0.61328125 0.1328125 0.084375
0 0.7859375 0.93125 0.20625 0.1375
0 0.5140625 0.771875 0.090625 0.0828125
0 0.44296875 0.51875 0.121875 0.08125