0 0.44296875 0.23828125 0.18125 0.2546875
0 0.28671875 0.26640625 0.171875 0.1734375
0 0.17421875 0.50703125 0.2203125 0.1953125
0 0.33203125 0.034375 0.1625 0.06875
0 0.309375 0.115625 0.15625 0.1328125
0 0.64609375 0.29609375 0.10625 0.25
0 0.73046875 0.76796875 0.209375 0.21875
0 0.103125 0.0359375 0.20625 0.071875
0 0.62890625 0.73046875 0.1359375 0.2625
0 0.61640625 0.925 0.08125 0.140625
0 0.52265625 0.65078125 0.14375 0.146875
0 0.85703125 0.44921875 0.11875 0.11875
0 0.42265625 0.47265625 0.240625 0.209375
0 0.8109375 0.04921875 0.0828125 0.06875
0 0.5296875 0.853125 0.090625 0.121875
0 0.9828125 0.42421875 0.034375 0.171875
0 0.94921875 0.778125 0.0734375 0.1390625
0 0.1171875 0.11328125 0.228125 0.1765625
0 0.7390625 0.04140625 0.0546875 0.0828125
0 0.54296875 0.72734375 0.1953125 0.1234375