0 0.0859375 0.29609375 0.171875 0.1453125
0 0.23984375 0.75859375 0.196875 0.24375
0 0.7828125 0.584375 0.3203125 0.2234375
0 0.39375 0.11484375 0.184375 0.16875
0 0.5734375 0.6921875 0.1671875 0.2734375
0 0.4421875 0.25 0.184375 0.1234375
0 0.64453125 0.425 0.1859375 0.2015625
1 0.0828125 0.8578125 0.165625 0.25625
1 0.44375 0.609375 0.121875 0.1828125
1 0.15625 0.14140625 0.14375 0.1796875
0 0.071875 0.6671875 0.14375 0.18125
0 0.38046875 0.3515625 0.1140625 0.1109375
0 0.5078125 0.35078125 0.1484375 0.278125
0 0.30078125 0.62265625 0.209375 0.1546875
0 0.12578125 0.52421875 0.18125 0.1453125
0 0.27265625 0.24609375 0.15 0.215625
0 0.13515625 0.43203125 0.1390625 0.1390625
0 0.315625 0.44765625 0.125 0.0765625