0 0.82578125 0.43671875 0.3453125 0.2765625
0 0.5953125 0.19296875 0.2234375 0.3109375
1 0.10390625 0.4828125 0.1921875 0.1859375
0 0.44296875 0.63203125 0.128125 0.2296875
0 0.60625 0.5203125 0.1359375 0.234375
0 0.3453125 0.6 0.1171875 0.1875
0 0.4796875 0.325 0.1859375 0.1875
0 0.34453125 0.3984375 0.1203125 0.2
1 0.2390625 0.5953125 0.109375 0.153125
1 0.55703125 0.89375 0.225 0.2125
1 0.57109375 0.65390625 0.140625 0.1359375
1 0.76640625 0.20390625 0.175 0.190625
1 0.29453125 0.25234375 0.1796875 0.13125
1 0.409375 0.75546875 0.1421875 0.1109375
1 0.2671875 0.45078125 0.0703125 0.1171875