0 0.19296875 0.24296875 0.21875 0.1796875
0 0.47734375 0.790625 0.3015625 0.2109375
1 0.8921875 0.465625 0.1671875 0.1859375
0 0.728125 0.5125 0.1828125 0.265625
0 0.265625 0.5046875 0.24375 0.1921875
0 0.63515625 0.2546875 0.1359375 0.20625
0 0.8015625 0.2859375 0.171875 0.2046875
0 0.5734375 0.46640625 0.2 0.2203125
1 0.24140625 0.8703125 0.2328125 0.2140625
1 0.18046875 0.68046875 0.28125 0.1890625
0 0.2796875 0.36796875 0.1140625 0.1296875
0 0.48046875 0.61171875 0.2140625 0.1375
0 0.34765625 0.22421875 0.0921875 0.1453125
1 0.4546875 0.14140625 0.121875 0.1203125
1 0.315625 0.06171875 0.1203125 0.08125
1 0.49140625 0.19921875 0.109375 0.084375
1 0.703125 0.33671875 0.0671875 0.10625
1 0.3296875 0.13828125 0.065625 0.0640625