1 0.88359375 0.7921875 0.19375 0.21875
1 0.71171875 0.8140625 0.153125 0.35
1 0.846875 0.54921875 0.1875 0.1984375
0 0.603125 0.6453125 0.1890625 0.228125
0 0.1703125 0.31875 0.31875 0.2953125
0 0.49375 0.26484375 0.1078125 0.228125
0 0.36015625 0.20078125 0.16875 0.3125
0 0.45859375 0.56640625 0.146875 0.3203125
0 0.29609375 0.55703125 0.2453125 0.3421875
0 0.61484375 0.19140625 0.1 0.221875
0 0.5890625 0.3109375 0.0796875 0.0640625
0 0.5953125 0.4453125 0.065625 0.1765625
0 0.740625 0.14453125 0.1765625 0.2578125
0 0.76015625 0.4265625 0.1140625 0.271875
0 0.640625 0.38984375 0.0609375 0.1171875
0 0.70390625 0.365625 0.1125 0.1796875
1 0.65703125 0.0984375 0.08125 0.15