0 0.82109375 0.8734375 0.21875 0.14375
0 0.4671875 0.1171875 0.1984375 0.1953125
1 0.15 0.78046875 0.234375 0.140625
0 0.63125 0.21953125 0.2359375 0.159375
0 0.37265625 0.246875 0.24375 0.140625
0 0.33984375 0.8625 0.1484375 0.221875
0 0.3828125 0.371875 0.2375 0.125
0 0.8140625 0.48671875 0.1328125 0.134375
0 0.25078125 0.64296875 0.2125 0.15625
0 0.83125 0.74296875 0.228125 0.11875
1 0.89140625 0.59296875 0.1734375 0.103125
0 0.65390625 0.3734375 0.2640625 0.13125
0 0.71796875 0.47890625 0.1203125 0.1203125
0 0.6453125 0.875 0.1546875 0.1984375
0 0.59921875 0.459375 0.1265625 0.0703125
0 0.69453125 0.6296875 0.15 0.128125
0 0.34296875 0.5328125 0.08125 0.1359375
0 0.39765625 0.6640625 0.0890625 0.125
0 0.4671875 0.45390625 0.10625 0.075
0 0.521875 0.76640625 0.2109375 0.1390625
0 0.52265625 0.6734375 0.1203125 0.071875
0 0.4203125 0.5390625 0.0515625 0.1046875
0 0.678125 0.709375 0.0703125 0.0453125