0 0.1828125 0.08125 0.334375 0.1625
0 0.60234375 0.1453125 0.228125 0.1640625
0 0.14296875 0.44296875 0.1984375 0.1015625
0 0.13515625 0.2828125 0.2703125 0.1984375
0 0.084375 0.59765625 0.1515625 0.0828125
0 0.7796875 0.3421875 0.271875 0.2015625
1 0.63828125 0.73046875 0.271875 0.2703125
0 0.3546875 0.58125 0.2765625 0.2234375
0 0.04140625 0.70625 0.0828125 0.1359375
0 0.79375 0.05546875 0.16875 0.1109375
1 0.43828125 0.39296875 0.275 0.2734375
0 0.9671875 0.10078125 0.065625 0.0734375
0 0.81484375 0.9328125 0.103125 0.0609375
0 0.39453125 0.97421875 0.0828125 0.0515625
0 0.52109375 0.0125 0.178125 0.025
0 0.040625 0.53984375 0.08125 0.0640625