0 0.6203125 0.70234375 0.1546875 0.103125
0 0.41328125 0.7421875 0.2125 0.1109375
0 0.11484375 0.82109375 0.1328125 0.1140625
0 0.21328125 0.50625 0.1765625 0.0859375
0 0.225 0.659375 0.259375 0.2
0 0.48671875 0.221875 0.103125 0.065625
0 0.7890625 0.0796875 0.090625 0.046875
0 0.39609375 0.2796875 0.0828125 0.059375
0 0.68515625 0.92421875 0.184375 0.15
0 0.70234375 0.31328125 0.121875 0.0859375
0 0.75390625 0.40078125 0.15625 0.0578125
0 0.78828125 0.765625 0.1125 0.05625
0 0.29765625 0.20390625 0.1046875 0.04375
0 0.6609375 0.5703125 0.0921875 0.103125
0 0.4140625 0.11875 0.1046875 0.065625
0 0.04296875 0.45 0.0859375 0.103125
0 0.603125 0.3234375 0.103125 0.053125
0 0.4453125 0.17890625 0.0984375 0.06875
0 0.9046875 0.0234375 0.08125 0.046875
0 0.58359375 0.778125 0.0796875 0.053125
0 0.52734375 0.64609375 0.103125 0.05625
0 0.496875 0.5890625 0.1078125 0.0625
0 0.04140625 0.03984375 0.0828125 0.0734375
0 0.80234375 0.20390625 0.11875 0.053125
0 0.19921875 0.2203125 0.134375 0.053125
0 0.61015625 0.93203125 0.1296875 0.1328125
0 0.7828125 0.87421875 0.1078125 0.16875
0 0.09375 0.14375 0.115625 0.165625
0 0.615625 0.04375 0.125 0.065625
0 0.21171875 0.80078125 0.0859375 0.05625
0 0.0203125 0.94140625 0.040625 0.1171875