0 0.32109375 0.6859375 0.0859375 0.078125
0 0.85625 0.3390625 0.165625 0.078125
0 0.3203125 0.80078125 0.0765625 0.075
0 0.13828125 0.80703125 0.0609375 0.05625
0 0.07578125 0.0828125 0.1515625 0.15625
0 0.59140625 0.95078125 0.1078125 0.08125
0 0.34921875 0.57578125 0.05625 0.096875
0 0.83515625 0.06875 0.0984375 0.1375
0 0.76328125 0.16875 0.115625 0.0515625
0 0.87734375 0.93203125 0.165625 0.1296875
0 0.4078125 0.82578125 0.090625 0.075
0 0.3609375 0.3328125 0.1796875 0.0640625
0 0.66640625 0.628125 0.0984375 0.16875
0 0.62734375 0.24296875 0.171875 0.090625
0 0.59375 0.303125 0.0296875 0.0859375
0 0.975 0.171875 0.0359375 0.0828125
0 0.925 0.53125 0.115625 0.0515625
0 0.72890625 0.30859375 0.0703125 0.0578125
0 0.12578125 0.8640625 0.0609375 0.0546875
0 0.67421875 0.81171875 0.090625 0.0484375
0 0.59609375 0.51484375 0.075 0.06875
0 0.15859375 0.96171875 0.3171875 0.0765625
0 0.878125 0.68515625 0.1171875 0.040625
0 0.61875 0.7703125 0.0765625 0.0515625
0 0.796875 0.378125 0.084375 0.046875
0 0.0203125 0.74921875 0.040625 0.0625
0 0.64921875 0.15234375 0.1015625 0.0546875
0 0.08828125 0.81328125 0.0578125 0.05625
0 0.0203125 0.1796875 0.0390625 0.065625
0 0.428125 0.41875 0.071875 0.075
0 0.9328125 0.05390625 0.065625 0.1078125
0 0.678125 0.67109375 0.0921875 0.0984375