0 0.553125 0.86796875 0.2578125 0.2640625
0 0.72734375 0.7125 0.378125 0.175
0 0.52578125 0.1734375 0.278125 0.2234375
0 0.34765625 0.73359375 0.33125 0.15
0 0.64375 0.4296875 0.2171875 0.196875
0 0.4125 0.28125 0.2828125 0.1515625
0 0.80546875 0.31953125 0.321875 0.1921875
0 0.3765625 0.42265625 0.1015625 0.1328125
0 0.38125 0.56171875 0.1078125 0.134375
0 0.19140625 0.509375 0.3265625 0.1828125
0 0.1734375 0.36640625 0.1328125 0.1375
0 0.62109375 0.59140625 0.2109375 0.084375
1 0.80859375 0.115625 0.2609375 0.2078125
0 0.5140625 0.53515625 0.125 0.08125