1 0.82421875 0.25546875 0.3265625 0.30625
0 0.60625 0.1875 0.2140625 0.375
0 0.69453125 0.4875 0.2671875 0.2546875
0 0.16875 0.196875 0.1765625 0.321875
0 0.09453125 0.5015625 0.1890625 0.2671875
0 0.496875 0.57578125 0.1703125 0.3078125
0 0.45 0.28203125 0.18125 0.28125
0 0.18359375 0.6671875 0.1734375 0.1546875
0 0.21875 0.50625 0.0984375 0.1796875
0 0.06640625 0.28125 0.1328125 0.28125
0 0.371875 0.609375 0.15625 0.2265625
0 0.359375 0.79921875 0.1671875 0.14375
1 0.2796875 0.9296875 0.121875 0.1078125
0 0.1765625 0.83203125 0.1734375 0.140625
0 0.2578125 0.3234375 0.10625 0.175
0 0.34609375 0.28125 0.0828125 0.0921875
0 0.3265625 0.67265625 0.0765625 0.0859375
1 0.28359375 0.18984375 0.0796875 0.1265625