0 0.0953125 0.48203125 0.1703125 0.1828125
1 0.065625 0.31875 0.1296875 0.225
0 0.19921875 0.890625 0.2390625 0.21875
0 0.13515625 0.70625 0.2609375 0.171875
0 0.43671875 0.2828125 0.1765625 0.2828125
0 0.38125 0.64609375 0.175 0.1046875
0 0.36953125 0.80859375 0.2171875 0.2125
0 0.19921875 0.37734375 0.2046875 0.275
0 0.24765625 0.19375 0.0984375 0.178125
0 0.63359375 0.23046875 0.1859375 0.3890625
0 0.6390625 0.6484375 0.1796875 0.3359375
1 0.85625 0.45703125 0.246875 0.1765625
0 0.240625 0.58984375 0.1359375 0.121875