0 0.459375 0.35859375 0.3 0.709375
0 0.8 0.91875 0.1375 0.1625
0 0.0453125 0.5171875 0.090625 0.1421875
0 0.31328125 0.17734375 0.278125 0.35
0 0.4234375 0.87109375 0.153125 0.2578125
0 0.0390625 0.97421875 0.078125 0.0515625
0 0.6578125 0.8640625 0.190625 0.1359375
0 0.94453125 0.23125 0.1109375 0.4421875
0 0.3109375 0.89765625 0.1015625 0.2046875
0 0.91875 0.93125 0.13125 0.1375
0 0.93515625 0.58125 0.1 0.15625
0 0.12578125 0.265625 0.11875 0.1359375
0 0.9734375 0.74609375 0.0296875 0.08125
0 0.0765625 0.03046875 0.153125 0.0609375