0 0.05625 0.578125 0.1125 0.1953125
0 0.0421875 0.36328125 0.0796875 0.109375
0 0.0390625 0.1453125 0.078125 0.115625
0 0.68984375 0.8421875 0.0859375 0.2015625
0 0.30703125 0.303125 0.221875 0.1859375
0 0.6078125 0.63671875 0.1375 0.128125
0 0.5359375 0.0578125 0.1390625 0.10625
0 0.7640625 0.47890625 0.071875 0.153125
0 0.84921875 0.90390625 0.0640625 0.071875
0 0.55703125 0.41484375 0.1453125 0.165625
0 0.25625 0.121875 0.09375 0.084375
0 0.51328125 0.16171875 0.0796875 0.190625
0 0.83203125 0.0953125 0.1359375 0.0859375
0 0.515625 0.59921875 0.078125 0.153125
0 0.578125 0.2734375 0.0734375 0.071875
0 0.9453125 0.35625 0.109375 0.325
0 0.11015625 0.2359375 0.0609375 0.0875
0 0.15390625 0.14921875 0.1078125 0.0796875
0 0.896875 0.95 0.0515625 0.0921875
0 0.4609375 0.2546875 0.05625 0.0859375
0 0.7203125 0.62578125 0.065625 0.125
0 0.7328125 0.2171875 0.0703125 0.096875
0 0.09375 0.028125 0.0796875 0.0546875
0 0.78984375 0.78515625 0.0609375 0.1703125
0 0.90390625 0.6796875 0.046875 0.0765625
0 0.8953125 0.47890625 0.103125 0.10625
0 0.97890625 0.79375 0.028125 0.1078125
0 0.4671875 0.46640625 0.075 0.175
0 0.30703125 0.79921875 0.046875 0.0484375
0 0.59296875 0.74609375 0.0828125 0.1453125