0 0.3171875 0.1984375 0.215625 0.3859375
0 0.521875 0.3265625 0.2 0.3390625
0 0.81796875 0.6078125 0.3140625 0.34375
0 0.72265625 0.2546875 0.1703125 0.246875
0 0.4140625 0.6078125 0.0875 0.165625
0 0.0796875 0.55546875 0.159375 0.2
0 0.8828125 0.08984375 0.234375 0.14375
0 0.4171875 0.43359375 0.0921875 0.1515625
0 0.0859375 0.15 0.171875 0.2984375
0 0.48515625 0.76953125 0.2234375 0.3515625
0 0.3453125 0.60078125 0.0640625 0.121875
0 0.5 0.02265625 0.134375 0.025
0 0.18046875 0.73125 0.259375 0.315625
0 0.67578125 0.03984375 0.1234375 0.0515625
0 0.4 0.04921875 0.14375 0.0828125
0 0.65859375 0.92734375 0.0875 0.08125
0 0.24453125 0.39375 0.0765625 0.1296875
0 0.6125 0.5140625 0.065625 0.1078125
0 0.578125 0.98125 0.1234375 0.0375
0 0.18984375 0.35625 0.0609375 0.096875