1 0.19453125 0.1453125 0.3890625 0.2875
0 0.6890625 0.91015625 0.3265625 0.1796875
0 0.8125 0.7640625 0.284375 0.20625
1 0.94375 0.34609375 0.0828125 0.15
0 0.48125 0.80234375 0.34375 0.2390625
0 0.6046875 0.415625 0.2203125 0.1578125
0 0.81484375 0.28984375 0.31875 0.35
0 0.56953125 0.61640625 0.203125 0.134375
1 0.26328125 0.4171875 0.225 0.2609375
0 0.73671875 0.60859375 0.1515625 0.1328125
0 0.80078125 0.509375 0.215625 0.1328125
1 0.58125 0.2171875 0.2484375 0.253125
1 0.475 0.43359375 0.171875 0.209375
1 0.86875 0.45234375 0.1375 0.0984375
1 0.4109375 0.40078125 0.10625 0.175