0 0.24375 0.66171875 0.165625 0.146875
0 0.38515625 0.30859375 0.175 0.090625
0 0.17421875 0.52890625 0.2046875 0.1171875
0 0.03828125 0.34609375 0.0765625 0.090625
0 0.2171875 0.29921875 0.19375 0.096875
0 0.37578125 0.1671875 0.0671875 0.0609375
0 0.47265625 0.19609375 0.0578125 0.06875
0 0.953125 0.62421875 0.0859375 0.05625
0 0.4578125 0.37265625 0.0921875 0.0578125
0 0.525 0.54140625 0.125 0.146875
0 0.91875 0.6765625 0.0609375 0.0703125
0 0.85390625 0.57890625 0.078125 0.0546875
0 0.66171875 0.6171875 0.0578125 0.053125
0 0.5859375 0.32421875 0.0828125 0.0578125
0 0.20234375 0.028125 0.0921875 0.0515625
0 0.36796875 0.0953125 0.078125 0.0703125
0 0.63203125 0.5796875 0.05 0.0734375
0 0.79375 0.5046875 0.0671875 0.05
0 0.83984375 0.11875 0.0640625 0.065625
0 0.396875 0.46015625 0.1046875 0.05625
0 0.69375 0.553125 0.0640625 0.053125
0 0.50390625 0.25390625 0.0640625 0.05625
0 0.31796875 0.2390625 0.0671875 0.05625
0 0.79609375 0.4453125 0.06875 0.053125
0 0.38671875 0.55078125 0.09375 0.06875
0 0.3890625 0.23515625 0.0515625 0.0609375
0 0.57734375 0.41328125 0.0703125 0.0578125
0 0.8109375 0.54765625 0.06875 0.046875
0 0.03515625 0.22734375 0.0703125 0.053125
0 0.55625 0.2046875 0.059375 0.05625
0 0.87578125 0.38203125 0.071875 0.065625
0 0.4609375 0.1109375 0.0703125 0.05625